6_Funeral_Funeral_6_252
28
658 145 127 150 0.874
807 213 60 83 0.832
980 283 44 71 0.830
27 277 58 69 0.825
923 250 55 67 0.820
162 248 57 63 0.819
54 203 50 63 0.808
98 156 44 59 0.801
174 147 46 59 0.800
352 189 110 137 0.796
980 205 44 63 0.787
878 205 55 68 0.786
39 134 39 55 0.777
0 129 40 58 0.771
206 184 51 63 0.760
233 232 47 65 0.755
728 289 67 83 0.732
545 181 37 49 0.637
893 175 40 49 0.351
583 189 49 63 0.321
733 206 65 80 0.235
752 226 45 58 0.157
2 249 41 52 0.111
933 220 39 49 0.074
448 172 52 70 0.071
465 179 46 59 0.041
650 0 36 44 0.037
0 178 21 45 0.031
