6_Funeral_Funeral_6_109
47
121 214 32 41 0.830
422 236 25 29 0.825
193 212 33 40 0.821
718 294 22 27 0.816
387 310 28 35 0.813
660 297 20 24 0.804
697 245 18 24 0.791
353 226 26 31 0.790
453 300 24 28 0.784
587 225 22 27 0.779
571 323 23 28 0.779
594 301 24 29 0.776
369 203 21 29 0.774
411 204 21 24 0.773
520 231 21 26 0.771
303 227 26 31 0.769
248 220 27 35 0.766
778 228 18 21 0.763
617 219 19 23 0.763
914 219 21 26 0.761
459 224 23 29 0.761
802 251 20 23 0.759
646 216 21 26 0.758
881 236 17 21 0.758
302 196 22 27 0.743
740 250 18 22 0.731
548 220 18 22 0.725
569 211 18 21 0.719
488 215 18 20 0.675
716 251 17 20 0.638
272 226 22 28 0.637
499 230 18 25 0.636
835 241 19 20 0.568
983 217 16 17 0.460
491 220 20 24 0.338
491 233 23 27 0.262
562 240 17 21 0.253
723 250 21 22 0.207
709 236 13 16 0.203
487 242 20 25 0.163
861 257 13 16 0.150
837 244 23 21 0.108
331 224 20 27 0.081
670 234 15 20 0.080
672 234 22 22 0.044
564 236 17 21 0.038
329 237 19 27 0.027
