6_Funeral_Funeral_6_531
63
135 323 19 24 0.762
81 332 20 25 0.751
45 336 20 25 0.737
164 319 16 20 0.689
413 263 11 14 0.657
229 326 14 19 0.646
353 277 11 14 0.640
384 267 12 14 0.626
322 278 13 17 0.521
336 278 12 16 0.517
196 314 13 17 0.514
435 253 9 12 0.495
262 291 13 16 0.476
524 232 9 12 0.441
459 258 9 12 0.440
538 232 10 13 0.396
479 242 9 10 0.387
447 249 9 11 0.328
290 297 11 15 0.257
222 307 12 15 0.226
116 324 11 18 0.220
511 228 9 11 0.211
257 294 15 18 0.194
247 307 13 16 0.194
272 285 11 13 0.176
485 260 9 11 0.169
512 245 10 13 0.139
485 249 12 16 0.134
390 264 22 14 0.118
402 260 10 12 0.115
1 327 15 20 0.114
327 278 24 16 0.112
349 275 33 15 0.103
584 234 9 9 0.103
381 267 37 14 0.101
520 231 22 14 0.087
291 301 11 14 0.085
275 285 20 15 0.083
904 250 9 11 0.072
455 256 16 16 0.072
487 249 18 12 0.068
284 288 13 17 0.064
179 318 17 16 0.064
106 330 10 16 0.061
246 289 12 16 0.061
556 223 9 12 0.053
508 235 11 15 0.051
927 262 10 12 0.048
959 252 9 10 0.038
517 245 8 13 0.035
415 258 13 15 0.030
887 246 10 11 0.029
953 249 12 13 0.029
156 318 14 16 0.026
161 316 17 17 0.026
317 280 14 16 0.025
970 246 13 14 0.024
434 245 11 14 0.023
591 228 13 11 0.023
926 264 9 11 0.022
604 245 8 10 0.021
548 260 8 10 0.021
550 259 10 12 0.020
