6_Funeral_Funeral_6_760
28
208 124 103 131 0.820
666 359 26 33 0.677
962 160 16 19 0.664
414 321 23 28 0.568
755 158 19 28 0.537
673 427 18 23 0.526
576 354 10 13 0.489
925 166 11 13 0.394
631 154 22 27 0.331
865 328 11 14 0.272
603 354 10 12 0.207
652 368 13 17 0.100
882 161 13 14 0.068
597 351 14 15 0.059
916 147 13 13 0.057
561 352 10 12 0.051
632 144 23 27 0.045
605 357 10 11 0.040
772 299 12 13 0.037
587 358 19 12 0.035
904 156 13 14 0.032
580 354 38 15 0.029
673 309 9 10 0.029
907 151 13 17 0.028
760 388 13 18 0.027
604 344 10 13 0.027
849 152 26 29 0.020
901 177 11 14 0.020
