6_Funeral_Funeral_6_759
79
652 183 37 49 0.857
109 270 41 54 0.841
899 285 39 53 0.838
71 167 35 46 0.836
268 162 35 47 0.835
381 118 32 38 0.833
692 50 30 40 0.829
566 12 30 38 0.826
959 217 32 40 0.825
337 178 31 41 0.824
497 259 41 47 0.823
364 54 30 41 0.822
124 11 32 42 0.822
327 93 30 36 0.820
716 138 33 38 0.819
170 67 31 43 0.819
743 350 34 42 0.818
451 3 29 31 0.817
949 146 35 43 0.815
797 100 30 36 0.813
195 1 30 37 0.813
17 93 31 40 0.809
128 93 30 40 0.808
727 64 35 39 0.808
603 81 31 38 0.807
850 272 29 38 0.805
683 10 31 38 0.803
778 213 33 42 0.802
317 272 41 51 0.801
656 134 32 40 0.800
462 94 31 37 0.796
316 0 29 33 0.793
802 28 28 37 0.792
497 30 31 39 0.791
95 76 32 35 0.791
909 44 33 40 0.787
634 24 28 36 0.784
443 160 35 46 0.783
262 114 34 39 0.778
384 17 29 33 0.774
965 96 26 37 0.768
866 119 35 42 0.768
201 160 29 38 0.764
435 71 30 41 0.757
46 145 30 40 0.737
956 62 25 34 0.692
364 11 23 31 0.683
205 92 26 31 0.666
782 11 30 39 0.662
661 98 29 37 0.653
60 309 31 39 0.633
181 157 29 33 0.628
549 176 34 37 0.584
250 85 30 35 0.581
235 64 30 40 0.502
275 63 24 31 0.477
276 301 35 43 0.466
876 93 29 36 0.445
975 332 37 39 0.442
542 47 30 38 0.343
632 4 28 31 0.330
889 1 30 22 0.323
916 0 28 14 0.318
771 17 25 34 0.240
225 10 23 31 0.204
497 4 31 31 0.143
650 0 23 19 0.108
193 84 38 32 0.075
48 133 32 38 0.074
510 3 34 33 0.068
373 11 27 36 0.065
270 49 24 29 0.064
429 145 26 36 0.055
493 6 21 27 0.037
231 55 30 38 0.034
924 0 28 19 0.023
853 0 26 7 0.023
879 85 28 33 0.023
524 6 24 28 0.021
