32_Worker_Laborer_Worker_Laborer_32_516
37
50 26 69 88 0.857
965 54 59 81 0.855
757 100 41 52 0.848
297 118 44 55 0.835
257 111 34 43 0.826
419 123 30 36 0.819
765 331 57 50 0.802
520 99 39 48 0.793
845 119 30 32 0.792
280 313 43 43 0.786
674 320 45 42 0.781
881 144 34 42 0.770
345 308 47 46 0.769
576 354 39 38 0.757
481 341 35 36 0.755
370 148 17 21 0.749
227 129 27 33 0.736
677 158 20 26 0.651
730 141 24 31 0.631
594 127 23 27 0.368
211 148 16 21 0.327
595 123 18 22 0.101
505 118 19 27 0.091
212 140 20 24 0.085
187 139 17 23 0.067
551 115 22 32 0.063
506 108 36 39 0.063
557 120 21 24 0.062
211 153 16 24 0.062
599 125 27 34 0.060
502 126 17 20 0.042
366 138 16 21 0.041
364 133 12 17 0.037
109 92 24 30 0.032
714 96 25 29 0.027
566 121 17 21 0.025
213 161 15 21 0.021
