42_Car_Racing_Car_Racing_42_602
38
959 228 17 21 0.649
814 175 14 16 0.371
122 166 12 14 0.342
233 175 12 14 0.258
771 180 14 15 0.179
82 175 13 13 0.146
124 167 14 15 0.117
131 171 12 15 0.113
37 161 11 16 0.111
306 175 9 10 0.098
97 174 11 12 0.086
1018 179 6 13 0.081
702 128 34 36 0.080
177 170 12 13 0.080
136 175 11 14 0.076
966 175 13 14 0.071
908 178 9 10 0.065
893 179 12 11 0.063
90 173 12 14 0.059
998 231 13 20 0.055
217 176 11 12 0.054
849 173 10 12 0.049
298 171 11 12 0.046
820 175 14 16 0.044
653 124 27 28 0.041
150 172 10 11 0.040
80 191 11 13 0.039
898 171 10 15 0.038
136 171 19 14 0.037
908 170 9 18 0.037
176 174 10 13 0.033
910 165 9 9 0.032
252 185 11 12 0.029
988 230 18 19 0.028
776 180 14 16 0.027
879 183 10 12 0.025
251 189 9 12 0.024
138 186 11 14 0.021
