    21/249      5.8G   0.04824   0.02554         0   0.01119   0.08498        32       800    0.4281    0.6866    0.6541    0.3028    0.0448   0.03011         0
    22/249      5.8G   0.04818   0.02592         0   0.01108   0.08519        22       800     0.427      0.68     0.646    0.2945   0.04525   0.03028         0
    23/249     6.15G   0.04833   0.02535         0   0.01101   0.08469        31       800    0.4176    0.6776    0.6433     0.293   0.04519   0.03019         0
    24/249     6.15G   0.04756   0.02509         0   0.01091   0.08356         8       800    0.4403    0.6727    0.6442    0.2936   0.04522   0.03017         0
    25/249     6.15G   0.04823   0.02605         0   0.01091   0.08519        49       800    0.4749    0.6679    0.6444    0.2942   0.04505   0.02992         0
    26/249     6.15G   0.04746   0.02505         0   0.01079    0.0833         1       800     0.446    0.6825     0.653    0.2972   0.04463   0.03003         0
    27/249     6.15G   0.04732   0.02548         0   0.01055   0.08335        43       800    0.4527    0.6835     0.656    0.3003   0.04454   0.02988         0
    28/249     6.15G   0.04678   0.02535         0   0.01056    0.0827        19       800    0.4725     0.683    0.6598    0.3037   0.04426   0.02965         0
    29/249     6.15G   0.04741   0.02631         0    0.0105   0.08422        15       800    0.4706    0.6832    0.6576    0.3014   0.04423   0.02975         0
    30/249     6.15G   0.04719   0.02576         0   0.01042   0.08337        12       800    0.4617    0.6868    0.6603    0.3043   0.04414   0.02959         0
    31/249     6.15G   0.04738   0.02548         0   0.01036   0.08322        12       800    0.4581    0.6932    0.6666    0.3093   0.04383   0.02958         0
    32/249     6.15G   0.04627   0.02495         0   0.01031   0.08153        18       800    0.4707    0.6867    0.6613    0.3023   0.04412    0.0296         0
    33/249     6.15G   0.04672   0.02574         0   0.01034    0.0828         2       800    0.4626    0.6967    0.6715    0.3124   0.04361    0.0295         0
    34/249     6.15G   0.04681    0.0253         0   0.01029    0.0824        18       800    0.4772    0.6907    0.6673    0.3091   0.04372   0.02944         0
    35/249     6.15G   0.04634   0.02488         0   0.01026   0.08148        14       800    0.4816    0.6957    0.6732    0.3131   0.04352   0.02937         0
    36/249     6.15G   0.04661   0.02495         0   0.01014   0.08171        18       800    0.4763    0.6878    0.6636    0.3066   0.04369    0.0294         0
    37/249     6.15G   0.04561   0.02515         0   0.01012   0.08088         8       800     0.487    0.6889    0.6679    0.3077    0.0436   0.02932         0
    38/249     6.15G    0.0461   0.02522         0   0.01004   0.08136        16       800    0.4724    0.6957    0.6709    0.3099   0.04342   0.02936         0
    39/249     6.15G   0.04612   0.02471         0   0.01004   0.08087         5       800    0.4873    0.6964    0.6751    0.3127   0.04332   0.02934         0
    40/249     6.15G   0.04642   0.02515         0   0.01003   0.08161        18       800     0.483    0.6971    0.6746    0.3114   0.04329   0.02933         0
    41/249     6.15G   0.04587   0.02458         0  0.009894   0.08034        37       800    0.4884    0.6996    0.6778    0.3143   0.04323   0.02922         0
    42/249     6.15G    0.0462   0.02513         0  0.009928   0.08126        44       800    0.4848    0.6975    0.6748    0.3131   0.04322   0.02918         0
    43/249     6.15G   0.04562   0.02454         0  0.009909   0.08007        20       800    0.4895    0.7004    0.6787    0.3151   0.04306   0.02916         0
    44/249     6.15G   0.04563   0.02522         0  0.009763   0.08061        18       800    0.4806    0.7021    0.6792    0.3156   0.04303   0.02918         0
    45/249     6.15G    0.0454   0.02486         0  0.009826   0.08008        15       800    0.4854    0.7017    0.6791    0.3136   0.04306   0.02915         0
    46/249     6.15G   0.04535    0.0245         0  0.009783   0.07964        17       800    0.4809       0.7    0.6772    0.3131   0.04303   0.02912         0
    47/249     6.15G   0.04536   0.02446         0  0.009713   0.07953        38       800    0.4818    0.6996    0.6765    0.3142   0.04297   0.02906         0
    48/249     6.15G    0.0462   0.02547         0  0.009802   0.08147        18       800    0.4864    0.7051    0.6821    0.3171   0.04281   0.02903         0
    49/249     6.15G   0.04503   0.02487         0  0.009619   0.07952        30       800    0.4896    0.7039    0.6813    0.3165    0.0428   0.02903         0
    50/249     6.15G    0.0452   0.02505         0  0.009645    0.0799        17       800     0.489    0.7022    0.6807    0.3165   0.04283   0.02901         0
    51/249     6.15G   0.04573     0.025         0  0.009705   0.08044        18       800    0.4822    0.7039    0.6802    0.3163   0.04279   0.02908         0
    52/249     6.15G     0.045   0.02447         0  0.009658   0.07914        14       800    0.4855    0.7056    0.6834    0.3179    0.0427   0.02902         0
    53/249     6.15G   0.04494   0.02455         0  0.009572   0.07906        10       800    0.4873    0.7071    0.6843    0.3185   0.04264   0.02898         0
    54/249     6.15G   0.04521    0.0248         0   0.00947   0.07947        15       800    0.4842    0.7078    0.6848    0.3179    0.0426   0.02899         0
    55/249     6.15G   0.04476   0.02394         0  0.009508   0.07821        18       800     0.492    0.7075     0.686    0.3191   0.04255   0.02891         0
    56/249     6.15G   0.04509   0.02437         0  0.009538   0.07899        15       800    0.4885     0.709     0.687    0.3198   0.04254   0.02889         0
    57/249     6.15G   0.04412   0.02408         0  0.009415   0.07761        11       800     0.491    0.7104    0.6888    0.3208   0.04248   0.02888         0
    58/249     6.15G   0.04455   0.02417         0  0.009379    0.0781        18       800      0.49    0.7122    0.6896    0.3215   0.04242   0.02889         0
    59/249     6.15G   0.04489   0.02455         0  0.009508   0.07895        15       800    0.4894    0.7126    0.6902     0.322   0.04238   0.02889         0
    60/249     6.15G   0.04532   0.02448         0  0.009464   0.07926        15       800    0.4859    0.7135    0.6906    0.3223   0.04237   0.02889         0
    61/249     6.15G   0.04466   0.02428         0  0.009395   0.07834        15       800    0.4886    0.7129    0.6905    0.3222   0.04236   0.02887         0
    62/249     6.15G   0.04422   0.02454         0   0.00935   0.07811        18       800    0.4907    0.7123    0.6904    0.3228    0.0423   0.02885         0
    63/249     6.15G   0.04483    0.0248         0  0.009262   0.07889        18       800     0.489    0.7136    0.6916    0.3234   0.04228   0.02884         0
    64/249     6.15G   0.04449   0.02406         0  0.009243   0.07779        21       800    0.4856    0.7149    0.6918    0.3239   0.04224   0.02884         0
    65/249     6.15G   0.04439   0.02384         0  0.009287   0.07751         6       800    0.4868    0.7141    0.6921    0.3239   0.04222   0.02882         0
    66/249     6.15G   0.04476   0.02446         0  0.009306   0.07852        18       800    0.4882    0.7144    0.6926    0.3242    0.0422   0.02879         0
    67/249     6.15G   0.04473   0.02466         0  0.009322   0.07871        18       800    0.4878    0.7143    0.6919    0.3235    0.0422    0.0288         0
    68/249     6.15G   0.04416   0.02444         0  0.009251   0.07784        15       800    0.4872    0.7138    0.6916    0.3237   0.04219   0.02882         0
    69/249     6.15G   0.04453   0.02412         0  0.009288   0.07794        19       800    0.4875    0.7142    0.6922    0.3238   0.04217   0.02882         0
    70/249     6.15G   0.04386   0.02391         0  0.009205   0.07698        77       800    0.4817    0.7156     0.692     0.324   0.04214   0.02884         0
    71/249     6.15G   0.04433   0.02418         0  0.009169   0.07768        25       800    0.4815    0.7168    0.6934    0.3244   0.04212   0.02884         0
    72/249     6.15G    0.0444   0.02445         0  0.009152   0.07801        18       800    0.4812     0.717    0.6936     0.325   0.04209   0.02884         0
    73/249     6.15G   0.04409    0.0243         0  0.009112    0.0775        29       800    0.4816    0.7169     0.694    0.3254   0.04208   0.02883         0
    74/249     6.15G   0.04414   0.02415         0  0.009115    0.0774        14       800    0.4835    0.7177    0.6944    0.3255   0.04207    0.0288         0
    75/249     6.15G   0.04421   0.02411         0  0.009118   0.07744        24       800     0.484    0.7178    0.6947    0.3252   0.04206   0.02879         0
    76/249     6.15G   0.04422   0.02398         0  0.009171   0.07738        43       800    0.4853    0.7178    0.6949    0.3256   0.04203   0.02877         0
    77/249     6.15G   0.04448   0.02455         0  0.009021   0.07805        18       800    0.4858    0.7183    0.6952     0.326   0.04201   0.02876         0
    78/249     6.15G   0.04443   0.02464         0  0.009063   0.07814         3       800    0.4865    0.7185    0.6954    0.3257   0.04201   0.02875         0
    79/249     6.15G   0.04387   0.02382         0  0.008998   0.07669        16       800    0.4872    0.7188    0.6959    0.3262   0.04199   0.02874         0
    80/249     6.15G   0.04375   0.02399         0     0.009   0.07674        15       800    0.4893    0.7193    0.6965    0.3268   0.04198   0.02873         0
    81/249     6.15G   0.04361   0.02398         0  0.008992   0.07659        16       800    0.4907    0.7189    0.6964    0.3268   0.04197   0.02872         0
    82/249     6.15G   0.04383   0.02427         0  0.008943   0.07704        18       800    0.4914    0.7192    0.6966     0.327   0.04196   0.02872         0
    83/249     6.15G   0.04394   0.02385         0  0.009024   0.07681        27       800    0.4925    0.7191    0.6968    0.3271   0.04195   0.02871         0
    84/249     6.15G   0.04362   0.02426         0  0.008927   0.07681        33       800    0.4932    0.7193    0.6971    0.3273   0.04194   0.02871         0
    85/249     6.15G   0.04331    0.0236         0  0.008886    0.0758        23       800    0.4936    0.7189    0.6967    0.3275   0.04193    0.0287         0
    86/249     6.15G   0.04328     0.024         0  0.008924    0.0762        16       800     0.495    0.7193    0.6971    0.3276   0.04192   0.02869         0
    87/249     6.15G   0.04339   0.02333         0  0.008858   0.07558        19       800    0.4951    0.7189    0.6969    0.3275   0.04191   0.02869         0
    88/249     6.15G    0.0434    0.0237         0  0.008888   0.07598        26       800    0.4959     0.719     0.697    0.3277    0.0419   0.02868         0
    89/249     6.15G   0.04299   0.02318         0  0.008823   0.07499        20       800    0.4967     0.719    0.6971    0.3278   0.04189   0.02867         0
    90/249     6.15G   0.04322   0.02399         0  0.008821   0.07603        15       800    0.4982    0.7197    0.6979    0.3279   0.04187   0.02866         0
    91/249     6.15G   0.04354   0.02395         0  0.008825   0.07632        17       800    0.4987    0.7196    0.6978    0.3281   0.04186   0.02865         0
    92/249     6.15G   0.04372   0.02392         0  0.008874   0.07651        17       800    0.4996    0.7198    0.6981    0.3283   0.04185   0.02864         0
    93/249     6.15G   0.04307    0.0238         0  0.008781   0.07565        24       800    0.5001    0.7201    0.6983    0.3284   0.04185   0.02863         0
    94/249     6.15G   0.04322   0.02388         0  0.008773   0.07588        15       800    0.5006    0.7204    0.6988    0.3285   0.04183   0.02862         0
    95/249     6.15G   0.04331   0.02371         0  0.008858   0.07588         4       800    0.5009    0.7204    0.6986    0.3285   0.04182   0.02862         0
    96/249     6.15G   0.04339    0.0238         0  0.008721   0.07592        14       800    0.5012    0.7203    0.6988    0.3288   0.04181   0.02861         0
    97/249     6.15G   0.04298   0.02402         0  0.008774   0.07578         9       800    0.5013    0.7199    0.6988    0.3288    0.0418    0.0286         0
    98/249     6.15G   0.04307    0.0239         0  0.008737   0.07572        22       800    0.5019    0.7202     0.699     0.329   0.04179   0.02859         0
    99/249     6.15G   0.04313    0.0238         0  0.008712   0.07564        15       800    0.5022    0.7201    0.6991     0.329   0.04177   0.02858         0
   100/249     6.15G   0.04292   0.02368         0  0.008745   0.07534        18       800    0.5026      0.72    0.6992    0.3292   0.04176   0.02858         0
   101/249     6.15G   0.04364    0.0239         0  0.008646   0.07619        18       800    0.5033    0.7205    0.6996    0.3293   0.04176   0.02857         0
   102/249     6.15G   0.04291   0.02333         0  0.008713   0.07495        19       800    0.5039    0.7205    0.6998    0.3296   0.04174   0.02856         0
   103/249     6.15G   0.04264    0.0235         0  0.008667    0.0748        66       800    0.5046    0.7203    0.6997    0.3298   0.04173   0.02856         0
   104/249     6.15G   0.04292   0.02343         0  0.008592   0.07494        23       800     0.505    0.7196    0.6994    0.3298   0.04172   0.02855         0
   105/249     6.15G   0.04296   0.02374         0  0.008635   0.07534        15       800    0.5061    0.7197    0.6998    0.3301   0.04171   0.02854         0
   106/249     6.15G   0.04356   0.02358         0  0.008695   0.07584        12       800    0.5063    0.7195    0.6996    0.3303   0.04171   0.02854         0
   107/249     6.15G   0.04336   0.02382         0  0.008573   0.07576        19       800    0.5066    0.7195    0.6998    0.3304    0.0417   0.02854         0
   108/249     6.15G   0.04267   0.02362         0  0.008626   0.07492        16       800    0.5068    0.7196       0.7    0.3304   0.04169   0.02853         0
   109/249     6.15G   0.04306   0.02369         0  0.008603   0.07535        16       800    0.5073    0.7197    0.7001    0.3306   0.04168   0.02853         0
   110/249     6.15G   0.04306   0.02355         0  0.008568   0.07518        16       800    0.5065    0.7192    0.6997    0.3307   0.04167   0.02853         0
   111/249     6.15G   0.04346   0.02347         0    0.0086   0.07553        14       800    0.5067    0.7195    0.7002    0.3308   0.04166   0.02852         0
   112/249     6.15G   0.04231   0.02348         0  0.008441   0.07423        25       800     0.507    0.7195    0.7003     0.331   0.04165   0.02852         0
   113/249     6.15G   0.04244   0.02417         0  0.008516   0.07512        85       800    0.5076    0.7197    0.7006    0.3311   0.04164   0.02851         0
   114/249     6.15G    0.0428   0.02373         0   0.00851   0.07505        19       800    0.5076    0.7197    0.7007    0.3313   0.04163   0.02851         0
   115/249     6.15G   0.04295   0.02382         0  0.008471   0.07525        15       800    0.5081    0.7198    0.7008    0.3316   0.04162    0.0285         0
   116/249     6.15G    0.0431    0.0239         0  0.008504    0.0755        18       800    0.5088    0.7199     0.701    0.3316   0.04161    0.0285         0
