57_Angler_peoplefishing_57_139
73
241 339 14 17 0.748
179 337 14 18 0.731
201 317 13 17 0.731
552 315 12 16 0.705
626 297 13 16 0.678
661 259 11 15 0.652
475 338 13 14 0.651
432 304 11 15 0.647
690 274 12 14 0.628
677 294 12 15 0.609
781 252 11 15 0.580
713 277 13 16 0.577
809 313 12 13 0.560
515 297 11 14 0.550
411 347 14 16 0.531
817 296 12 13 0.520
889 233 11 13 0.505
295 335 10 15 0.497
674 320 10 15 0.487
619 323 11 15 0.469
332 375 11 15 0.437
757 353 11 16 0.424
559 305 11 14 0.400
653 285 10 13 0.394
393 365 11 16 0.393
852 345 11 15 0.380
356 381 10 17 0.371
702 299 11 13 0.354
964 325 10 13 0.305
474 380 10 17 0.269
353 378 11 16 0.218
741 304 11 13 0.210
425 372 10 17 0.196
863 276 9 13 0.170
795 383 12 14 0.149
876 316 10 12 0.145
771 286 10 13 0.145
784 304 11 14 0.133
680 388 10 13 0.127
673 297 22 16 0.120
660 298 11 13 0.101
706 286 15 18 0.100
823 331 12 14 0.095
332 378 35 16 0.092
867 237 10 12 0.086
976 351 9 13 0.086
700 353 14 16 0.069
588 328 13 15 0.065
739 301 18 17 0.058
691 276 41 19 0.058
771 294 12 16 0.054
1017 241 7 11 0.048
553 355 10 11 0.045
468 379 11 17 0.036
328 367 9 15 0.031
776 294 20 24 0.030
912 229 10 13 0.030
780 335 10 12 0.030
869 314 10 14 0.030
797 380 12 15 0.029
543 385 13 15 0.028
773 283 13 35 0.027
355 372 10 15 0.027
998 336 13 13 0.025
868 334 11 13 0.025
957 367 10 16 0.024
833 286 9 12 0.024
974 348 14 16 0.023
688 342 24 26 0.022
550 319 16 18 0.022
763 386 13 22 0.021
350 372 11 15 0.021
792 379 12 14 0.020
