1_Handshaking_Handshaking_1_356
33
124 595 129 163 0.874
663 206 138 203 0.831
309 384 35 38 0.731
597 412 30 39 0.704
572 299 17 22 0.607
604 291 17 22 0.600
271 385 25 36 0.553
660 358 14 20 0.527
430 285 16 20 0.463
489 298 13 16 0.350
450 308 12 15 0.270
647 302 13 18 0.245
358 308 11 14 0.245
410 288 13 17 0.195
619 324 13 18 0.181
508 300 12 14 0.146
546 308 11 13 0.138
493 296 15 18 0.072
652 309 13 17 0.071
144 252 10 13 0.050
282 367 23 34 0.048
609 293 15 24 0.047
508 316 12 16 0.042
662 344 16 28 0.037
547 310 13 15 0.037
240 330 10 12 0.036
280 388 26 33 0.034
284 362 18 22 0.030
147 267 11 14 0.027
92 267 10 12 0.025
631 360 13 16 0.024
665 329 18 21 0.023
162 274 10 12 0.023
