1_Handshaking_Handshaking_1_602
51
610 227 10 13 0.665
841 235 12 15 0.655
253 345 25 26 0.600
377 240 13 20 0.596
916 270 11 14 0.593
509 223 9 12 0.572
645 222 10 14 0.562
290 285 19 20 0.536
754 245 8 10 0.524
137 198 9 12 0.499
641 246 10 12 0.498
477 217 9 12 0.491
547 226 8 9 0.484
190 189 9 11 0.477
688 226 10 12 0.447
438 232 9 12 0.443
578 220 8 9 0.397
723 258 12 14 0.366
773 253 8 12 0.333
942 243 19 26 0.330
718 237 11 14 0.326
676 245 11 13 0.317
677 231 10 11 0.245
684 227 16 13 0.219
117 304 19 18 0.218
678 305 16 22 0.217
580 247 9 12 0.181
622 303 19 17 0.170
681 228 11 11 0.155
720 251 13 22 0.154
886 261 10 11 0.151
722 234 9 11 0.148
666 249 10 12 0.147
108 302 24 19 0.113
105 303 18 21 0.085
644 217 11 36 0.081
401 319 13 21 0.070
665 252 9 11 0.055
616 296 15 19 0.048
681 220 14 39 0.048
755 246 12 14 0.048
676 301 15 21 0.043
920 245 14 16 0.040
559 247 7 9 0.039
576 229 9 12 0.035
682 309 18 20 0.032
545 224 11 13 0.030
100 307 20 21 0.030
122 300 18 21 0.027
580 231 8 11 0.025
772 257 8 10 0.020
