1_Handshaking_Handshaking_1_579
423
596 419 36 44 0.832
584 321 33 39 0.832
650 277 31 40 0.827
530 311 30 37 0.819
677 363 33 46 0.819
787 411 34 43 0.816
940 430 35 41 0.814
530 236 22 30 0.809
585 249 29 38 0.809
500 407 32 45 0.809
775 354 30 41 0.805
146 313 34 39 0.803
625 235 26 36 0.802
860 257 26 34 0.801
750 304 29 36 0.798
892 173 26 34 0.793
1003 231 21 36 0.789
499 200 20 27 0.787
396 382 32 38 0.787
859 343 34 44 0.782
118 253 25 31 0.781
79 360 32 36 0.780
306 259 24 27 0.779
493 284 27 33 0.779
272 213 26 35 0.775
587 204 21 27 0.772
839 138 18 23 0.770
471 348 29 40 0.767
440 309 27 34 0.767
719 160 20 23 0.758
883 273 30 38 0.753
384 278 25 32 0.753
151 205 22 28 0.752
531 194 23 31 0.751
176 242 22 27 0.749
172 284 24 29 0.747
570 188 18 25 0.744
244 147 18 23 0.736
362 197 23 31 0.735
33 161 20 24 0.731
89 211 21 26 0.731
4 259 21 27 0.729
679 95 13 17 0.729
907 146 21 25 0.727
636 197 24 31 0.727
1008 133 16 25 0.725
36 117 15 19 0.722
192 150 16 21 0.719
25 201 24 32 0.717
303 100 11 16 0.716
663 188 19 25 0.716
239 198 22 29 0.713
377 178 19 24 0.713
485 160 20 23 0.709
132 151 19 24 0.708
74 188 19 25 0.708
837 506 26 46 0.701
265 145 17 22 0.699
26 253 20 29 0.695
455 163 18 22 0.694
735 145 18 22 0.693
948 160 18 23 0.693
645 172 18 23 0.689
740 188 24 28 0.688
415 331 34 41 0.686
647 125 15 20 0.684
304 75 11 16 0.683
798 136 15 20 0.676
730 111 15 19 0.676
826 111 16 18 0.676
327 206 21 29 0.674
425 96 14 18 0.671
401 210 18 23 0.666
960 109 16 19 0.665
475 134 14 15 0.664
145 85 13 15 0.659
869 181 21 26 0.652
322 338 34 43 0.651
272 116 14 16 0.649
464 225 22 26 0.649
126 131 17 20 0.642
523 129 15 21 0.637
615 97 12 17 0.637
561 141 18 22 0.631
575 76 13 16 0.630
622 119 14 19 0.630
0 183 13 20 0.629
781 201 16 24 0.628
375 91 13 17 0.627
660 64 13 17 0.620
640 81 12 15 0.612
990 105 13 17 0.611
11 388 35 38 0.611
221 180 20 25 0.611
509 116 13 17 0.609
650 143 15 19 0.606
872 237 25 29 0.605
244 123 13 16 0.603
829 242 24 30 0.603
903 96 13 18 0.596
442 130 17 23 0.593
926 107 15 18 0.589
887 142 18 24 0.588
975 190 24 29 0.587
639 101 15 18 0.586
766 153 15 23 0.586
387 75 13 15 0.585
402 149 17 23 0.585
454 80 9 13 0.584
613 70 11 15 0.583
474 79 11 14 0.582
309 152 16 21 0.581
867 82 13 17 0.578
197 231 23 27 0.578
21 129 12 16 0.571
102 182 18 21 0.565
254 390 24 34 0.553
171 116 15 18 0.548
265 182 20 24 0.548
677 129 16 20 0.546
180 313 29 34 0.546
395 95 13 16 0.544
708 128 13 15 0.536
335 94 16 18 0.536
9 116 13 16 0.533
845 118 15 18 0.529
422 149 16 20 0.529
760 256 25 30 0.526
293 59 9 12 0.523
202 79 12 15 0.499
419 67 10 12 0.496
370 74 12 14 0.494
356 98 14 20 0.490
131 108 14 17 0.489
745 68 12 15 0.483
590 96 14 18 0.483
316 296 28 37 0.482
338 72 13 16 0.481
1002 81 12 15 0.480
698 78 12 15 0.478
542 109 15 18 0.472
478 110 13 17 0.466
250 106 11 16 0.459
73 153 18 23 0.455
321 128 15 19 0.444
347 71 14 16 0.442
74 329 24 31 0.438
228 142 14 20 0.436
2 298 22 28 0.433
780 123 14 20 0.432
552 157 18 20 0.425
538 59 9 12 0.411
228 98 13 15 0.406
547 91 14 16 0.405
445 218 19 24 0.404
519 74 11 16 0.401
99 117 15 19 0.401
972 85 12 16 0.396
474 61 9 12 0.393
869 153 15 19 0.392
801 225 24 30 0.382
164 194 18 24 0.374
65 216 17 24 0.371
790 105 12 17 0.359
360 135 15 22 0.355
887 478 36 45 0.350
666 129 16 20 0.349
456 119 12 16 0.349
967 164 15 21 0.342
277 311 25 31 0.338
325 159 16 20 0.336
831 178 18 24 0.332
388 120 13 17 0.324
375 256 22 27 0.312
230 251 23 29 0.312
603 166 16 20 0.303
803 208 23 32 0.290
770 160 16 23 0.280
708 93 12 16 0.276
500 59 9 11 0.271
314 56 8 12 0.263
690 151 16 20 0.263
34 289 25 32 0.263
190 194 24 28 0.254
265 90 11 14 0.251
89 82 13 14 0.248
789 77 16 18 0.247
388 33 8 10 0.247
298 131 14 17 0.245
82 118 12 18 0.243
835 69 12 16 0.242
174 89 12 16 0.242
251 91 11 13 0.241
622 196 17 24 0.241
380 51 10 12 0.235
500 87 9 15 0.231
890 67 11 14 0.226
946 142 16 20 0.225
107 302 24 30 0.220
74 255 22 27 0.217
128 139 19 27 0.216
74 166 18 21 0.213
532 149 14 19 0.212
7 257 46 29 0.212
244 52 10 12 0.208
819 141 14 17 0.202
258 133 15 18 0.199
805 203 20 24 0.198
84 79 13 15 0.197
621 188 17 24 0.197
0 325 14 33 0.195
708 188 20 22 0.195
756 46 10 13 0.190
320 303 33 36 0.189
834 205 17 25 0.173
366 174 23 62 0.173
783 103 16 17 0.172
759 109 12 15 0.169
851 66 11 13 0.166
784 75 16 19 0.164
159 188 21 25 0.156
314 55 10 19 0.156
12 120 19 21 0.155
265 140 18 45 0.154
622 161 18 21 0.153
704 84 14 22 0.152
442 274 23 28 0.149
445 94 10 15 0.147
649 132 15 35 0.147
635 46 10 13 0.145
423 54 9 11 0.144
663 447 20 40 0.144
738 205 22 27 0.141
914 131 15 17 0.139
253 91 21 12 0.138
133 50 9 12 0.133
141 85 15 28 0.130
84 258 21 26 0.130
948 204 22 27 0.130
257 69 11 13 0.130
58 276 19 24 0.126
526 123 16 21 0.126
778 102 13 16 0.124
793 133 16 22 0.122
312 31 8 10 0.120
174 236 36 31 0.116
200 77 18 23 0.114
12 292 51 29 0.111
408 83 11 15 0.107
105 113 12 18 0.106
915 78 11 15 0.105
781 71 13 16 0.104
88 116 21 18 0.104
389 94 13 48 0.099
745 78 12 16 0.095
228 151 29 41 0.094
148 197 23 27 0.093
248 24 8 9 0.093
175 86 11 13 0.093
0 310 14 34 0.092
30 108 11 16 0.090
604 171 18 22 0.088
504 152 16 22 0.088
140 190 21 24 0.087
532 157 15 20 0.086
356 125 14 17 0.085
1018 180 6 28 0.084
1004 355 20 39 0.082
680 135 17 21 0.080
58 266 29 31 0.079
953 185 19 23 0.078
69 250 23 27 0.077
363 127 22 21 0.074
237 125 18 15 0.074
676 107 16 53 0.073
183 112 14 17 0.072
321 114 14 20 0.072
145 188 32 24 0.071
333 306 27 32 0.070
844 68 19 14 0.070
734 98 12 15 0.069
278 132 14 19 0.069
115 73 10 12 0.066
331 114 18 16 0.065
765 135 13 21 0.065
556 166 18 21 0.064
412 72 11 23 0.064
22 194 23 26 0.063
539 75 11 13 0.062
95 257 17 23 0.061
701 70 11 15 0.061
122 223 16 23 0.061
955 169 20 26 0.060
5 397 33 35 0.060
269 65 11 13 0.060
245 100 14 57 0.058
304 71 12 65 0.058
0 440 12 49 0.058
309 166 17 21 0.058
355 169 16 20 0.057
712 47 10 13 0.057
987 129 15 20 0.057
175 75 14 65 0.057
320 292 22 27 0.056
326 86 17 86 0.056
520 74 12 25 0.054
228 92 12 15 0.054
330 97 13 17 0.053
960 83 12 15 0.052
524 100 16 15 0.052
805 234 24 28 0.051
479 105 13 17 0.051
621 177 18 24 0.050
611 144 11 16 0.050
775 165 15 21 0.050
581 128 15 19 0.049
172 81 11 16 0.048
700 117 20 58 0.048
177 409 20 43 0.048
824 176 19 26 0.047
388 247 23 29 0.046
645 107 16 52 0.046
159 22 8 9 0.046
147 151 16 20 0.046
454 218 23 28 0.045
541 75 12 16 0.045
396 215 19 26 0.045
231 18 8 9 0.044
115 85 14 16 0.044
402 98 13 15 0.044
490 59 22 12 0.043
115 70 11 24 0.043
270 178 19 23 0.043
300 93 30 54 0.043
227 123 12 15 0.042
378 402 22 42 0.041
665 116 17 16 0.041
379 129 16 25 0.041
361 82 15 102 0.040
499 75 13 44 0.040
662 108 34 63 0.040
4 389 27 26 0.040
185 123 13 16 0.039
69 269 20 25 0.039
26 32 11 14 0.039
1016 192 8 27 0.039
0 432 8 49 0.038
327 352 32 35 0.038
0 51 9 15 0.038
478 44 11 114 0.037
230 247 19 24 0.036
780 88 14 22 0.035
378 243 26 29 0.035
290 5 9 9 0.035
326 88 14 17 0.034
365 140 18 20 0.034
92 83 20 16 0.034
437 265 25 28 0.033
772 62 12 17 0.033
192 203 23 29 0.033
348 170 18 21 0.033
78 174 23 24 0.033
80 76 14 16 0.032
390 235 22 30 0.032
1016 405 8 40 0.032
962 264 23 33 0.032
263 323 28 37 0.031
1011 162 12 22 0.031
365 237 21 28 0.031
855 152 21 21 0.031
569 47 22 87 0.031
0 130 13 19 0.031
423 341 30 36 0.030
892 490 41 47 0.030
427 55 17 12 0.030
347 165 16 22 0.030
277 126 14 19 0.030
433 283 24 26 0.030
701 121 13 16 0.030
795 207 23 30 0.030
325 339 24 29 0.029
226 112 13 25 0.029
283 317 24 32 0.029
267 65 12 25 0.029
390 387 29 38 0.029
499 151 40 20 0.029
300 92 12 19 0.029
954 145 21 28 0.028
634 17 10 14 0.028
967 93 13 21 0.028
888 96 14 18 0.028
543 115 16 19 0.027
697 116 12 16 0.027
251 73 13 21 0.027
456 137 18 17 0.026
375 75 39 48 0.026
854 146 15 21 0.026
282 168 44 25 0.026
101 130 15 18 0.025
870 432 30 39 0.025
170 97 13 26 0.025
150 145 14 19 0.025
597 161 16 21 0.025
557 110 14 16 0.024
187 317 28 34 0.024
321 78 12 15 0.024
57 218 17 24 0.023
518 116 13 22 0.023
850 350 35 40 0.023
242 280 24 29 0.023
820 336 24 32 0.023
94 79 24 15 0.022
350 68 12 15 0.022
219 43 9 11 0.022
915 71 11 13 0.022
698 153 16 20 0.021
81 34 9 11 0.021
293 382 19 28 0.021
369 33 27 98 0.021
1011 174 13 31 0.021
119 216 17 24 0.021
616 202 18 23 0.021
445 281 25 30 0.020
