56_Voter_peoplevoting_56_268
132
244 278 33 37 0.812
392 254 30 37 0.784
864 230 23 30 0.775
743 227 26 34 0.757
805 217 24 30 0.737
632 191 17 20 0.712
138 215 24 28 0.711
662 219 28 34 0.699
417 224 20 27 0.678
514 211 15 20 0.666
370 178 12 14 0.631
263 225 20 23 0.626
411 195 13 16 0.624
223 202 16 21 0.619
25 180 14 17 0.600
299 209 17 19 0.585
357 201 14 17 0.583
127 190 12 15 0.580
112 184 10 13 0.566
596 207 13 16 0.566
572 220 20 33 0.565
474 218 24 28 0.562
336 232 20 27 0.554
393 183 13 17 0.526
680 190 16 20 0.515
356 223 16 21 0.505
839 218 18 23 0.443
959 209 16 23 0.438
943 204 18 24 0.432
74 183 12 14 0.426
563 182 12 15 0.386
278 180 16 19 0.330
445 216 18 22 0.322
114 186 13 14 0.310
614 243 17 21 0.282
457 180 10 12 0.261
350 224 20 25 0.260
240 182 13 16 0.257
446 200 13 18 0.250
218 183 10 12 0.243
700 169 13 15 0.228
204 165 8 9 0.207
726 176 14 17 0.198
119 188 20 16 0.197
252 207 15 19 0.189
228 250 26 30 0.183
832 220 20 23 0.178
344 183 10 13 0.178
481 183 12 17 0.168
221 195 14 22 0.160
441 202 14 18 0.153
270 286 24 30 0.153
977 207 19 23 0.149
305 174 8 11 0.147
235 169 9 9 0.143
557 200 16 20 0.137
531 208 13 15 0.134
278 287 19 24 0.132
677 192 14 17 0.127
198 181 11 13 0.122
517 209 22 19 0.122
58 171 8 10 0.122
303 185 11 13 0.118
863 204 15 17 0.115
1 159 7 9 0.111
159 183 12 14 0.105
221 189 16 40 0.105
101 174 9 10 0.099
581 212 15 25 0.095
278 198 14 16 0.093
258 213 22 25 0.092
224 177 11 12 0.090
330 182 11 13 0.082
845 216 17 22 0.078
169 172 10 13 0.074
230 169 13 20 0.073
172 216 19 19 0.072
305 174 10 23 0.068
351 192 19 29 0.064
222 180 34 16 0.064
325 164 9 9 0.061
348 175 23 91 0.059
451 203 16 20 0.058
141 183 11 15 0.058
245 182 13 17 0.056
343 186 18 25 0.054
201 166 9 25 0.053
174 209 22 28 0.053
718 174 18 18 0.053
386 186 44 25 0.052
337 205 12 16 0.052
112 179 12 15 0.051
329 184 28 12 0.045
289 181 25 19 0.045
188 200 18 18 0.044
685 195 14 18 0.043
160 178 17 20 0.042
261 206 22 20 0.042
518 267 21 34 0.041
333 188 16 20 0.041
192 189 14 24 0.040
264 168 11 15 0.039
298 186 14 16 0.038
266 151 29 80 0.037
197 192 13 16 0.037
170 189 15 15 0.037
631 224 18 24 0.036
462 177 33 34 0.036
866 204 31 23 0.036
355 201 19 28 0.032
524 203 52 21 0.031
732 178 13 16 0.031
527 206 14 14 0.031
575 212 14 22 0.030
390 184 12 15 0.030
323 158 12 24 0.029
673 171 15 16 0.028
468 208 21 26 0.028
24 161 8 11 0.027
425 212 15 18 0.027
81 204 12 14 0.026
139 163 9 23 0.026
684 171 26 17 0.026
137 169 11 14 0.026
336 211 15 22 0.025
936 202 20 25 0.024
527 256 14 22 0.023
140 167 9 11 0.023
881 205 23 26 0.023
483 181 10 12 0.022
176 193 20 19 0.020
270 219 20 22 0.020
