56_Voter_peoplevoting_56_344
26
95 53 19 25 0.815
178 80 19 23 0.811
310 52 20 25 0.795
702 65 19 24 0.789
208 73 21 25 0.775
980 69 15 20 0.775
463 84 19 23 0.746
800 90 16 20 0.728
380 83 18 22 0.699
553 76 18 21 0.679
62 78 15 21 0.622
644 62 16 20 0.544
913 81 12 17 0.518
346 75 17 20 0.507
890 82 14 17 0.443
776 78 13 16 0.227
894 80 14 17 0.203
0 73 16 17 0.174
1014 81 9 17 0.164
886 81 14 17 0.157
52 55 15 21 0.098
305 55 47 29 0.077
280 60 16 21 0.047
367 94 12 14 0.040
54 58 18 24 0.034
654 68 18 18 0.027
