56_Voter_peoplevoting_56_441
183
208 244 104 153 0.810
990 608 15 18 0.609
978 647 16 19 0.557
900 558 12 16 0.538
974 514 11 14 0.509
796 528 10 12 0.467
792 548 10 14 0.460
836 511 10 13 0.444
962 546 11 13 0.442
722 500 9 11 0.441
792 501 10 12 0.436
622 473 10 11 0.413
700 546 11 13 0.403
987 537 11 14 0.399
658 473 9 11 0.366
756 513 10 12 0.365
987 576 12 17 0.362
877 599 11 15 0.358
678 460 8 9 0.352
761 475 9 12 0.345
815 410 8 9 0.340
726 474 7 9 0.340
822 466 10 12 0.337
965 496 9 11 0.327
724 451 8 11 0.321
837 428 9 12 0.312
817 511 9 12 0.305
759 417 8 9 0.282
815 496 9 11 0.269
756 454 8 9 0.269
899 594 12 15 0.266
739 490 9 11 0.261
808 634 11 14 0.254
587 475 9 9 0.250
802 470 9 12 0.245
910 489 11 12 0.216
926 565 11 14 0.213
836 534 9 12 0.210
928 523 10 11 0.209
889 519 9 12 0.204
951 396 8 10 0.198
733 415 9 9 0.187
874 591 14 20 0.184
628 438 7 9 0.176
731 565 12 13 0.172
661 444 8 10 0.172
792 475 9 10 0.170
789 406 8 10 0.158
924 504 10 12 0.151
1002 591 11 14 0.150
824 486 9 12 0.141
740 546 10 12 0.140
686 483 10 12 0.139
747 400 7 8 0.135
818 588 14 16 0.135
844 409 9 12 0.134
873 585 13 15 0.129
604 460 8 10 0.128
1009 533 11 18 0.125
706 481 7 12 0.124
703 464 8 9 0.115
684 402 7 9 0.113
810 379 7 9 0.113
773 557 10 12 0.113
659 442 9 10 0.113
795 525 10 34 0.100
1016 494 8 11 0.098
914 535 10 13 0.097
926 505 9 20 0.097
789 457 9 11 0.096
909 430 9 11 0.095
956 439 9 13 0.095
795 473 17 12 0.094
1010 525 12 19 0.093
883 489 9 12 0.093
687 477 10 12 0.092
728 470 8 13 0.091
693 521 10 12 0.085
821 391 8 10 0.085
860 524 10 13 0.085
845 398 7 9 0.083
925 559 11 13 0.082
723 449 8 9 0.081
750 549 10 14 0.081
897 505 10 13 0.080
989 430 11 12 0.078
782 391 7 8 0.078
704 569 12 13 0.077
739 548 17 12 0.077
837 510 8 39 0.076
702 523 9 10 0.075
1005 400 9 11 0.075
920 469 9 12 0.074
892 512 12 13 0.073
689 474 9 18 0.071
916 575 12 16 0.070
690 389 7 8 0.069
907 525 10 15 0.067
1009 522 12 14 0.065
991 370 8 9 0.064
805 433 8 9 0.062
784 420 9 9 0.061
821 387 6 27 0.061
918 579 12 18 0.061
939 522 8 12 0.059
996 449 10 12 0.058
794 481 8 32 0.057
727 529 11 14 0.057
788 402 8 25 0.056
791 494 12 22 0.053
963 368 8 10 0.052
927 515 12 22 0.051
855 599 10 15 0.051
897 486 20 14 0.050
845 393 7 24 0.049
615 446 8 11 0.049
855 533 11 15 0.049
794 465 19 17 0.049
861 518 9 18 0.048
711 588 12 15 0.045
627 435 9 9 0.045
885 483 10 12 0.044
932 519 11 14 0.044
698 522 19 14 0.042
759 453 10 10 0.042
716 530 13 13 0.041
821 352 8 9 0.040
966 411 9 13 0.040
903 403 8 10 0.039
837 522 11 16 0.039
972 396 10 14 0.038
865 501 8 12 0.038
828 375 10 14 0.038
904 430 11 11 0.037
837 424 10 23 0.037
800 583 15 16 0.037
640 426 8 10 0.036
702 434 7 9 0.036
683 489 10 12 0.035
816 399 7 23 0.035
725 379 7 9 0.033
803 579 15 18 0.033
981 409 12 13 0.033
797 611 10 13 0.032
690 388 8 17 0.032
919 400 9 10 0.031
786 392 8 30 0.031
803 585 27 17 0.031
731 535 16 20 0.031
704 455 7 14 0.030
908 472 10 11 0.030
972 393 9 13 0.029
894 352 9 9 0.028
843 391 11 17 0.028
716 410 15 11 0.027
807 420 9 25 0.027
879 602 11 13 0.027
898 479 14 16 0.027
637 401 7 9 0.027
797 532 10 13 0.026
755 552 12 14 0.026
948 425 12 15 0.026
1003 435 9 12 0.026
887 523 30 11 0.025
724 564 13 16 0.025
925 568 12 16 0.025
997 450 12 16 0.025
858 381 7 10 0.025
700 377 7 7 0.025
712 527 24 14 0.025
865 507 9 14 0.025
943 357 9 11 0.025
1015 378 9 18 0.023
741 401 30 9 0.023
1015 413 8 13 0.023
960 552 13 19 0.023
763 387 8 12 0.023
868 391 8 10 0.022
708 576 11 16 0.022
946 422 8 11 0.022
704 564 10 14 0.022
846 352 9 12 0.021
856 453 9 12 0.021
