56_Voter_peoplevoting_56_528
29
904 238 57 61 0.826
456 184 40 43 0.812
519 150 33 37 0.784
319 60 21 27 0.781
623 128 30 42 0.776
527 241 52 39 0.746
180 62 17 28 0.742
485 25 17 26 0.704
420 46 15 26 0.666
260 63 18 26 0.645
915 73 17 20 0.620
782 41 13 19 0.530
787 125 21 23 0.495
937 91 14 21 0.492
698 89 17 23 0.466
613 62 14 23 0.443
895 64 16 18 0.367
770 107 15 21 0.164
844 102 17 20 0.156
692 89 18 24 0.114
594 56 14 20 0.106
85 65 15 29 0.102
598 55 16 22 0.098
841 109 18 21 0.086
668 74 18 24 0.085
551 51 13 19 0.059
893 67 16 17 0.054
839 120 16 17 0.038
941 92 15 20 0.022
