56_Voter_peoplevoting_56_781
56
366 195 61 75 0.827
362 83 57 70 0.790
651 155 28 34 0.787
287 104 46 59 0.766
112 76 60 72 0.749
776 125 23 28 0.687
956 137 14 18 0.522
600 138 21 25 0.499
645 120 23 30 0.474
751 117 21 28 0.464
680 111 26 33 0.452
832 129 14 17 0.451
433 120 33 42 0.437
215 143 36 45 0.405
677 121 17 24 0.301
487 115 35 44 0.300
816 136 14 18 0.279
893 117 15 21 0.230
852 113 15 21 0.207
879 112 15 20 0.172
649 125 26 60 0.149
340 69 26 32 0.128
655 123 25 29 0.117
875 117 19 21 0.116
419 95 36 49 0.104
573 152 20 27 0.096
814 141 15 17 0.094
646 120 50 34 0.092
877 112 27 23 0.089
601 165 20 27 0.088
596 133 21 25 0.081
213 124 37 42 0.072
899 112 16 20 0.065
689 115 22 28 0.064
307 113 38 48 0.062
330 93 39 57 0.059
344 84 38 57 0.057
854 122 15 19 0.055
324 105 34 52 0.055
276 174 45 51 0.049
608 315 14 19 0.049
517 106 31 46 0.048
874 124 15 18 0.044
421 82 29 49 0.044
678 104 20 28 0.043
0 182 11 38 0.039
750 124 19 26 0.038
715 138 16 21 0.036
996 121 15 21 0.036
641 116 20 27 0.035
751 139 17 21 0.033
649 129 24 27 0.033
962 141 12 16 0.028
1007 93 13 20 0.025
426 76 20 30 0.022
908 111 13 17 0.021
