56_Voter_peoplevoting_56_620
24
815 134 40 63 0.753
366 197 24 35 0.740
290 199 35 51 0.728
130 193 48 66 0.708
545 210 13 24 0.367
479 233 12 20 0.339
246 243 19 29 0.277
342 246 22 26 0.228
442 235 17 28 0.197
536 213 20 22 0.194
529 218 13 20 0.178
658 234 8 8 0.092
610 236 13 15 0.053
450 232 13 20 0.053
349 248 23 24 0.048
580 232 13 17 0.046
240 238 19 30 0.037
639 234 10 13 0.036
435 237 21 31 0.026
243 252 19 27 0.024
495 210 13 19 0.024
371 224 15 24 0.022
597 235 32 17 0.021
497 232 18 22 0.021
