56_Voter_peoplevoting_56_260
26
472 131 39 51 0.824
911 428 29 40 0.822
847 418 29 35 0.813
42 312 28 35 0.809
276 152 39 50 0.808
947 220 26 35 0.800
838 323 28 34 0.800
25 212 31 39 0.800
930 319 28 36 0.792
684 148 47 50 0.779
57 39 31 41 0.762
930 124 28 34 0.751
0 415 18 37 0.744
857 217 28 36 0.737
1005 431 19 36 0.726
850 26 30 40 0.703
64 118 29 39 0.669
926 23 30 39 0.382
1004 28 20 37 0.346
743 204 25 29 0.160
1018 315 6 35 0.121
1016 118 8 35 0.036
1013 312 11 42 0.026
1018 354 6 37 0.024
1008 320 16 43 0.022
76 300 22 32 0.022
