56_Voter_peoplevoting_56_558
245
645 278 58 79 0.859
399 251 44 84 0.780
893 425 11 15 0.679
597 422 9 12 0.644
625 412 9 11 0.567
835 277 20 26 0.561
490 420 8 10 0.405
635 384 7 10 0.372
920 402 9 10 0.365
963 382 8 10 0.364
979 114 8 11 0.363
620 369 8 9 0.350
586 412 8 11 0.345
935 416 11 13 0.312
1004 95 8 10 0.310
649 429 9 11 0.297
1003 111 7 10 0.287
927 384 8 10 0.277
602 384 8 10 0.267
650 404 9 11 0.267
518 384 7 10 0.266
669 403 8 10 0.264
606 401 8 10 0.260
985 86 7 9 0.235
925 83 7 10 0.231
915 370 8 10 0.226
518 412 9 12 0.226
889 387 9 11 0.215
850 122 8 11 0.211
958 116 9 12 0.209
901 86 7 9 0.206
646 369 8 9 0.205
147 408 8 9 0.204
572 384 8 10 0.201
964 100 7 9 0.200
474 409 9 10 0.199
583 362 7 10 0.197
954 399 8 11 0.186
878 111 7 10 0.184
932 414 10 13 0.184
593 374 7 10 0.183
576 400 8 9 0.179
521 410 8 12 0.178
888 411 10 12 0.169
46 409 8 10 0.168
653 383 8 9 0.166
639 403 8 10 0.158
664 416 9 12 0.151
940 105 9 10 0.149
973 76 7 10 0.146
579 345 5 7 0.143
134 393 7 10 0.142
949 425 10 11 0.142
610 396 8 10 0.137
651 399 8 20 0.135
890 404 9 13 0.126
596 379 9 12 0.122
887 129 7 8 0.121
569 325 6 8 0.120
888 360 8 9 0.119
610 327 7 8 0.115
669 424 8 12 0.109
505 409 8 9 0.107
599 345 8 10 0.107
185 416 8 8 0.107
1011 78 7 11 0.105
891 389 9 11 0.103
542 387 8 9 0.101
937 423 19 12 0.100
961 336 8 11 0.094
641 403 21 11 0.093
747 317 7 10 0.092
946 370 14 10 0.091
603 381 7 28 0.090
555 329 7 7 0.090
914 111 8 10 0.090
947 83 8 11 0.090
951 380 8 25 0.089
959 109 9 21 0.089
1002 114 9 11 0.089
933 126 8 10 0.088
81 406 7 9 0.087
549 300 6 8 0.087
1004 92 6 25 0.086
527 461 11 13 0.086
883 335 7 10 0.086
884 354 7 9 0.086
955 400 11 12 0.083
530 424 8 10 0.083
582 403 10 19 0.082
109 407 7 9 0.080
838 79 9 11 0.080
214 395 7 9 0.079
882 435 10 13 0.079
16 410 8 9 0.079
1012 69 7 24 0.077
935 123 7 10 0.076
943 368 9 12 0.075
1014 287 10 26 0.073
656 413 17 19 0.073
871 406 12 12 0.073
901 88 8 10 0.072
883 330 7 22 0.071
211 423 8 9 0.070
588 440 7 11 0.070
570 401 12 10 0.069
119 400 6 8 0.069
617 409 19 14 0.067
612 327 7 9 0.066
522 392 8 10 0.066
563 364 7 20 0.065
1011 58 7 19 0.065
600 342 8 21 0.065
882 78 8 9 0.064
953 111 17 14 0.064
633 380 16 15 0.063
576 425 9 11 0.062
815 106 7 9 0.061
796 115 6 11 0.058
868 80 8 9 0.058
540 379 8 21 0.057
650 425 13 16 0.055
662 364 7 11 0.054
914 60 7 8 0.053
767 130 8 12 0.053
949 377 13 18 0.053
85 401 7 12 0.052
162 396 8 9 0.051
964 56 9 8 0.050
10 369 6 8 0.050
555 338 6 22 0.050
914 65 7 15 0.050
188 396 9 9 0.050
555 324 6 21 0.049
902 145 7 10 0.049
658 380 7 11 0.048
985 76 6 40 0.048
885 105 9 10 0.048
158 382 8 11 0.047
557 424 8 11 0.047
566 324 10 14 0.047
952 282 7 8 0.047
543 383 10 12 0.046
46 390 7 19 0.046
588 414 14 17 0.045
824 68 8 8 0.045
92 395 12 9 0.045
965 407 8 11 0.044
954 369 8 17 0.044
633 328 8 8 0.043
804 129 8 11 0.042
885 405 12 24 0.041
642 350 6 9 0.041
515 424 8 13 0.041
670 428 8 10 0.040
875 105 9 17 0.039
869 97 7 9 0.039
583 349 7 29 0.038
836 102 8 11 0.038
795 113 7 7 0.038
466 382 7 9 0.038
966 81 7 29 0.037
24 358 6 7 0.037
558 350 8 25 0.037
609 172 7 8 0.037
781 331 9 10 0.037
952 427 10 11 0.037
111 401 8 18 0.036
768 122 6 25 0.036
920 84 23 11 0.036
741 126 8 8 0.036
964 53 9 17 0.035
887 63 10 8 0.035
941 352 8 15 0.035
215 396 8 9 0.035
86 343 6 8 0.035
767 315 6 8 0.035
866 77 11 16 0.034
957 417 11 15 0.034
872 128 10 10 0.034
1016 128 8 13 0.034
931 130 7 10 0.034
146 366 7 17 0.033
913 57 8 18 0.033
916 102 7 21 0.033
571 383 8 28 0.032
847 126 10 13 0.032
916 380 14 50 0.032
791 114 11 10 0.031
912 115 8 10 0.031
947 58 10 24 0.031
784 328 7 9 0.031
592 328 8 8 0.031
57 374 8 26 0.031
815 105 8 16 0.031
883 337 7 10 0.030
487 388 9 19 0.030
766 126 7 11 0.030
1000 340 8 10 0.030
802 126 17 9 0.030
229 363 6 7 0.030
772 149 7 10 0.029
837 147 7 10 0.029
888 360 18 19 0.029
130 370 8 16 0.029
985 52 11 21 0.029
826 131 7 14 0.029
639 147 7 8 0.028
939 349 8 22 0.028
556 429 11 14 0.028
866 80 7 11 0.028
543 388 11 12 0.028
922 313 6 21 0.027
743 317 18 9 0.026
835 103 10 20 0.026
949 324 8 11 0.026
954 116 10 25 0.026
874 387 11 13 0.025
561 353 7 37 0.025
929 132 7 12 0.025
884 430 13 15 0.025
931 330 11 22 0.024
780 334 9 10 0.024
927 59 8 8 0.024
580 350 18 28 0.024
730 142 8 9 0.023
965 341 11 12 0.023
909 415 13 13 0.023
575 303 7 11 0.023
796 112 7 28 0.022
941 303 7 9 0.022
110 344 7 9 0.022
620 333 7 31 0.022
953 130 7 16 0.022
948 64 8 31 0.021
472 365 7 11 0.021
814 101 14 16 0.021
990 66 22 28 0.021
186 384 7 28 0.021
775 103 7 9 0.021
4 381 8 24 0.021
926 385 16 18 0.020
987 46 10 39 0.020
972 347 7 9 0.020
22 371 8 27 0.020
