    21/249     5.61G   0.04842   0.02574         0   0.01129   0.08545        32       800    0.4317    0.6778    0.6464    0.2983   0.04524   0.03021         0
    22/249     5.62G   0.04828   0.02594         0   0.01114   0.08537        22       800    0.4259    0.6744    0.6414    0.2913    0.0454   0.03028         0
    23/249     5.97G    0.0484   0.02551         0    0.0111   0.08501        31       800    0.4146     0.677    0.6428    0.2947   0.04526   0.03028         0
    24/249     5.97G   0.04757   0.02517         0   0.01094   0.08368         8       800    0.4447    0.6708    0.6413    0.2919   0.04534   0.03004         0
    25/249     5.97G   0.04821   0.02602         0    0.0109   0.08513        49       800      0.47    0.6685    0.6432    0.2942   0.04515   0.02989         0
    26/249     5.97G   0.04753   0.02518         0   0.01086   0.08357         1       800     0.442    0.6809    0.6493    0.2937   0.04493   0.03005         0
    27/249     5.97G   0.04734   0.02546         0   0.01061   0.08341        43       800    0.4379    0.6822    0.6521    0.2991    0.0446   0.02996         0
    28/249     5.97G   0.04684   0.02546         0   0.01056   0.08286        19       800    0.4707     0.684    0.6576    0.3038   0.04446   0.02968         0
    29/249     5.97G   0.04781   0.02675         0   0.01061   0.08518        15       800    0.4711    0.6798     0.654    0.3026   0.04444   0.02982         0
    30/249     5.97G   0.04745     0.026         0   0.01052   0.08396        12       800    0.4582     0.684    0.6569    0.3031   0.04434   0.02976         0
    31/249     5.97G   0.04744   0.02553         0    0.0104   0.08337        12       800    0.4645    0.6921    0.6659    0.3089    0.0439   0.02955         0
    32/249     5.97G   0.04625   0.02501         0   0.01034   0.08161        18       800    0.4699    0.6844    0.6575    0.3005   0.04425   0.02959         0
    33/249     5.97G   0.04667   0.02581         0   0.01034   0.08283         2       800    0.4621     0.696    0.6697    0.3115   0.04374   0.02954         0
    34/249     5.97G   0.04674    0.0253         0   0.01034   0.08238        18       800    0.4739    0.6908    0.6665    0.3082   0.04381   0.02952         0
    35/249     5.97G   0.04636   0.02493         0   0.01025   0.08154        14       800    0.4763    0.6972     0.672    0.3118    0.0437   0.02939         0
    36/249     5.97G   0.04672   0.02507         0   0.01017   0.08196        18       800    0.4699    0.6867    0.6602    0.3056   0.04381   0.02947         0
    37/249     5.97G   0.04577   0.02524         0   0.01019   0.08121         8       800    0.4828    0.6911     0.668     0.309   0.04368   0.02934         0
    38/249     5.97G   0.04613   0.02523         0   0.01005   0.08141        16       800    0.4694    0.6966    0.6708    0.3096    0.0436   0.02942         0
    39/249     5.97G   0.04617   0.02476         0   0.01008     0.081         5       800     0.483    0.6955    0.6722    0.3108   0.04351   0.02935         0
    40/249     5.97G   0.04645   0.02517         0   0.01006   0.08167        18       800     0.475    0.6995    0.6738    0.3111   0.04336   0.02933         0
    41/249     5.97G   0.04585   0.02455         0  0.009911   0.08032        37       800    0.4889    0.6981    0.6766    0.3137    0.0433   0.02919         0
    42/249     5.97G   0.04615   0.02516         0  0.009913   0.08122        44       800    0.4895    0.6958    0.6738    0.3131   0.04325    0.0292         0
    43/249     5.97G   0.04563   0.02459         0  0.009906   0.08012        20       800    0.4884    0.6993    0.6773    0.3152   0.04306   0.02922         0
    44/249     5.97G    0.0456   0.02523         0  0.009739   0.08057        18       800    0.4813    0.7037    0.6807    0.3168   0.04298   0.02922         0
    45/249     5.97G    0.0455   0.02491         0   0.00983   0.08024        15       800    0.4859    0.7009    0.6787    0.3146   0.04304   0.02914         0
    46/249     5.97G   0.04534   0.02449         0  0.009768    0.0796        17       800     0.485    0.6987     0.676    0.3132    0.0431   0.02906         0
    47/249     5.97G   0.04531   0.02451         0   0.00971   0.07953        38       800    0.4865    0.7001     0.677    0.3137   0.04306   0.02906         0
    48/249     5.97G   0.04623   0.02547         0  0.009779   0.08148        18       800     0.489    0.7055    0.6828    0.3166   0.04289   0.02905         0
    49/249     5.97G   0.04506   0.02488         0  0.009661   0.07961        30       800    0.4913    0.7048    0.6825    0.3172   0.04285   0.02906         0
    50/249     5.97G    0.0452   0.02501         0  0.009631   0.07984        17       800      0.49    0.7033    0.6811    0.3162   0.04287     0.029         0
    51/249     5.97G    0.0457   0.02494         0  0.009684   0.08033        18       800    0.4893    0.7049    0.6817    0.3166   0.04281   0.02902         0
    52/249     5.97G   0.04494   0.02448         0  0.009651   0.07907        14       800    0.4876    0.7067    0.6838    0.3184   0.04269   0.02899         0
    53/249     5.97G   0.04504   0.02456         0  0.009604    0.0792        10       800    0.4894    0.7071    0.6841    0.3192   0.04263   0.02898         0
    54/249     5.97G   0.04527   0.02477         0   0.00943   0.07947        15       800    0.4885    0.7074    0.6848    0.3199   0.04257   0.02898         0
    55/249     5.97G   0.04476   0.02398         0  0.009524   0.07827        18       800     0.494     0.708    0.6862    0.3207   0.04253   0.02893         0
    56/249     5.97G   0.04509   0.02437         0  0.009533   0.07899        15       800    0.4924    0.7093    0.6879    0.3217   0.04251   0.02892         0
    57/249     5.97G   0.04417   0.02414         0   0.00943   0.07774        11       800    0.4974    0.7111    0.6906    0.3226   0.04243    0.0289         0
    58/249     5.97G   0.04458   0.02424         0  0.009397   0.07821        18       800     0.491    0.7118    0.6896    0.3227    0.0424   0.02894         0
    59/249     5.97G   0.04491   0.02452         0  0.009457   0.07889        15       800    0.4921     0.712    0.6903    0.3229   0.04237   0.02891         0
    60/249     5.97G   0.04543   0.02453         0  0.009476   0.07944        15       800    0.4898    0.7125    0.6901    0.3234   0.04233   0.02891         0
    61/249     5.97G   0.04464   0.02427         0  0.009365   0.07827        15       800    0.4933    0.7124    0.6907    0.3235    0.0423   0.02888         0
    62/249     5.97G   0.04469   0.02507         0   0.00949   0.07925        18       800    0.4437    0.7175    0.6886    0.3233   0.04228   0.02947         0
    63/249     5.97G   0.04515   0.02504         0  0.009347   0.07954        18       800     0.418    0.7177    0.6859    0.3219    0.0423   0.02995         0
    64/249     5.97G   0.04455   0.02422         0  0.009243   0.07801        21       800    0.4287     0.718    0.6876    0.3227   0.04227    0.0297         0
    65/249     5.97G   0.04445    0.0239         0  0.009315   0.07767         6       800    0.4402    0.7185    0.6891    0.3234   0.04223    0.0295         0
    66/249     5.97G   0.04483   0.02457         0  0.009341   0.07874        18       800    0.4485    0.7189     0.691     0.324   0.04219   0.02937         0
    67/249     5.97G   0.04476   0.02468         0  0.009329   0.07877        18       800    0.4522    0.7186    0.6907    0.3243   0.04219   0.02932         0
    68/249     5.97G   0.04426   0.02446         0  0.009243   0.07796        15       800    0.4536    0.7176      0.69    0.3238   0.04219    0.0293         0
    69/249     5.97G   0.04456   0.02412         0  0.009304   0.07798        19       800     0.458    0.7185    0.6916    0.3245   0.04217   0.02925         0
    70/249     5.97G   0.04389   0.02387         0  0.009196   0.07696        77       800    0.4603     0.719    0.6923    0.3248   0.04214    0.0292         0
    71/249     5.97G   0.04428    0.0242         0  0.009112   0.07759        25       800    0.4639    0.7185    0.6925    0.3254   0.04211   0.02914         0
    72/249     5.97G   0.04435   0.02439         0  0.009125   0.07787        18       800    0.4641    0.7192    0.6931    0.3257   0.04206   0.02911         0
    73/249     5.97G   0.04409   0.02429         0  0.009071   0.07745        29       800    0.4665    0.7189    0.6934     0.326   0.04204   0.02908         0
    74/249     5.97G   0.04412   0.02415         0  0.009066   0.07734        14       800    0.4681    0.7188    0.6935     0.326   0.04202   0.02905         0
    75/249     5.97G   0.04432   0.02418         0  0.009147   0.07765        24       800    0.4696     0.719    0.6936     0.326   0.04201   0.02903         0
    76/249     5.97G   0.04425   0.02394         0  0.009158   0.07735        43       800    0.4715    0.7195    0.6943    0.3262   0.04198   0.02899         0
    77/249     5.97G   0.04448   0.02455         0  0.008993   0.07803        18       800    0.4729    0.7198    0.6948    0.3265   0.04196   0.02897         0
    78/249     5.97G   0.04446   0.02459         0  0.009057    0.0781         3       800    0.4724    0.7196    0.6948    0.3263   0.04196   0.02897         0
    79/249     5.97G   0.04394   0.02385         0  0.009022   0.07681        16       800    0.4741    0.7204    0.6955    0.3266   0.04194   0.02894         0
    80/249     5.97G   0.04381     0.024         0  0.009006   0.07682        15       800    0.4756    0.7203    0.6956    0.3267   0.04192   0.02892         0
    81/249     5.97G    0.0436   0.02398         0  0.008949   0.07653        16       800    0.4774    0.7209    0.6964    0.3269   0.04191    0.0289         0
    82/249     5.97G   0.04393   0.02434         0  0.008951   0.07722        18       800    0.4778    0.7207    0.6963    0.3269    0.0419   0.02889         0
    83/249     5.97G   0.04382   0.02377         0  0.008948   0.07654        27       800    0.4786    0.7208    0.6967    0.3274   0.04189   0.02888         0
    84/249     5.97G   0.04358   0.02423         0  0.008939   0.07675        33       800    0.4789    0.7207    0.6971    0.3276   0.04187   0.02887         0
    85/249     5.97G   0.04335   0.02352         0  0.008858   0.07572        23       800      0.48    0.7211    0.6971    0.3279   0.04186   0.02886         0
    86/249     5.97G   0.04332   0.02403         0  0.008905   0.07626        16       800    0.4813    0.7212    0.6975    0.3279   0.04184   0.02884         0
    87/249     5.97G   0.04347   0.02341         0  0.008846   0.07572        19       800    0.4817    0.7207    0.6976    0.3279   0.04183   0.02883         0
    88/249     5.97G   0.04341   0.02372         0  0.008872   0.07601        26       800     0.482    0.7208    0.6978     0.328   0.04182   0.02882         0
    89/249     5.97G   0.04301    0.0232         0  0.008836   0.07504        20       800    0.4833     0.721    0.6978    0.3283   0.04181   0.02881         0
    90/249     5.97G   0.04322   0.02401         0  0.008746   0.07598        15       800    0.4847    0.7212     0.698    0.3284    0.0418    0.0288         0
    91/249     5.97G   0.04351   0.02393         0  0.008836   0.07628        17       800    0.4858    0.7215    0.6985    0.3287   0.04178   0.02879         0
    92/249     5.97G    0.0437   0.02391         0  0.008822   0.07643        17       800    0.4862    0.7216    0.6985    0.3288   0.04177   0.02878         0
    93/249     5.97G   0.04313   0.02384         0  0.008735   0.07571        24       800    0.4869    0.7213    0.6986     0.329   0.04176   0.02876         0
    94/249     5.97G   0.04326   0.02392         0  0.008752   0.07594        15       800    0.4877    0.7215    0.6988     0.329   0.04175   0.02875         0
    95/249     5.97G   0.04318   0.02374         0  0.008844   0.07576         4       800    0.4884    0.7214     0.699    0.3292   0.04174   0.02874         0
    96/249     5.97G   0.04337   0.02388         0  0.008699   0.07594        14       800    0.4891    0.7215    0.6993    0.3294   0.04173   0.02873         0
    97/249     5.97G   0.04306   0.02412         0  0.008809     0.076         9       800      0.49    0.7214    0.6992    0.3294   0.04172   0.02872         0
    98/249     5.97G   0.04302    0.0238         0  0.008674   0.07549        22       800    0.4905    0.7208     0.699    0.3295   0.04171   0.02872         0
    99/249     5.97G   0.04316    0.0238         0  0.008662   0.07562        15       800    0.4916    0.7207    0.6991    0.3296    0.0417   0.02871         0
   100/249     5.97G   0.04278   0.02359         0  0.008661   0.07503        18       800    0.4923    0.7209    0.6993    0.3298   0.04169    0.0287         0
   101/249     5.97G   0.04356   0.02381         0  0.008667   0.07603        18       800    0.4934    0.7212    0.6996    0.3299   0.04168   0.02869         0
   102/249     5.97G   0.04293   0.02338         0   0.00872   0.07503        19       800     0.495    0.7215    0.6998    0.3302   0.04168   0.02868         0
   103/249     5.97G   0.04264   0.02358         0  0.008656   0.07488        66       800    0.4956    0.7213    0.6999    0.3302   0.04167   0.02867         0
   104/249     5.97G   0.04305   0.02348         0  0.008581   0.07511        23       800    0.4959    0.7209    0.6998    0.3302   0.04166   0.02866         0
   105/249     5.97G   0.04291   0.02371         0  0.008596   0.07521        15       800     0.497    0.7211    0.7001    0.3304   0.04166   0.02865         0
   106/249     5.97G   0.04339   0.02349         0  0.008633   0.07552        12       800    0.4978     0.721    0.7001    0.3303   0.04165   0.02864         0
   107/249     5.97G   0.04335   0.02383         0  0.008541   0.07572        19       800    0.4988    0.7212    0.7002    0.3303   0.04164   0.02863         0
   108/249     5.97G   0.04256   0.02362         0  0.008551   0.07473        16       800    0.4998    0.7212    0.7002    0.3305   0.04164   0.02863         0
   109/249     5.97G   0.04299   0.02371         0  0.008564   0.07527        16       800     0.501    0.7216    0.7006    0.3305   0.04163   0.02862         0
   110/249     5.97G   0.04307   0.02352         0  0.008548   0.07514        16       800    0.5021    0.7216    0.7007    0.3306   0.04163   0.02861         0
   111/249     5.97G   0.04333   0.02342         0  0.008555   0.07531        14       800    0.5031    0.7214    0.7008    0.3308   0.04162    0.0286         0
   112/249     5.97G   0.04233   0.02357         0  0.008429   0.07432        25       800    0.5034    0.7212    0.7007    0.3307   0.04161   0.02859         0
   113/249     5.97G   0.04236   0.02411         0  0.008493   0.07497        85       800    0.5047    0.7214     0.701    0.3309    0.0416   0.02858         0
   114/249     5.97G   0.04271   0.02362         0  0.008467    0.0748        19       800    0.5056    0.7214    0.7013    0.3311    0.0416   0.02857         0
   115/249     5.97G   0.04284   0.02374         0   0.00842     0.075        15       800    0.5067    0.7213    0.7013    0.3311   0.04159   0.02856         0
   116/249     5.97G   0.04306   0.02393         0  0.008467   0.07546        18       800    0.5079    0.7214    0.7016    0.3312   0.04158   0.02855         0
   117/249     5.97G   0.04264   0.02374         0  0.008454   0.07483         3       800    0.5091    0.7212    0.7016    0.3312   0.04158   0.02854         0
   118/249     5.97G   0.04273   0.02356         0   0.00838   0.07467        16       800      0.51    0.7215    0.7019    0.3312   0.04157   0.02854         0
   119/249     5.97G   0.04265   0.02382         0  0.008411   0.07489        62       800    0.5109    0.7214    0.7019    0.3314   0.04157   0.02853         0
   120/249     5.97G   0.04247   0.02346         0  0.008434   0.07437        15       800    0.5117    0.7217    0.7022    0.3313   0.04157   0.02852         0
   121/249     5.97G   0.04221   0.02303         0    0.0084   0.07364        15       800    0.5133    0.7215    0.7024    0.3315   0.04156   0.02851         0
   122/249     5.97G   0.04215   0.02375         0  0.008389   0.07429        15       800    0.5137    0.7215    0.7023    0.3316   0.04155   0.02851         0
   123/249     5.97G    0.0422   0.02286         0  0.008337    0.0734        18       800    0.5151    0.7215    0.7027    0.3318   0.04154    0.0285         0
   124/249     5.97G   0.04261   0.02395         0  0.008322   0.07489        15       800    0.5158     0.721    0.7025    0.3318   0.04153   0.02849         0
   125/249     5.97G   0.04168   0.02306         0  0.008297   0.07304        29       800    0.5167    0.7211    0.7026    0.3319   0.04152   0.02848         0
   126/249     5.97G   0.04181   0.02328         0  0.008321   0.07341        14       800    0.5181    0.7214    0.7029    0.3321   0.04151   0.02847         0
   127/249     5.97G   0.04201    0.0235         0  0.008322   0.07383        17       800    0.5188    0.7211    0.7029    0.3323   0.04151   0.02846         0
   128/249     5.97G   0.04227   0.02334         0   0.00829    0.0739         4       800    0.5192     0.721    0.7029    0.3325    0.0415   0.02846         0
   129/249     5.97G   0.04195   0.02333         0  0.008188   0.07348        14       800    0.5203    0.7212    0.7033    0.3326   0.04149   0.02845         0
   130/249     5.97G   0.04197   0.02299         0  0.008254   0.07322        18       800    0.5211    0.7212    0.7034    0.3325   0.04149   0.02844         0
   131/249     5.97G   0.04204   0.02288         0  0.008215   0.07314         8       800    0.5223    0.7212    0.7035    0.3326   0.04148   0.02844         0
   132/249     5.97G   0.04171   0.02282         0  0.008202   0.07274        17       800    0.5235     0.721    0.7034    0.3327   0.04147   0.02842         0
   133/249     5.97G   0.04207   0.02286         0  0.008278    0.0732        15       800    0.5246     0.721    0.7036    0.3326   0.04147   0.02842         0
   134/249     5.97G   0.04225   0.02321         0  0.008275   0.07373        15       800    0.5258     0.721    0.7037    0.3327   0.04147   0.02841         0
   135/249     5.97G   0.04181   0.02316         0  0.008174   0.07314         2       800    0.5271    0.7208    0.7038    0.3329   0.04146    0.0284         0
   136/249     5.97G   0.04169   0.02314         0  0.008144   0.07297        10       800    0.5272     0.721    0.7039    0.3329   0.04146    0.0284         0
   137/249     5.97G   0.04145    0.0231         0  0.008154   0.07271        15       800    0.5288     0.721    0.7044     0.333   0.04145    0.0284         0
   138/249     5.97G   0.04222   0.02337         0   0.00819   0.07378        18       800    0.5277    0.7209    0.7042     0.333   0.04145    0.0284         0
   139/249     5.97G   0.04219   0.02343         0  0.008231   0.07385         8       800    0.5274    0.7212    0.7043     0.333   0.04144    0.0284         0
   140/249     5.97G   0.04221   0.02314         0  0.008184   0.07354        11       800    0.5275    0.7214    0.7044     0.333   0.04143    0.0284         0
   141/249     5.97G    0.0419   0.02298         0  0.008178   0.07305        18       800    0.5287    0.7214    0.7047    0.3331   0.04143   0.02839         0
   142/249     5.97G   0.04154   0.02296         0  0.008095    0.0726        16       800    0.5295    0.7212    0.7046    0.3332   0.04142   0.02838         0
   143/249     5.97G   0.04176   0.02312         0  0.008108     0.073        14       800    0.5305    0.7213    0.7047    0.3333   0.04142   0.02838         0
   144/249     5.97G    0.0417    0.0232         0  0.008092   0.07299        14       800    0.5308    0.7209    0.7048    0.3333   0.04141   0.02838         0
   145/249     5.97G   0.04193    0.0232         0  0.008146   0.07327         3       800    0.5308    0.7212    0.7047    0.3334   0.04141   0.02837         0
   146/249     5.97G     0.042   0.02367         0  0.008171   0.07385        22       800    0.5316    0.7214    0.7051    0.3335    0.0414   0.02837         0
   147/249     5.97G   0.04182   0.02277         0  0.008066   0.07266        15       800    0.5326    0.7214    0.7051    0.3335    0.0414   0.02837         0
   148/249     5.97G   0.04154   0.02333         0  0.008062   0.07293        15       800    0.5334    0.7211     0.705    0.3336   0.04139   0.02836         0
   149/249     5.97G   0.04148    0.0232         0  0.007944   0.07262        18       800    0.5343    0.7208    0.7048    0.3336   0.04139   0.02835         0
   150/249     5.97G   0.04142   0.02322         0  0.008046   0.07269        15       800    0.5349    0.7204    0.7047    0.3335   0.04138   0.02834         0
   151/249     5.97G   0.04172   0.02335         0  0.008135   0.07321        14       800    0.5354    0.7203    0.7048    0.3338   0.04138   0.02834         0
   152/249     5.97G    0.0413   0.02299         0  0.007977   0.07227        31       800    0.5355    0.7201    0.7046    0.3337   0.04137   0.02834         0
   153/249     5.97G   0.04125   0.02284         0  0.007948   0.07204         4       800    0.5365      0.72    0.7048    0.3338   0.04136   0.02833         0
   154/249     5.97G   0.04134   0.02312         0  0.007918   0.07238        18       800    0.5369    0.7203    0.7049    0.3339   0.04136   0.02833         0
   155/249     5.97G    0.0417   0.02343         0  0.007995   0.07312        19       800    0.5373    0.7204    0.7051     0.334   0.04135   0.02832         0
   156/249     5.97G   0.04145   0.02297         0  0.007953   0.07238         7       800    0.5379    0.7205    0.7053     0.334   0.04135   0.02832         0
   157/249     5.97G   0.04191   0.02337         0   0.00797   0.07324        21       800    0.5387    0.7205    0.7055    0.3343   0.04134   0.02832         0
   158/249     5.97G    0.0407   0.02238         0  0.007936   0.07101        15       800    0.5394    0.7206    0.7057    0.3343   0.04133   0.02831         0
   159/249     5.97G   0.04147   0.02311         0  0.007955   0.07253        12       800    0.5396    0.7202    0.7055    0.3343   0.04133   0.02831         0
   160/249     5.97G   0.04131   0.02291         0  0.007982    0.0722        15       800    0.5411    0.7205    0.7059    0.3344   0.04132   0.02831         0
   161/249     5.97G   0.04141   0.02287         0  0.007903   0.07218        18       800    0.5423    0.7207    0.7061    0.3347   0.04132    0.0283         0
   162/249     5.97G   0.04121     0.023         0  0.007929   0.07214         7       800    0.5419    0.7207    0.7061    0.3348   0.04131    0.0283         0
   163/249     5.97G   0.04105   0.02274         0  0.007864   0.07166        18       800    0.5424    0.7204     0.706    0.3349    0.0413   0.02829         0
   164/249     5.97G   0.04092   0.02245         0  0.007811   0.07118        15       800    0.5432    0.7203    0.7059     0.335    0.0413   0.02829         0
   165/249     5.97G   0.04112   0.02291         0  0.007863    0.0719        67       800    0.5441      0.72    0.7059     0.335   0.04129   0.02828         0
   166/249     5.97G   0.04116   0.02298         0  0.007873   0.07201        16       800    0.5447    0.7199     0.706    0.3352   0.04129   0.02828         0
   167/249     5.97G   0.04116   0.02295         0  0.007857   0.07197        18       800    0.5448    0.7201    0.7062    0.3352   0.04128   0.02828         0
   168/249     5.97G   0.04137   0.02309         0  0.007918   0.07238        25       800    0.5458    0.7202    0.7064    0.3355   0.04127   0.02828         0
   169/249     5.97G   0.04082   0.02274         0  0.007824   0.07138        18       800    0.5466    0.7201    0.7065    0.3357   0.04126   0.02827         0
   170/249     5.97G   0.04086    0.0228         0  0.007813   0.07146        11       800    0.5474    0.7202    0.7065    0.3358   0.04126   0.02827         0
   171/249     5.97G   0.04034   0.02226         0  0.007729   0.07033         3       800    0.5479    0.7202    0.7067    0.3359   0.04126   0.02826         0
   172/249     5.97G   0.04128   0.02338         0  0.007847   0.07251        39       800    0.5475    0.7202    0.7066    0.3358   0.04125   0.02826         0
   173/249     5.97G   0.04051   0.02252         0  0.007717   0.07075        18       800    0.5482    0.7203    0.7067    0.3359   0.04124   0.02826         0
   174/249     5.97G     0.041   0.02283         0  0.007765    0.0716        18       800    0.5484    0.7205     0.707    0.3361   0.04123   0.02826         0
   175/249     5.97G    0.0409   0.02236         0  0.007824   0.07108        41       800    0.5492    0.7207    0.7071    0.3362   0.04123   0.02825         0
   176/249     5.97G   0.04061   0.02252         0  0.007778    0.0709        18       800    0.5501    0.7208    0.7073    0.3364   0.04122   0.02825         0
   177/249     5.97G   0.04076   0.02259         0   0.00774    0.0711        73       800     0.551    0.7209    0.7077    0.3365   0.04122   0.02824         0
   178/249     5.97G   0.04074   0.02219         0  0.007674    0.0706        15       800    0.5513     0.721    0.7078    0.3367   0.04121   0.02824         0
   179/249     5.97G   0.04081   0.02235         0  0.007726   0.07089        29       800    0.5518    0.7211    0.7081    0.3367   0.04121   0.02823         0
   180/249     5.97G   0.04102   0.02267         0  0.007729   0.07141        21       800    0.5525     0.721     0.708    0.3369    0.0412   0.02823         0
   181/249     5.97G   0.04099   0.02279         0  0.007725   0.07151        43       800     0.553     0.721    0.7081    0.3369    0.0412   0.02823         0
   182/249     5.97G   0.04087   0.02247         0  0.007741   0.07108        15       800    0.5533    0.7208    0.7079    0.3369    0.0412   0.02823         0
   183/249     5.97G   0.04061   0.02245         0   0.00766   0.07072        29       800     0.554    0.7209    0.7081     0.337   0.04119   0.02822         0
   184/249     5.97G   0.04059   0.02211         0  0.007667   0.07037         6       800    0.5546    0.7209    0.7083    0.3371   0.04119   0.02822         0
   185/249     5.97G   0.04004   0.02243         0  0.007624    0.0701         6       800    0.5547    0.7205    0.7081    0.3371   0.04118   0.02822         0
   186/249     5.97G   0.03992   0.02234         0  0.007626   0.06989        18       800    0.5554    0.7203     0.708    0.3371   0.04118   0.02821         0
   187/249     5.97G   0.04044   0.02232         0  0.007641    0.0704        44       800    0.5566     0.721    0.7086    0.3372   0.04117   0.02821         0
   188/249     5.97G   0.04054   0.02245         0  0.007649   0.07064        74       800    0.5577    0.7209    0.7088    0.3373   0.04117   0.02821         0
   189/249     5.97G   0.04035   0.02288         0  0.007684   0.07091        17       800    0.5577    0.7204    0.7085    0.3373   0.04116    0.0282         0
   190/249     5.97G   0.04031   0.02196         0  0.007712   0.06999         6       800    0.5587    0.7203    0.7087    0.3375   0.04116    0.0282         0
   191/249     5.97G   0.04034    0.0227         0  0.007629   0.07067        49       800    0.5591    0.7205    0.7089    0.3375   0.04116    0.0282         0
   192/249     5.97G   0.04042    0.0223         0  0.007669   0.07039        18       800    0.5598    0.7203    0.7089    0.3376   0.04115   0.02819         0
   193/249     5.97G   0.04028   0.02284         0  0.007592   0.07071         6       800    0.5608    0.7204    0.7091    0.3376   0.04115   0.02819         0
   194/249     5.97G   0.04049   0.02294         0   0.00752   0.07094        27       800    0.5606    0.7205    0.7092    0.3377   0.04114   0.02818         0
   195/249     5.97G   0.03997   0.02194         0  0.007561   0.06948        28       800    0.5606    0.7205    0.7092    0.3377   0.04113   0.02818         0
   196/249     5.97G   0.04045   0.02201         0  0.007523   0.06998        15       800    0.5618    0.7206    0.7094    0.3379   0.04113   0.02818         0
   197/249     5.97G   0.03983   0.02215         0  0.007542   0.06952        17       800    0.5617    0.7203    0.7091     0.338   0.04112   0.02818         0
   198/249     5.97G   0.04008   0.02238         0  0.007557   0.07002        19       800    0.5616    0.7206    0.7092    0.3381   0.04111   0.02817         0
   199/249     5.97G   0.04048   0.02236         0   0.00759   0.07043        50       800    0.5626    0.7205    0.7093    0.3381    0.0411   0.02817         0
   200/249     5.97G   0.03978   0.02205         0  0.007501   0.06933        20       800    0.5635    0.7206    0.7094    0.3382    0.0411   0.02817         0
   201/249     5.97G   0.03976   0.02212         0  0.007468   0.06934        18       800    0.5645    0.7208    0.7098    0.3383   0.04109   0.02816         0
   202/249     5.97G   0.03999   0.02246         0  0.007494   0.06994        32       800    0.5647    0.7209    0.7097    0.3384   0.04108   0.02816         0
   203/249     5.97G   0.04012    0.0228         0  0.007506   0.07043        18       800    0.5649    0.7211    0.7099    0.3384   0.04108   0.02816         0
   204/249     5.97G   0.04027   0.02286         0  0.007559   0.07068        29       800    0.5656    0.7212      0.71    0.3384   0.04107   0.02816         0
   205/249     5.97G   0.03984   0.02215         0  0.007508    0.0695        16       800    0.5657    0.7212      0.71    0.3384   0.04107   0.02816         0
   206/249     5.97G   0.04033   0.02267         0  0.007531   0.07053        14       800    0.5659    0.7213      0.71    0.3385   0.04107   0.02816         0
   207/249     5.97G      0.04   0.02255         0  0.007496   0.07004         6       800     0.566    0.7216    0.7103    0.3385   0.04106   0.02816         0
   208/249     5.97G   0.03978   0.02221         0  0.007415    0.0694        16       800    0.5665    0.7216    0.7105    0.3386   0.04106   0.02816         0
   209/249     5.97G   0.03953   0.02223         0  0.007479   0.06924        23       800    0.5668    0.7214    0.7105    0.3386   0.04106   0.02816         0
   210/249     5.97G   0.03955   0.02161         0   0.00747   0.06864        18       800    0.5678    0.7217    0.7106    0.3387   0.04105   0.02816         0
   211/249     5.97G   0.03987   0.02239         0  0.007475   0.06973        18       800    0.5685    0.7215    0.7106    0.3388   0.04105   0.02816         0
   212/249     5.97G   0.03959   0.02191         0  0.007444   0.06895        14       800     0.569    0.7213    0.7107    0.3388   0.04105   0.02815         0
   213/249     5.97G   0.03972   0.02225         0  0.007491   0.06946        16       800      0.57    0.7217    0.7112    0.3389   0.04104   0.02815         0
   214/249     5.97G   0.04008   0.02276         0  0.007449   0.07029        16       800    0.5703    0.7215    0.7111     0.339   0.04103   0.02815         0
   215/249     5.97G   0.03918   0.02164         0  0.007378    0.0682        19       800    0.5706    0.7214    0.7111    0.3389   0.04103   0.02816         0
   216/249     5.97G   0.04013   0.02241         0   0.00746      0.07        24       800    0.5711    0.7213    0.7112    0.3391   0.04103   0.02815         0
   217/249     5.97G   0.03958   0.02227         0  0.007462   0.06932        34       800    0.5712    0.7214    0.7113    0.3392   0.04102   0.02816         0
   218/249     5.97G   0.03973   0.02216         0  0.007385   0.06928        18       800    0.5716    0.7214    0.7115    0.3392   0.04103   0.02816         0
   219/249     5.97G   0.03967   0.02195         0  0.007372   0.06899        23       800    0.5717    0.7212    0.7114    0.3393   0.04102   0.02816         0
   220/249     5.97G   0.03983   0.02215         0  0.007424    0.0694        34       800    0.5718    0.7211    0.7114    0.3393   0.04102   0.02816         0
   221/249     5.97G    0.0397   0.02193         0   0.00741   0.06905        18       800    0.5727    0.7212    0.7115    0.3393   0.04101   0.02816         0
   222/249     5.97G   0.04009   0.02252         0    0.0074   0.07001        20       800    0.5728    0.7213    0.7117    0.3395   0.04101   0.02816         0
   223/249     5.97G    0.0397   0.02219         0  0.007441   0.06932        28       800    0.5729    0.7212    0.7115    0.3395     0.041   0.02816         0
   224/249     5.97G   0.03971   0.02236         0  0.007412   0.06949        89       800    0.5737    0.7212    0.7115    0.3396     0.041   0.02816         0
   225/249     5.97G   0.03953   0.02235         0  0.007355   0.06923        15       800    0.5737    0.7212    0.7116    0.3396     0.041   0.02815         0
   226/249     5.97G   0.03919   0.02225         0  0.007319   0.06876        15       800    0.5746    0.7215    0.7119    0.3397   0.04099   0.02816         0
   227/249     5.97G   0.03976   0.02194         0  0.007406   0.06911        16       800    0.5752    0.7217    0.7122    0.3399   0.04099   0.02816         0
   228/249     5.97G   0.03928   0.02216         0  0.007333   0.06877        16       800    0.5753    0.7218    0.7122    0.3399   0.04098   0.02816         0
   229/249     5.97G   0.03974   0.02228         0  0.007366   0.06939        26       800    0.5759    0.7218    0.7124      0.34   0.04098   0.02816         0
   230/249     5.97G   0.03928   0.02197         0   0.00736   0.06861        18       800    0.5764    0.7215    0.7122    0.3399   0.04098   0.02816         0
   231/249     5.97G    0.0394   0.02186         0  0.007393   0.06865        21       800    0.5767    0.7219    0.7127    0.3401   0.04098   0.02816         0
   232/249     5.97G   0.03967   0.02218         0  0.007372   0.06922        18       800    0.5771    0.7218    0.7127    0.3401   0.04098   0.02816         0
   233/249     5.97G   0.03933   0.02175         0  0.007311   0.06839        30       800     0.577    0.7215    0.7125    0.3401   0.04098   0.02816         0
   234/249     5.97G   0.03956   0.02206         0  0.007331   0.06895        15       800     0.577    0.7216    0.7125    0.3401   0.04097   0.02816         0
   235/249     5.97G   0.03962   0.02182         0  0.007397   0.06884        21       800    0.5773    0.7216    0.7125    0.3401   0.04097   0.02816         0
   236/249     5.97G   0.03936   0.02172         0  0.007364   0.06844        25       800    0.5777    0.7216    0.7127    0.3401   0.04097   0.02816         0
   237/249     5.97G   0.03862   0.02169         0  0.007266   0.06757        18       800     0.578    0.7217    0.7128    0.3402   0.04097   0.02816         0
   238/249     5.97G   0.03946   0.02193         0  0.007334   0.06872         7       800    0.5786    0.7216    0.7128    0.3402   0.04097   0.02816         0
   239/249     5.97G   0.03957   0.02215         0  0.007352   0.06907         8       800    0.5788    0.7216     0.713    0.3402   0.04097   0.02816         0
   240/249     5.97G   0.03952   0.02189         0  0.007327   0.06874        16       800    0.5799    0.7217    0.7132    0.3404   0.04097   0.02817         0
   241/249     5.97G   0.03957   0.02208         0  0.007369   0.06901        18       800    0.5799    0.7219    0.7134    0.3405   0.04096   0.02817         0
   242/249     5.97G   0.03922   0.02195         0  0.007309   0.06847        38       800    0.5802     0.722    0.7135    0.3405   0.04096   0.02817         0
   243/249     5.97G    0.0393   0.02206         0  0.007339   0.06871        15       800    0.5801    0.7224    0.7136    0.3405   0.04096   0.02817         0
   244/249     5.97G   0.03928   0.02145         0  0.007291   0.06802        13       800    0.5803    0.7221    0.7135    0.3404   0.04096   0.02817         0
   245/249     5.97G   0.03969   0.02213         0   0.00731   0.06913        16       800    0.5807    0.7217    0.7134    0.3404   0.04096   0.02817         0
   246/249     5.97G   0.03874   0.02118         0  0.007295   0.06722        18       800    0.5815    0.7218    0.7136    0.3405   0.04096   0.02817         0
   247/249     5.97G   0.03939   0.02143         0  0.007292   0.06812        49       800     0.582    0.7219    0.7139    0.3407   0.04096   0.02817         0
   248/249     5.97G   0.03933    0.0216         0  0.007257   0.06819        18       800    0.5826    0.7218    0.7138    0.3407   0.04096   0.02817         0
   249/249     5.97G    0.0391   0.02182         0   0.00727   0.06819        18       800    0.5835    0.7219    0.7139    0.3408   0.04096   0.02817         0
