53_Raid_policeraid_53_696
55
268 207 28 36 0.718
491 251 23 28 0.616
555 252 23 30 0.595
454 242 20 26 0.587
868 284 21 26 0.560
369 232 24 32 0.527
422 214 26 32 0.477
650 267 19 24 0.465
347 228 22 28 0.423
667 363 20 22 0.373
732 253 28 31 0.324
893 281 16 20 0.302
420 222 25 34 0.293
216 391 17 23 0.291
122 222 21 27 0.239
934 268 21 29 0.222
730 244 29 31 0.201
832 291 15 19 0.169
61 267 16 20 0.164
195 210 30 34 0.142
369 223 24 28 0.137
195 363 17 21 0.134
349 198 18 23 0.122
410 234 21 28 0.120
785 283 16 20 0.112
338 205 19 22 0.110
865 263 17 21 0.108
867 268 18 25 0.104
603 261 20 25 0.101
351 393 21 24 0.101
559 244 25 31 0.099
63 339 26 32 0.091
735 264 23 26 0.078
885 279 20 22 0.069
809 295 16 20 0.066
416 233 24 29 0.063
678 278 23 27 0.049
164 115 23 29 0.047
780 273 23 30 0.045
760 413 30 26 0.042
493 244 21 25 0.037
491 260 24 28 0.033
813 293 21 17 0.031
923 244 15 18 0.031
897 279 18 22 0.030
608 267 19 25 0.029
920 258 21 29 0.029
662 363 17 20 0.027
315 242 24 29 0.026
55 337 29 26 0.025
668 390 18 23 0.024
775 261 24 30 0.024
207 208 30 30 0.023
333 208 18 24 0.023
192 196 35 40 0.022
