53_Raid_policeraid_53_543
35
583 192 95 116 0.875
0 167 40 104 0.858
734 223 50 66 0.794
77 260 43 45 0.791
797 216 55 87 0.784
51 166 20 23 0.687
166 164 19 23 0.663
397 257 26 41 0.640
487 293 18 21 0.603
528 287 20 23 0.576
457 286 19 27 0.482
152 298 28 34 0.386
918 271 55 75 0.367
290 278 20 24 0.346
88 198 16 18 0.229
164 257 35 40 0.139
547 288 15 15 0.139
562 278 15 20 0.127
265 181 19 21 0.118
563 299 15 21 0.111
332 266 23 26 0.088
519 284 18 22 0.060
683 255 36 45 0.059
552 283 17 19 0.058
535 342 24 29 0.042
558 296 15 19 0.041
562 266 18 65 0.041
569 308 18 24 0.030
562 300 22 29 0.028
515 282 15 20 0.027
446 285 22 28 0.026
406 265 26 35 0.025
92 210 16 21 0.024
44 239 30 36 0.022
702 251 33 44 0.022
