53_Raid_policeraid_53_368
25
819 72 106 133 0.846
758 148 35 38 0.809
548 132 36 45 0.751
30 109 19 21 0.630
57 98 15 18 0.583
364 122 9 12 0.504
217 98 14 17 0.504
305 116 11 13 0.375
721 146 14 16 0.361
678 138 8 11 0.322
641 226 11 14 0.210
528 130 9 12 0.156
209 101 13 15 0.133
427 185 9 12 0.054
598 290 26 42 0.053
710 145 12 14 0.052
310 116 9 12 0.044
288 400 15 18 0.038
527 127 12 17 0.034
526 129 8 12 0.034
537 118 11 15 0.028
469 148 6 8 0.026
541 119 9 12 0.026
390 136 7 10 0.023
56 96 13 16 0.022
