36_Football_Football_36_138
48
748 130 23 30 0.800
132 54 26 37 0.797
644 218 22 27 0.786
880 84 28 38 0.772
407 215 23 31 0.749
539 230 17 28 0.698
292 82 22 35 0.678
522 203 12 16 0.575
860 76 13 17 0.516
556 201 14 16 0.499
980 73 15 19 0.479
40 25 13 17 0.359
453 191 12 15 0.355
323 201 11 21 0.338
386 189 11 12 0.320
681 198 14 17 0.276
467 208 15 17 0.261
667 118 14 17 0.240
89 25 10 11 0.233
840 259 24 24 0.174
593 210 11 16 0.156
716 184 14 19 0.127
379 174 7 9 0.109
543 203 9 12 0.109
670 100 18 21 0.105
491 188 8 11 0.101
442 182 10 12 0.098
447 187 14 16 0.094
676 201 13 14 0.074
928 79 13 15 0.061
571 194 10 14 0.053
448 209 8 13 0.044
923 85 14 25 0.042
838 263 18 18 0.038
426 213 12 16 0.038
488 188 20 11 0.037
73 18 11 11 0.035
336 31 11 14 0.034
536 181 39 64 0.033
413 184 8 10 0.030
477 204 10 13 0.030
286 146 35 41 0.028
352 190 8 11 0.026
665 112 21 27 0.025
708 184 16 18 0.025
511 191 13 19 0.024
441 179 9 10 0.020
377 171 11 14 0.020
