36_Football_americanfootball_ball_36_126
27
46 133 48 53 0.676
327 309 42 34 0.524
328 168 48 60 0.512
927 56 35 55 0.496
509 297 41 44 0.434
678 83 51 58 0.278
778 114 41 45 0.242
340 307 40 35 0.169
695 131 39 46 0.106
783 95 37 43 0.087
316 184 47 59 0.078
654 217 42 46 0.074
691 98 44 54 0.066
789 85 40 43 0.063
353 309 34 29 0.063
671 81 41 50 0.060
939 55 34 49 0.043
322 325 37 25 0.038
520 308 40 39 0.038
515 285 36 40 0.035
923 72 33 47 0.031
1 188 12 37 0.030
0 236 27 60 0.029
2 183 35 46 0.026
330 316 25 26 0.025
506 306 34 42 0.024
126 187 25 29 0.020
