36_Football_Football_36_157
295
608 241 27 31 0.803
869 85 22 27 0.802
163 201 22 27 0.796
42 256 22 26 0.789
739 217 30 35 0.780
74 194 22 26 0.776
157 176 20 23 0.773
609 140 21 28 0.773
303 157 20 26 0.772
427 261 19 25 0.767
615 73 21 24 0.767
152 151 20 23 0.764
661 251 22 26 0.762
545 107 19 25 0.761
906 216 24 29 0.760
96 238 22 26 0.756
500 245 24 31 0.755
756 118 18 23 0.755
479 119 20 25 0.753
508 175 21 24 0.753
344 132 21 26 0.752
579 85 19 22 0.749
566 131 18 23 0.749
339 102 19 23 0.748
877 170 21 26 0.747
186 184 21 25 0.747
581 5 19 24 0.747
786 56 19 24 0.747
787 172 23 27 0.747
461 31 20 27 0.747
566 104 20 25 0.746
535 74 21 27 0.746
494 7 17 21 0.739
964 136 18 23 0.739
144 96 18 23 0.733
50 129 20 25 0.733
393 81 19 23 0.732
91 105 16 20 0.732
229 173 20 24 0.731
112 135 19 24 0.730
668 31 20 25 0.727
437 347 21 31 0.725
906 168 21 24 0.725
583 186 21 25 0.723
543 28 19 25 0.720
846 48 19 24 0.719
144 269 17 23 0.717
411 138 18 23 0.715
433 218 19 24 0.713
643 0 17 16 0.711
515 54 17 21 0.710
488 88 19 22 0.710
0 181 19 25 0.707
239 250 28 30 0.707
904 104 17 22 0.707
985 247 21 25 0.705
616 40 19 22 0.705
969 22 20 26 0.703
335 176 20 26 0.702
418 0 20 19 0.702
856 0 19 21 0.700
355 172 20 23 0.699
198 1 19 19 0.698
633 192 21 25 0.696
294 91 19 22 0.695
425 97 19 22 0.695
524 111 19 23 0.692
234 77 19 25 0.691
271 163 18 22 0.691
179 94 18 23 0.689
546 193 17 21 0.687
120 112 18 21 0.686
833 108 16 20 0.678
44 187 19 22 0.674
285 134 18 24 0.669
782 110 20 22 0.663
360 117 18 22 0.661
299 216 22 24 0.659
440 162 21 26 0.657
412 54 18 21 0.655
248 115 18 23 0.654
392 192 34 38 0.646
383 127 18 22 0.645
978 196 17 24 0.645
455 104 16 19 0.639
217 160 18 21 0.638
78 148 17 21 0.638
890 126 18 22 0.635
337 41 19 25 0.634
899 24 18 25 0.631
153 17 13 16 0.627
899 82 21 24 0.626
514 144 21 22 0.620
116 200 17 21 0.618
320 80 22 25 0.605
732 48 19 22 0.598
16 116 17 24 0.597
766 148 19 22 0.589
92 135 17 20 0.584
272 43 19 21 0.581
408 119 18 21 0.581
247 193 20 22 0.580
348 2 20 23 0.578
787 234 33 41 0.572
819 15 15 22 0.571
103 169 19 22 0.568
815 107 16 21 0.559
771 208 21 32 0.556
944 96 18 23 0.554
97 7 17 18 0.532
838 187 18 24 0.515
330 149 17 20 0.492
706 142 18 22 0.488
32 153 17 20 0.487
265 25 17 20 0.483
989 0 20 12 0.474
751 185 22 27 0.473
232 126 16 19 0.472
980 159 15 22 0.459
1007 87 16 25 0.422
752 0 19 12 0.414
484 355 20 25 0.410
0 142 14 22 0.406
302 115 20 23 0.405
935 168 19 25 0.401
898 194 17 20 0.390
362 97 18 19 0.386
40 17 17 19 0.378
274 184 19 21 0.373
149 47 16 19 0.366
850 164 18 23 0.347
495 359 26 29 0.330
1 130 12 19 0.319
563 0 16 8 0.311
31 122 14 20 0.293
699 17 16 19 0.290
635 173 20 24 0.285
682 125 18 23 0.278
16 105 16 20 0.277
186 141 17 22 0.273
586 158 19 22 0.270
667 171 18 24 0.265
302 131 17 22 0.264
950 96 23 26 0.258
238 150 23 21 0.256
189 160 17 21 0.253
225 168 19 23 0.251
1002 198 17 20 0.251
327 121 16 20 0.245
733 122 15 19 0.238
11 168 18 23 0.233
268 29 19 26 0.223
247 151 20 22 0.222
386 109 17 21 0.214
480 212 19 24 0.213
233 237 25 26 0.211
155 160 21 42 0.202
289 130 21 25 0.196
591 136 16 22 0.193
326 0 18 9 0.188
64 0 17 17 0.182
757 121 21 34 0.171
85 132 19 33 0.163
702 0 19 14 0.149
215 264 19 23 0.142
1009 70 13 25 0.142
902 95 18 25 0.139
55 116 15 18 0.134
344 120 19 54 0.131
518 115 22 54 0.130
147 0 14 9 0.124
483 206 18 23 0.122
250 156 16 27 0.121
701 4 18 20 0.119
341 106 38 25 0.117
675 8 20 21 0.115
926 2 21 24 0.114
202 96 16 22 0.113
179 178 55 27 0.111
925 3 15 18 0.110
27 157 17 22 0.110
187 133 16 20 0.110
0 51 8 34 0.109
820 189 21 20 0.105
842 177 19 24 0.104
0 65 7 21 0.100
688 33 18 22 0.099
854 187 16 22 0.099
332 51 20 35 0.099
671 24 19 25 0.098
954 187 21 25 0.094
245 29 15 21 0.094
305 256 23 26 0.093
329 140 19 26 0.093
240 82 18 52 0.092
2 136 19 22 0.088
244 182 40 36 0.087
947 186 22 25 0.086
783 236 27 32 0.085
981 0 19 19 0.085
637 158 17 28 0.082
334 36 19 24 0.079
1019 44 5 25 0.078
795 0 14 9 0.077
236 142 19 22 0.076
638 154 15 19 0.075
693 9 22 19 0.074
932 5 23 25 0.072
0 104 10 19 0.072
2 126 15 68 0.072
150 39 16 24 0.072
878 28 16 20 0.070
732 20 17 19 0.069
692 26 19 23 0.069
13 98 16 23 0.068
503 126 15 18 0.068
571 137 43 25 0.068
95 0 18 17 0.067
595 239 23 28 0.065
232 232 21 25 0.064
151 81 18 19 0.064
337 163 17 21 0.062
218 258 25 25 0.062
1 208 15 24 0.058
251 173 18 24 0.057
670 175 20 24 0.057
942 8 18 26 0.053
712 124 41 32 0.052
283 0 18 14 0.052
275 348 45 37 0.050
960 170 18 24 0.049
945 15 17 23 0.049
554 175 17 21 0.048
591 242 17 21 0.048
632 321 27 35 0.048
1012 99 11 32 0.047
865 135 17 21 0.047
678 5 17 18 0.047
2 153 16 21 0.046
974 14 17 22 0.045
273 193 20 25 0.043
739 119 17 22 0.043
20 129 17 21 0.041
815 11 16 23 0.040
557 0 22 26 0.039
0 31 7 19 0.039
796 238 39 44 0.038
347 9 19 24 0.038
963 97 16 18 0.038
68 254 16 21 0.037
305 112 23 22 0.036
138 184 16 18 0.035
950 0 17 17 0.035
486 202 17 20 0.035
70 177 16 19 0.034
527 0 15 9 0.034
77 53 15 19 0.033
57 0 20 17 0.033
245 30 23 24 0.033
564 0 16 17 0.032
134 238 19 24 0.032
696 0 20 16 0.032
0 185 16 36 0.031
633 140 20 27 0.031
451 0 18 9 0.031
0 236 13 25 0.031
321 68 17 22 0.031
724 125 18 19 0.030
114 455 47 38 0.030
955 128 17 23 0.030
418 18 17 20 0.029
963 169 23 28 0.029
33 125 15 21 0.028
935 12 19 22 0.028
935 160 16 20 0.027
261 344 42 38 0.027
163 131 16 19 0.026
81 154 16 21 0.026
633 0 60 19 0.025
697 12 21 29 0.024
294 38 17 19 0.024
381 154 15 17 0.023
410 68 19 22 0.023
67 5 17 18 0.022
476 214 18 25 0.022
999 202 17 22 0.022
577 334 21 27 0.022
3 49 12 20 0.022
473 98 18 21 0.022
923 115 15 21 0.022
227 125 17 20 0.021
739 3 24 22 0.021
951 4 17 22 0.021
294 63 16 20 0.021
750 101 16 20 0.020
