36_Football_americanfootball_ball_36_6
54
596 214 15 18 0.774
408 156 14 19 0.749
354 269 15 18 0.745
611 250 16 20 0.745
399 193 14 18 0.741
566 122 14 17 0.737
476 238 42 46 0.724
25 153 14 17 0.716
613 163 14 17 0.715
301 171 14 18 0.706
938 152 15 19 0.702
653 161 13 17 0.701
377 218 14 17 0.698
804 121 39 46 0.689
494 169 12 16 0.685
253 167 13 16 0.679
443 198 20 22 0.650
574 270 14 16 0.630
356 169 14 16 0.625
124 106 38 48 0.602
995 150 13 15 0.599
647 230 15 16 0.567
494 195 13 15 0.517
969 257 14 17 0.472
251 271 17 18 0.469
449 176 15 17 0.464
871 155 23 25 0.399
1016 209 8 18 0.333
540 214 23 27 0.301
559 297 14 16 0.238
493 164 12 37 0.208
267 232 11 14 0.181
959 213 16 17 0.157
767 134 39 47 0.155
577 198 12 15 0.138
161 157 35 38 0.124
988 222 13 13 0.081
29 321 9 11 0.078
896 156 10 14 0.063
0 207 7 18 0.062
713 156 11 11 0.056
543 226 20 24 0.053
643 268 31 38 0.052
450 172 13 14 0.038
993 264 10 13 0.036
1 200 9 18 0.035
7 191 8 12 0.034
0 241 7 15 0.031
860 154 24 24 0.027
493 187 13 26 0.026
887 156 21 19 0.026
907 234 21 24 0.025
990 153 16 18 0.023
711 157 12 20 0.021
