37_Soccer_Soccer_37_114
25
461 179 52 73 0.856
191 62 42 59 0.760
56 3 21 24 0.106
992 95 23 28 0.104
15 138 20 24 0.101
143 51 15 19 0.073
157 78 22 31 0.068
558 137 15 20 0.067
442 156 22 26 0.067
457 101 18 21 0.059
475 126 16 22 0.051
140 128 16 18 0.047
551 0 18 14 0.045
516 98 17 20 0.040
997 12 16 19 0.037
77 118 16 20 0.035
24 0 21 19 0.033
504 135 17 20 0.033
70 218 20 24 0.031
903 115 14 19 0.030
544 116 17 22 0.028
82 1 19 17 0.024
863 80 18 20 0.024
84 55 19 24 0.021
431 120 15 16 0.021
