37_Soccer_soccer_ball_37_643
28
333 86 54 83 0.820
742 45 56 72 0.800
476 234 30 33 0.211
23 158 30 34 0.196
109 217 33 41 0.152
531 145 28 32 0.114
618 166 31 37 0.099
179 252 31 36 0.091
662 108 32 45 0.087
53 261 30 36 0.086
1 189 28 35 0.062
1006 187 18 41 0.054
20 92 25 32 0.049
22 31 23 30 0.044
988 312 28 34 0.042
0 56 24 31 0.041
653 140 34 43 0.040
0 147 15 28 0.036
9 329 37 48 0.033
625 100 32 33 0.031
90 177 27 31 0.026
0 229 16 29 0.026
93 74 28 31 0.025
889 11 26 26 0.024
0 231 21 51 0.023
0 247 13 39 0.022
128 149 27 34 0.021
544 60 29 31 0.021
