54_Rescue_rescuepeople_54_581
137
907 369 11 14 0.695
263 330 10 13 0.685
691 373 10 13 0.672
317 339 10 13 0.669
1014 373 9 13 0.667
886 312 11 13 0.663
92 336 10 12 0.663
538 368 10 12 0.662
804 192 9 12 0.657
964 307 11 13 0.651
625 185 10 13 0.640
842 368 9 12 0.629
539 318 10 12 0.626
973 421 12 14 0.626
195 183 8 11 0.625
742 371 10 12 0.610
937 197 9 11 0.606
167 352 11 14 0.606
692 191 10 12 0.601
598 355 9 13 0.597
288 192 9 10 0.594
213 330 10 13 0.591
643 367 10 12 0.588
654 198 8 11 0.588
323 198 8 10 0.586
875 378 10 12 0.585
99 358 9 11 0.581
361 343 9 12 0.573
57 348 11 13 0.571
235 195 9 12 0.571
815 368 10 12 0.567
108 195 9 11 0.566
918 314 10 13 0.560
362 359 10 13 0.556
210 202 8 11 0.554
435 183 9 10 0.553
235 354 10 11 0.552
791 364 10 13 0.550
884 196 9 11 0.548
421 330 11 14 0.539
305 191 8 11 0.534
958 196 10 11 0.527
851 180 10 13 0.517
482 316 10 12 0.516
749 197 10 12 0.512
481 356 10 11 0.502
406 180 8 10 0.498
888 354 10 13 0.496
427 203 9 11 0.494
541 337 10 12 0.493
816 181 9 12 0.486
506 180 10 13 0.482
385 187 10 12 0.474
674 198 8 10 0.446
481 180 8 10 0.441
998 368 10 12 0.436
0 335 9 12 0.431
977 199 9 11 0.409
118 386 8 10 0.406
374 354 11 13 0.399
413 353 10 12 0.375
454 192 8 11 0.374
110 221 8 9 0.372
243 335 9 13 0.351
533 430 11 12 0.333
371 356 11 13 0.327
701 356 9 10 0.318
9 191 8 9 0.305
971 187 8 10 0.297
472 197 9 10 0.293
904 207 9 11 0.286
35 186 8 10 0.254
1016 313 8 14 0.253
8 335 10 12 0.248
913 198 9 10 0.236
250 186 9 11 0.228
923 207 7 10 0.225
362 350 9 26 0.221
540 314 9 25 0.214
548 181 8 9 0.188
396 176 8 10 0.171
1 334 13 15 0.159
1000 368 12 14 0.154
197 190 10 12 0.151
400 179 10 11 0.143
827 359 9 11 0.134
843 191 10 12 0.131
457 330 9 12 0.128
474 193 9 16 0.119
8 192 7 9 0.119
365 229 8 8 0.118
702 354 10 11 0.113
931 197 26 11 0.110
908 200 12 15 0.106
335 354 8 10 0.106
232 192 25 11 0.101
634 315 10 11 0.101
412 357 9 11 0.100
979 371 10 13 0.100
360 342 11 21 0.088
11 188 8 9 0.086
253 185 9 10 0.079
881 313 35 14 0.078
408 334 9 11 0.071
549 435 10 12 0.067
919 201 25 12 0.067
95 343 11 31 0.062
699 357 10 12 0.062
545 181 8 10 0.061
92 329 10 37 0.061
453 333 8 10 0.055
296 192 10 10 0.050
88 354 9 10 0.050
914 194 8 10 0.050
976 203 8 10 0.049
887 191 8 12 0.047
397 357 18 11 0.046
684 217 9 11 0.036
397 357 10 11 0.036
435 325 10 11 0.031
1018 185 6 16 0.031
201 184 15 28 0.031
812 366 11 13 0.030
620 361 8 9 0.029
6 188 8 8 0.028
217 330 71 13 0.028
384 304 9 11 0.028
391 315 9 12 0.027
454 360 9 11 0.025
481 177 7 9 0.025
789 390 10 11 0.024
217 195 32 14 0.023
37 225 9 10 0.023
441 183 11 11 0.022
94 356 12 14 0.021
203 329 10 12 0.021
699 354 9 10 0.021
