54_Rescue_rescuepeople_54_431
154
570 459 32 42 0.827
782 520 36 40 0.826
624 551 39 47 0.805
521 513 38 45 0.805
75 315 88 85 0.803
756 452 34 40 0.796
370 397 34 44 0.794
872 422 37 41 0.793
534 379 22 29 0.790
675 396 26 32 0.788
821 375 28 34 0.787
888 511 41 44 0.773
663 355 24 29 0.763
741 402 24 29 0.758
598 356 19 26 0.743
607 315 18 24 0.739
777 327 22 26 0.725
467 326 26 32 0.722
692 314 20 25 0.714
601 284 15 20 0.713
483 212 21 26 0.710
665 452 27 31 0.700
420 232 21 26 0.694
653 272 17 21 0.686
571 315 21 25 0.666
309 349 22 27 0.665
685 292 16 19 0.655
750 297 18 22 0.609
554 190 16 20 0.588
380 256 18 22 0.554
299 280 19 22 0.544
752 328 19 24 0.451
212 286 20 22 0.428
269 320 22 26 0.415
86 220 42 53 0.396
612 303 18 23 0.363
616 296 15 20 0.316
380 202 16 19 0.296
511 174 14 20 0.270
729 448 21 26 0.263
618 390 23 27 0.238
332 207 14 18 0.236
344 238 18 24 0.221
567 426 27 30 0.207
300 217 15 19 0.196
618 218 14 18 0.181
318 192 14 17 0.168
751 285 17 63 0.142
211 247 12 15 0.123
389 188 13 20 0.122
469 182 11 13 0.121
391 519 41 43 0.119
385 191 15 28 0.113
516 254 16 23 0.110
295 197 12 14 0.109
208 280 19 24 0.103
280 188 12 14 0.094
300 316 19 22 0.090
651 227 13 14 0.089
620 399 21 31 0.087
321 189 14 14 0.087
316 194 17 23 0.083
322 301 19 22 0.079
723 178 8 10 0.076
794 457 24 28 0.074
236 260 12 13 0.074
511 169 12 16 0.072
252 184 12 13 0.072
102 205 16 17 0.070
346 184 13 18 0.069
122 252 17 21 0.069
595 230 17 18 0.067
95 208 29 48 0.067
241 196 12 14 0.065
187 218 10 12 0.063
609 220 25 20 0.061
140 278 18 18 0.061
391 186 12 15 0.060
213 228 12 12 0.059
75 236 36 43 0.055
413 202 14 17 0.052
277 349 22 25 0.048
589 230 16 20 0.047
415 201 19 16 0.046
110 220 22 35 0.046
639 269 21 19 0.045
308 302 34 29 0.045
623 410 21 24 0.044
100 225 32 42 0.043
426 198 12 13 0.043
243 292 17 21 0.042
687 215 11 13 0.042
225 218 12 15 0.041
221 219 14 16 0.041
343 156 9 12 0.040
275 187 20 17 0.040
961 471 35 38 0.039
364 335 27 31 0.039
190 215 10 11 0.039
283 348 24 27 0.039
341 394 30 35 0.038
601 363 23 26 0.038
695 174 10 11 0.037
775 416 26 30 0.037
322 192 23 34 0.036
239 297 19 31 0.035
95 203 26 32 0.035
617 174 11 13 0.034
325 210 15 18 0.033
277 190 32 17 0.033
376 206 16 19 0.032
404 199 28 20 0.032
206 275 16 21 0.032
448 196 13 15 0.031
405 514 35 39 0.031
465 182 11 17 0.031
235 314 19 22 0.030
624 221 18 19 0.030
643 221 23 22 0.030
148 252 15 19 0.030
245 186 16 18 0.030
636 407 22 27 0.029
570 420 36 28 0.029
671 173 8 12 0.028
633 272 13 16 0.028
444 212 13 18 0.028
189 227 10 14 0.028
651 248 16 17 0.027
179 249 11 15 0.027
267 290 15 18 0.027
375 200 15 17 0.026
446 197 14 26 0.026
204 237 18 25 0.024
142 282 18 21 0.024
214 291 20 23 0.023
778 411 20 24 0.023
600 427 23 25 0.023
633 217 13 17 0.023
642 404 20 26 0.023
291 187 12 14 0.022
568 420 22 26 0.022
327 315 22 25 0.022
227 213 12 15 0.022
147 283 17 19 0.022
619 204 13 25 0.022
318 308 23 27 0.021
2 259 20 25 0.021
668 443 29 33 0.021
665 207 12 14 0.021
228 228 16 16 0.020
239 258 14 16 0.020
467 313 22 24 0.020
722 381 28 30 0.020
96 206 18 19 0.020
