43_Row_Boat_Canoe_43_458
103
885 429 12 15 0.705
848 425 11 14 0.640
819 427 11 14 0.601
792 427 10 13 0.597
730 420 8 12 0.583
746 421 10 13 0.567
613 400 7 10 0.558
639 411 7 9 0.545
527 403 8 10 0.532
710 421 8 10 0.528
624 418 8 11 0.513
661 408 8 10 0.495
510 372 7 8 0.491
686 415 9 12 0.488
541 393 7 9 0.438
378 340 7 9 0.429
491 396 6 9 0.380
524 387 8 9 0.366
508 401 7 9 0.343
454 372 7 8 0.328
559 395 9 9 0.314
461 397 7 8 0.271
601 414 7 9 0.269
771 428 10 12 0.245
655 418 9 10 0.233
409 348 7 8 0.231
291 334 6 9 0.229
580 396 8 9 0.228
319 339 6 8 0.219
477 376 8 9 0.217
483 410 7 8 0.216
555 395 8 9 0.210
581 408 9 12 0.207
501 418 8 9 0.202
340 369 8 8 0.187
581 398 6 16 0.183
356 346 7 9 0.179
472 396 8 9 0.174
529 407 7 9 0.154
293 334 6 6 0.148
428 334 8 9 0.146
435 390 9 9 0.139
212 313 7 6 0.128
311 332 6 7 0.128
649 417 11 12 0.126
381 371 8 10 0.123
336 340 7 9 0.119
476 379 7 23 0.113
600 410 8 16 0.110
570 415 7 9 0.107
313 337 8 9 0.103
196 310 7 9 0.100
358 343 7 9 0.096
288 337 7 9 0.088
522 404 11 11 0.085
740 422 19 13 0.084
583 399 22 9 0.081
383 370 9 9 0.080
496 418 9 9 0.080
20 293 7 7 0.078
322 334 7 6 0.077
705 421 33 11 0.067
733 421 21 14 0.065
208 312 13 8 0.064
245 320 6 7 0.063
417 384 8 14 0.062
377 378 7 8 0.061
245 322 6 9 0.061
458 396 27 9 0.061
835 440 11 14 0.060
454 402 7 9 0.057
504 402 8 27 0.054
720 434 9 9 0.048
45 291 7 8 0.046
779 429 25 13 0.044
449 381 7 27 0.041
277 326 6 13 0.040
524 385 6 8 0.039
363 378 8 9 0.038
242 320 8 13 0.036
359 347 10 16 0.035
729 418 9 26 0.034
276 327 7 20 0.033
186 270 6 8 0.033
426 352 10 9 0.030
244 326 11 10 0.029
461 401 14 9 0.029
293 334 8 15 0.029
188 281 6 10 0.028
23 293 8 7 0.028
423 390 16 17 0.028
260 342 7 20 0.027
431 346 8 15 0.026
311 366 9 8 0.026
427 403 7 8 0.025
310 358 8 15 0.025
705 425 14 13 0.024
508 370 7 9 0.023
49 293 6 7 0.022
621 412 14 23 0.021
500 374 15 30 0.021
212 307 7 9 0.020
397 356 10 19 0.020
