21_Festival_Festival_21_378
140
637 241 21 27 0.782
90 269 14 16 0.712
898 275 22 25 0.675
743 214 12 15 0.641
764 290 12 16 0.634
192 210 11 14 0.633
873 224 11 13 0.630
446 212 11 13 0.630
913 229 12 15 0.627
969 216 12 14 0.625
821 219 12 14 0.605
547 227 10 13 0.600
839 226 10 12 0.593
480 215 11 13 0.587
838 272 11 13 0.586
861 220 10 12 0.582
30 207 11 14 0.577
234 223 9 12 0.563
209 202 11 12 0.558
47 213 9 11 0.554
996 234 12 14 0.546
682 226 9 12 0.546
520 218 11 13 0.540
629 221 11 13 0.518
81 212 11 13 0.518
780 215 11 13 0.507
351 214 10 12 0.507
334 205 12 12 0.473
718 218 12 13 0.473
281 203 11 13 0.454
60 207 9 11 0.451
137 211 10 12 0.445
172 212 10 13 0.442
383 221 9 10 0.437
897 225 10 14 0.431
258 217 10 12 0.413
805 224 11 13 0.407
542 217 10 9 0.402
127 230 10 13 0.398
153 210 8 9 0.386
400 216 13 14 0.386
597 224 8 10 0.383
119 207 10 11 0.373
61 285 12 15 0.370
3 195 10 11 0.355
376 205 10 12 0.352
968 237 11 14 0.350
709 220 8 12 0.339
224 208 9 9 0.334
363 207 10 12 0.322
947 222 10 12 0.312
97 208 8 9 0.309
580 217 10 9 0.288
366 221 8 10 0.264
256 205 10 9 0.224
292 211 14 12 0.203
286 210 12 14 0.197
693 214 10 12 0.189
134 207 10 14 0.183
422 220 9 12 0.183
465 217 11 12 0.177
207 204 23 11 0.176
363 216 11 15 0.173
185 211 17 15 0.171
338 206 11 13 0.168
397 219 12 12 0.164
463 214 9 12 0.159
50 208 22 12 0.144
246 205 22 12 0.136
1014 230 10 13 0.134
582 235 8 12 0.128
319 208 8 9 0.127
286 207 28 14 0.117
311 264 8 12 0.116
406 212 12 16 0.115
943 234 13 17 0.114
669 228 10 11 0.108
288 517 58 38 0.105
363 204 29 11 0.100
969 218 12 31 0.099
299 208 24 9 0.099
423 273 13 14 0.098
690 213 13 17 0.098
432 210 10 11 0.094
759 222 9 11 0.092
1 217 10 12 0.091
306 208 10 12 0.089
664 219 7 8 0.087
317 208 23 9 0.086
275 204 20 14 0.084
433 210 21 14 0.070
796 219 22 14 0.069
435 210 49 14 0.069
515 217 12 12 0.064
196 234 9 11 0.062
110 218 12 13 0.059
849 222 17 11 0.058
62 204 10 11 0.054
483 219 10 11 0.052
15 198 13 11 0.051
426 270 12 14 0.047
929 229 21 15 0.047
86 208 14 15 0.045
664 211 13 27 0.043
864 245 11 13 0.043
70 284 10 13 0.041
42 213 11 14 0.041
641 221 14 16 0.037
420 277 11 12 0.037
502 213 10 11 0.037
966 204 26 60 0.037
131 208 42 15 0.036
562 552 45 30 0.036
320 205 10 9 0.035
133 193 13 51 0.035
881 249 12 15 0.033
568 217 7 9 0.031
110 223 11 15 0.029
548 215 9 10 0.029
231 199 11 12 0.028
133 204 10 11 0.028
872 248 15 13 0.027
359 205 23 36 0.027
220 202 16 12 0.027
349 202 10 9 0.026
409 201 9 11 0.026
870 223 20 12 0.025
118 205 13 21 0.025
232 225 12 15 0.024
993 222 10 12 0.024
934 225 23 14 0.023
373 244 9 9 0.023
946 236 25 16 0.023
1012 258 11 20 0.022
852 258 10 14 0.022
477 309 15 17 0.022
310 206 14 13 0.021
588 217 10 9 0.021
619 216 9 11 0.020
920 232 13 12 0.020
