21_Festival_Festival_21_943
63
112 194 13 16 0.635
294 188 15 19 0.589
102 179 11 15 0.581
738 189 10 14 0.536
806 189 11 14 0.523
761 184 9 13 0.499
832 194 10 13 0.484
939 199 7 9 0.482
354 177 9 13 0.472
711 194 11 13 0.458
68 193 11 15 0.454
188 191 12 16 0.392
387 185 7 9 0.384
881 177 11 15 0.370
519 185 8 11 0.365
495 192 8 9 0.348
155 195 11 14 0.321
253 185 12 13 0.281
542 190 9 12 0.262
211 189 11 14 0.221
492 190 8 9 0.221
251 183 10 14 0.189
978 210 7 8 0.178
165 192 12 14 0.173
420 188 9 10 0.172
323 193 10 12 0.165
168 190 11 12 0.148
571 193 9 12 0.144
255 187 13 15 0.144
133 195 9 11 0.142
650 193 9 9 0.139
259 191 12 13 0.113
228 185 9 13 0.105
487 190 7 9 0.097
551 183 12 12 0.082
334 188 8 10 0.079
55 180 9 12 0.079
66 189 15 14 0.075
351 183 10 13 0.075
145 194 22 13 0.074
216 186 14 14 0.072
354 182 10 13 0.055
154 190 10 12 0.050
558 186 11 11 0.046
710 191 32 13 0.044
937 199 6 9 0.043
401 200 8 10 0.042
209 193 11 12 0.041
734 188 37 16 0.040
185 194 11 13 0.038
182 188 13 13 0.037
304 171 9 14 0.035
130 191 8 10 0.032
938 195 10 14 0.031
886 180 10 15 0.029
736 193 10 12 0.029
325 189 11 11 0.029
543 195 8 9 0.028
277 180 12 17 0.027
54 183 12 15 0.027
1001 223 7 9 0.026
709 191 10 13 0.024
108 255 16 18 0.024
