21_Festival_Festival_21_526
106
624 632 13 18 0.498
648 638 12 18 0.456
422 674 11 15 0.384
579 610 8 10 0.365
465 772 14 20 0.319
965 688 16 21 0.243
985 620 13 15 0.207
935 733 14 23 0.169
866 567 13 16 0.147
739 600 10 14 0.142
261 677 13 18 0.142
660 571 9 12 0.140
753 677 16 20 0.129
121 631 15 21 0.128
44 525 14 18 0.114
973 712 18 27 0.110
1014 608 10 17 0.105
913 620 12 16 0.101
267 505 11 14 0.100
827 633 16 21 0.095
771 757 21 31 0.093
82 600 18 25 0.093
827 614 14 18 0.088
798 528 9 10 0.086
569 747 15 20 0.085
723 665 16 20 0.084
448 601 8 11 0.084
926 657 15 19 0.080
970 703 18 24 0.080
87 484 8 11 0.080
722 805 20 14 0.076
407 595 7 10 0.075
987 673 16 20 0.066
827 621 16 23 0.066
646 739 14 22 0.063
603 696 11 15 0.062
837 804 18 15 0.060
897 754 25 25 0.053
507 749 16 20 0.052
617 569 8 9 0.047
976 720 17 23 0.046
936 722 20 28 0.046
808 570 11 13 0.042
769 695 17 23 0.041
746 712 18 22 0.040
842 570 15 16 0.038
916 751 20 22 0.038
880 646 17 23 0.038
0 542 6 13 0.038
20 548 11 15 0.037
700 549 9 10 0.037
673 628 11 15 0.036
693 571 11 13 0.035
659 614 12 14 0.035
932 563 10 12 0.035
970 595 12 18 0.035
48 644 21 30 0.034
986 561 13 16 0.034
225 577 13 18 0.033
911 577 13 16 0.033
5 496 11 13 0.033
601 692 11 14 0.032
218 577 17 20 0.031
691 575 10 11 0.030
648 736 13 18 0.030
717 663 18 21 0.030
716 644 18 16 0.030
493 802 13 18 0.029
30 491 10 13 0.029
458 552 11 14 0.029
928 741 20 23 0.028
697 564 9 13 0.028
867 599 17 23 0.027
25 530 11 13 0.027
1017 562 7 13 0.027
225 640 12 14 0.027
695 563 10 22 0.026
699 545 8 23 0.026
465 608 6 8 0.025
465 593 9 11 0.025
571 542 9 12 0.025
179 530 11 14 0.025
471 544 10 12 0.025
662 499 8 9 0.025
820 570 12 14 0.025
584 510 9 10 0.024
573 548 8 11 0.023
973 597 15 29 0.023
420 554 10 11 0.023
951 628 13 16 0.022
990 563 13 15 0.022
681 541 10 19 0.022
160 753 24 32 0.022
644 745 13 20 0.022
88 582 13 23 0.022
861 564 15 18 0.022
697 546 11 12 0.022
817 571 23 13 0.022
940 685 16 22 0.021
177 528 9 12 0.021
637 538 9 11 0.021
668 527 9 12 0.021
243 497 10 17 0.021
506 745 13 20 0.021
650 707 12 16 0.020
422 669 12 16 0.020
