21_Festival_Festival_21_22
183
210 492 32 47 0.761
915 399 12 17 0.539
945 499 17 24 0.440
319 494 18 29 0.435
335 440 15 25 0.402
352 444 15 27 0.359
981 408 13 15 0.223
182 468 17 31 0.206
243 381 8 11 0.197
80 310 37 48 0.193
901 335 10 13 0.179
324 265 7 9 0.172
886 328 9 12 0.172
981 433 15 24 0.154
981 380 15 18 0.132
886 373 11 13 0.132
911 420 12 17 0.131
69 284 10 10 0.130
115 267 10 13 0.125
182 272 9 10 0.112
94 276 9 11 0.111
261 331 8 9 0.108
162 299 11 13 0.105
296 270 7 9 0.104
344 442 17 30 0.103
1014 323 8 9 0.100
200 273 10 13 0.098
944 442 16 21 0.096
945 350 10 13 0.094
933 319 8 10 0.089
134 261 7 9 0.088
271 545 24 31 0.085
754 304 7 10 0.084
732 366 12 15 0.083
451 266 8 9 0.083
867 423 12 20 0.082
766 343 8 10 0.082
352 377 12 15 0.081
709 365 9 13 0.079
19 296 9 11 0.079
212 400 15 17 0.076
254 371 10 13 0.074
275 424 16 25 0.073
186 463 17 33 0.073
8 322 14 18 0.073
560 373 9 13 0.072
137 315 11 13 0.071
413 352 9 12 0.071
696 342 9 12 0.067
436 479 12 19 0.062
983 529 23 33 0.061
662 328 11 14 0.059
646 328 9 12 0.059
1012 323 8 12 0.058
976 339 10 10 0.057
54 285 9 11 0.056
261 270 8 9 0.054
981 388 15 27 0.054
87 549 33 27 0.053
752 301 9 14 0.052
141 302 10 13 0.052
1009 482 15 24 0.051
279 243 6 8 0.051
982 395 12 66 0.051
790 459 16 25 0.051
933 403 15 17 0.050
882 374 14 17 0.050
641 85 52 59 0.050
151 277 16 12 0.049
984 378 16 19 0.048
938 442 17 20 0.048
912 315 11 24 0.047
322 294 8 10 0.047
133 259 8 18 0.046
323 361 10 12 0.044
884 295 8 8 0.044
173 298 9 11 0.044
854 323 8 10 0.044
708 193 7 8 0.043
526 351 9 11 0.043
898 309 8 19 0.042
177 344 22 28 0.042
312 336 8 11 0.041
392 352 9 11 0.041
327 387 10 14 0.041
887 459 12 19 0.041
933 313 10 28 0.041
138 283 10 16 0.040
278 399 13 20 0.040
411 264 8 10 0.039
947 329 9 29 0.039
696 309 9 10 0.039
338 276 7 8 0.038
801 344 9 12 0.038
993 376 12 17 0.037
166 289 11 26 0.037
1013 349 10 11 0.037
601 325 7 10 0.037
410 354 9 13 0.037
895 369 12 14 0.036
1 276 8 14 0.034
929 355 9 12 0.034
879 326 13 15 0.034
599 301 8 10 0.034
379 310 8 10 0.033
602 323 8 10 0.033
948 314 13 15 0.033
603 366 9 12 0.033
618 297 8 9 0.033
522 367 10 12 0.032
688 326 10 12 0.032
268 302 8 12 0.032
324 491 15 25 0.032
273 376 10 12 0.031
6 317 13 16 0.031
0 245 5 13 0.030
804 497 19 27 0.030
645 329 32 13 0.030
915 407 15 21 0.030
823 344 10 13 0.030
253 263 8 11 0.030
160 292 14 23 0.029
107 289 15 12 0.029
669 316 11 10 0.029
720 314 10 11 0.029
66 284 15 15 0.029
900 396 11 14 0.029
874 383 12 15 0.028
112 289 15 12 0.028
829 306 8 16 0.028
268 357 11 13 0.028
31 319 16 14 0.028
871 375 13 19 0.028
714 396 12 15 0.027
845 308 10 18 0.027
694 304 10 28 0.027
161 219 7 9 0.027
10 327 16 19 0.026
646 296 9 12 0.026
338 336 11 13 0.026
706 321 11 11 0.026
894 331 13 16 0.026
171 235 7 9 0.026
797 346 12 15 0.025
606 316 8 10 0.025
36 261 7 8 0.025
766 340 8 9 0.025
555 369 10 15 0.024
380 339 8 11 0.024
295 363 11 13 0.024
761 344 11 12 0.024
0 279 12 20 0.024
160 276 25 12 0.024
771 307 9 9 0.024
899 347 10 12 0.024
37 301 13 14 0.023
849 355 8 12 0.023
257 293 9 10 0.023
815 346 17 12 0.023
382 274 13 9 0.023
939 405 15 17 0.023
832 509 20 25 0.023
692 366 13 12 0.023
43 272 9 20 0.023
924 295 9 26 0.022
950 440 14 20 0.022
156 333 13 19 0.022
666 390 12 13 0.022
600 298 9 18 0.022
987 345 15 12 0.021
638 437 15 20 0.021
879 383 12 18 0.021
578 382 10 12 0.021
168 273 10 11 0.021
202 276 10 15 0.021
934 397 18 28 0.021
1016 389 8 15 0.020
384 269 9 17 0.020
113 264 12 20 0.020
602 300 8 10 0.020
923 332 12 11 0.020
42 299 11 14 0.020
977 428 15 23 0.020
