21_Festival_Festival_21_585
178
122 332 23 29 0.766
57 348 22 26 0.716
254 339 19 25 0.692
26 258 15 19 0.678
114 284 16 20 0.665
200 316 18 23 0.659
181 336 20 26 0.650
214 291 16 20 0.638
16 301 17 19 0.634
23 236 12 15 0.616
0 347 13 30 0.565
132 279 13 19 0.550
266 261 14 18 0.516
0 392 9 28 0.510
308 322 16 20 0.502
129 204 9 12 0.498
60 258 13 16 0.497
51 205 9 12 0.491
51 233 10 14 0.487
197 193 9 11 0.486
141 261 13 16 0.485
7 206 11 14 0.481
67 228 11 14 0.475
93 198 8 11 0.465
94 259 13 16 0.456
291 241 12 14 0.453
111 237 11 15 0.439
20 325 18 22 0.437
263 231 10 13 0.434
200 243 13 18 0.433
308 278 16 21 0.415
159 240 11 14 0.414
100 214 9 11 0.406
154 193 9 12 0.400
78 284 14 18 0.398
116 198 8 10 0.397
32 208 11 13 0.376
251 307 18 21 0.368
47 288 16 18 0.360
62 279 13 17 0.345
364 60 28 40 0.317
29 184 9 10 0.316
250 276 14 19 0.312
128 178 9 11 0.310
73 201 10 11 0.282
54 314 18 23 0.274
174 191 9 12 0.273
180 255 13 16 0.269
305 171 9 13 0.256
124 280 24 20 0.247
163 179 9 10 0.234
555 53 36 44 0.228
175 228 11 13 0.202
261 253 12 15 0.200
77 169 10 10 0.182
231 183 10 11 0.173
19 312 18 22 0.172
115 200 12 11 0.171
132 303 17 20 0.168
1 341 24 30 0.163
145 233 11 13 0.145
75 167 9 10 0.136
167 164 8 9 0.136
163 214 9 12 0.133
323 279 13 17 0.130
65 216 12 34 0.125
204 178 9 11 0.122
52 297 18 41 0.120
183 246 33 18 0.119
91 164 9 12 0.118
252 188 10 11 0.117
312 224 12 14 0.114
229 186 9 11 0.112
230 247 13 15 0.111
120 161 8 12 0.105
43 205 14 14 0.105
59 181 10 12 0.103
319 264 14 14 0.101
135 201 10 12 0.097
32 183 12 17 0.094
128 196 12 24 0.088
78 238 11 13 0.088
156 237 13 14 0.088
0 258 6 14 0.086
250 157 9 10 0.084
143 234 11 17 0.082
288 190 12 15 0.080
78 209 10 26 0.079
312 202 9 11 0.078
108 244 14 17 0.077
242 404 27 30 0.076
94 226 14 16 0.074
34 179 10 14 0.071
51 157 10 10 0.071
248 271 14 20 0.069
286 195 11 13 0.065
77 163 12 18 0.060
19 354 20 22 0.059
0 285 11 18 0.057
315 205 9 13 0.057
226 246 13 17 0.056
77 153 8 21 0.055
290 196 11 13 0.052
233 241 12 12 0.052
23 176 9 17 0.052
190 161 10 26 0.052
739 180 42 57 0.051
86 234 20 16 0.051
88 169 15 13 0.051
104 221 33 44 0.050
96 194 24 28 0.049
126 166 9 23 0.049
233 236 11 14 0.048
243 254 21 51 0.046
176 194 10 12 0.045
271 196 11 12 0.045
191 188 17 19 0.044
69 219 12 20 0.043
185 163 12 19 0.042
58 177 17 17 0.042
75 313 18 21 0.042
317 213 11 17 0.041
177 233 12 25 0.041
754 186 58 66 0.040
324 264 12 14 0.040
228 179 11 13 0.040
203 158 9 10 0.040
285 186 12 21 0.039
223 159 9 10 0.038
52 182 17 13 0.038
110 264 14 16 0.038
49 262 39 53 0.038
275 150 8 9 0.037
313 209 10 32 0.037
319 183 11 14 0.036
98 220 22 29 0.036
224 235 34 31 0.035
141 226 26 76 0.035
257 170 11 28 0.034
182 172 15 24 0.034
153 180 15 41 0.034
63 188 14 23 0.034
237 173 19 20 0.032
109 212 8 12 0.032
292 238 10 13 0.032
143 205 11 15 0.031
106 193 18 14 0.031
283 175 12 20 0.031
19 186 15 13 0.031
333 320 14 19 0.030
135 241 14 14 0.030
303 167 14 27 0.030
56 206 23 68 0.030
356 64 31 42 0.029
96 9 7 9 0.029
25 194 28 39 0.028
265 176 17 17 0.028
261 195 12 12 0.028
200 230 12 15 0.027
92 149 10 29 0.027
288 528 17 21 0.026
274 145 10 21 0.026
290 244 13 17 0.026
269 180 11 28 0.026
76 290 17 28 0.026
75 244 15 16 0.025
227 158 12 10 0.025
132 177 18 14 0.024
263 301 18 19 0.024
12 354 19 25 0.024
98 167 17 24 0.024
261 223 11 15 0.024
352 226 13 13 0.023
217 241 18 17 0.023
128 247 15 16 0.022
4 278 10 17 0.021
29 144 9 23 0.021
238 397 26 31 0.020
