21_Festival_Festival_21_373
48
78 183 38 49 0.841
873 181 16 20 0.750
834 169 15 22 0.734
398 202 21 24 0.699
934 166 19 24 0.692
597 271 30 28 0.663
399 249 28 28 0.660
727 187 9 11 0.615
747 190 9 11 0.537
645 194 9 11 0.530
684 222 17 15 0.490
861 220 20 20 0.474
370 195 14 17 0.428
605 214 12 14 0.419
692 199 7 8 0.418
802 186 10 12 0.387
550 221 14 19 0.386
565 191 10 13 0.385
3 192 6 8 0.152
40 196 7 9 0.093
510 204 10 13 0.093
496 246 17 17 0.087
602 191 8 11 0.083
71 184 31 41 0.081
544 204 12 16 0.078
559 192 12 42 0.078
583 182 8 10 0.076
554 227 15 18 0.075
788 205 12 16 0.071
848 181 12 15 0.069
708 184 8 9 0.068
5 192 7 9 0.066
647 211 14 20 0.064
808 247 20 23 0.058
604 279 26 24 0.057
68 198 8 12 0.047
428 208 13 17 0.046
791 200 14 18 0.040
698 191 9 11 0.036
405 243 26 24 0.035
690 196 12 14 0.034
401 179 20 86 0.034
612 279 27 24 0.033
42 195 8 10 0.028
486 188 10 13 0.026
432 204 15 18 0.026
393 180 11 13 0.024
691 222 15 15 0.022
