21_Festival_Festival_21_201
68
719 379 23 27 0.760
772 307 32 48 0.760
505 348 24 32 0.736
553 312 21 26 0.726
394 369 24 31 0.724
678 298 22 30 0.720
42 379 30 40 0.715
905 309 18 23 0.681
217 426 23 28 0.664
641 296 15 22 0.580
611 329 17 22 0.487
291 343 19 24 0.431
401 341 17 22 0.292
275 361 18 24 0.198
437 341 18 25 0.191
326 406 31 34 0.175
375 337 17 24 0.173
475 326 20 25 0.165
661 413 25 32 0.139
338 409 24 32 0.138
647 326 17 22 0.129
590 376 18 23 0.127
942 305 23 28 0.119
574 339 18 23 0.112
593 319 19 21 0.103
625 316 15 18 0.083
753 288 17 21 0.075
314 411 28 33 0.074
152 361 22 27 0.071
616 318 20 26 0.064
9 397 20 24 0.063
918 278 21 28 0.055
143 366 26 29 0.053
517 325 23 24 0.044
684 289 22 33 0.041
573 352 17 24 0.039
985 84 39 111 0.038
10 434 18 21 0.038
138 372 21 24 0.037
764 370 24 28 0.035
772 251 19 25 0.035
269 385 24 32 0.034
465 296 24 28 0.034
634 423 23 33 0.033
337 486 32 36 0.032
0 252 22 32 0.032
252 274 17 21 0.030
530 316 16 21 0.027
949 303 28 29 0.027
454 315 13 18 0.026
522 320 19 22 0.026
466 370 21 29 0.026
572 361 17 21 0.025
672 300 20 26 0.025
615 375 20 24 0.024
595 233 19 22 0.024
669 287 16 22 0.024
689 286 19 21 0.023
401 335 20 22 0.023
475 313 27 42 0.022
443 331 20 24 0.021
598 331 22 24 0.021
630 315 15 21 0.021
196 380 22 30 0.021
264 391 25 30 0.021
634 415 21 29 0.020
648 430 26 32 0.020
56 346 23 27 0.020
