21_Festival_Festival_21_275
75
256 266 31 55 0.726
967 329 16 20 0.718
752 227 10 14 0.653
686 229 11 14 0.629
999 347 16 20 0.620
920 349 10 12 0.527
883 341 8 10 0.475
0 178 29 114 0.456
565 339 21 24 0.435
789 97 10 11 0.379
688 106 10 11 0.373
903 346 9 11 0.368
868 344 9 11 0.361
356 294 23 40 0.308
741 333 15 17 0.267
622 334 19 22 0.247
809 93 9 12 0.187
861 342 11 12 0.178
645 106 9 10 0.147
738 95 10 11 0.142
107 201 38 54 0.123
866 115 8 10 0.112
864 342 28 13 0.107
118 275 37 56 0.105
311 337 23 28 0.102
854 343 12 10 0.101
402 137 9 11 0.098
725 124 8 9 0.082
943 340 15 14 0.080
128 209 28 44 0.078
748 226 11 15 0.073
749 102 9 11 0.072
823 336 9 10 0.071
920 344 12 14 0.070
859 340 9 12 0.065
110 283 40 76 0.062
854 206 14 20 0.061
878 341 13 13 0.060
842 89 11 14 0.058
812 354 7 10 0.056
945 350 8 10 0.053
105 318 38 61 0.053
945 346 12 13 0.053
706 238 10 13 0.052
787 100 8 9 0.052
824 83 11 12 0.051
850 345 8 10 0.050
747 122 8 11 0.050
767 113 8 9 0.048
628 333 19 21 0.048
538 314 10 12 0.045
711 91 6 8 0.044
672 334 13 17 0.042
833 346 8 9 0.042
926 344 23 10 0.041
513 322 17 27 0.040
712 113 8 8 0.039
559 336 17 23 0.036
791 94 13 13 0.033
766 345 9 13 0.032
947 338 13 13 0.030
644 116 10 13 0.029
768 232 9 11 0.028
961 332 19 17 0.028
644 107 12 16 0.026
992 343 14 17 0.026
766 110 7 10 0.026
347 295 27 44 0.026
741 336 29 16 0.023
715 331 16 18 0.022
132 271 26 45 0.022
763 403 8 8 0.022
708 237 11 15 0.021
731 308 10 13 0.021
1000 335 13 14 0.020
