21_Festival_Festival_21_340
200
253 351 19 29 0.700
791 224 64 83 0.638
483 230 9 12 0.608
565 264 11 13 0.600
593 254 10 14 0.584
708 238 8 10 0.550
360 263 12 14 0.495
223 333 20 26 0.492
236 333 16 23 0.459
294 264 11 14 0.455
463 260 10 13 0.433
428 282 13 16 0.428
661 276 10 12 0.406
456 233 8 11 0.391
417 232 10 13 0.385
392 254 11 13 0.369
676 244 8 10 0.362
17 345 19 26 0.352
171 370 21 29 0.341
96 320 16 17 0.341
656 259 8 10 0.332
701 292 14 17 0.327
514 312 14 22 0.323
310 241 9 11 0.321
623 258 10 12 0.316
67 344 22 26 0.291
735 244 11 12 0.275
481 261 11 13 0.272
762 256 7 10 0.267
290 233 10 13 0.264
445 248 11 14 0.254
236 275 11 14 0.227
740 244 10 12 0.227
765 108 46 53 0.226
657 260 9 12 0.219
166 328 17 21 0.209
364 295 21 23 0.208
472 246 10 12 0.203
349 252 12 14 0.188
372 235 12 13 0.184
337 221 9 10 0.173
382 234 10 12 0.161
579 296 17 23 0.143
399 221 8 10 0.143
537 250 8 12 0.139
550 254 12 13 0.135
353 240 9 11 0.130
454 278 13 17 0.130
170 265 10 12 0.126
265 295 12 15 0.123
765 276 8 11 0.121
60 349 22 28 0.119
333 237 10 15 0.119
323 253 12 15 0.117
260 263 9 12 0.115
179 284 12 15 0.114
221 271 10 12 0.111
762 253 7 19 0.110
270 313 19 24 0.107
139 303 13 18 0.107
352 242 9 23 0.106
124 353 25 27 0.099
241 299 14 19 0.092
536 251 13 17 0.088
795 229 38 49 0.088
507 258 10 13 0.084
159 254 8 10 0.083
72 335 19 22 0.080
136 313 15 20 0.077
459 259 22 17 0.077
231 273 15 17 0.076
328 254 24 13 0.073
306 240 11 13 0.071
383 259 16 14 0.070
366 258 13 16 0.069
314 317 19 29 0.069
278 290 14 15 0.069
335 223 9 26 0.068
545 263 12 14 0.067
653 239 9 11 0.064
306 225 9 11 0.064
508 264 10 16 0.063
659 331 12 17 0.062
305 242 26 12 0.059
398 323 21 24 0.059
318 260 14 15 0.058
62 331 14 19 0.057
445 244 14 26 0.057
549 271 10 11 0.055
458 262 13 17 0.054
26 347 17 27 0.053
625 255 7 10 0.053
547 263 22 15 0.053
328 275 13 15 0.051
332 277 15 18 0.051
337 286 12 15 0.050
654 237 8 22 0.050
61 334 20 25 0.049
511 313 12 20 0.048
327 233 11 16 0.048
230 261 10 12 0.047
139 254 9 13 0.047
456 250 22 31 0.046
298 327 17 23 0.046
792 242 34 58 0.045
218 299 12 16 0.045
275 217 9 13 0.044
738 288 9 11 0.043
162 345 19 25 0.042
263 282 17 34 0.042
167 332 20 51 0.042
699 260 13 12 0.041
307 244 12 21 0.041
657 277 13 16 0.040
56 355 20 29 0.039
143 273 10 13 0.039
335 255 12 30 0.038
15 341 17 26 0.038
98 283 10 14 0.038
691 254 13 12 0.038
702 266 9 11 0.037
508 270 10 13 0.037
482 204 9 72 0.036
314 299 15 20 0.036
125 347 19 23 0.036
797 236 23 27 0.036
667 239 10 11 0.035
81 301 10 13 0.035
178 238 9 10 0.035
170 334 21 25 0.034
176 280 13 16 0.034
740 241 9 10 0.034
717 273 10 13 0.034
531 31 13 17 0.034
737 283 9 14 0.034
130 319 14 19 0.033
695 248 12 11 0.033
438 212 9 10 0.032
733 241 9 11 0.032
661 333 17 18 0.032
390 139 33 34 0.032
76 338 19 26 0.032
292 263 30 16 0.032
316 326 20 34 0.031
519 318 15 21 0.031
537 245 9 12 0.031
265 277 19 60 0.030
175 288 14 15 0.030
392 293 16 20 0.030
927 243 20 24 0.029
408 227 12 11 0.029
401 253 16 13 0.029
315 293 16 51 0.029
422 248 10 15 0.028
438 259 13 21 0.028
619 253 9 12 0.028
475 217 8 17 0.028
180 302 11 15 0.027
239 253 12 80 0.027
165 243 19 14 0.027
143 314 13 18 0.027
218 266 15 18 0.026
269 281 22 49 0.026
774 263 9 17 0.026
563 252 8 10 0.026
143 263 9 27 0.026
22 375 17 26 0.025
82 301 13 15 0.025
215 224 8 9 0.025
28 301 12 14 0.025
259 255 13 24 0.025
132 359 21 24 0.025
54 302 12 13 0.024
338 277 13 21 0.024
303 274 13 15 0.024
257 278 15 17 0.024
280 228 19 19 0.024
285 289 15 17 0.024
821 249 57 67 0.023
179 251 16 22 0.023
158 343 18 23 0.022
427 271 12 22 0.022
188 281 17 14 0.022
707 236 11 17 0.022
354 233 22 13 0.022
337 228 29 61 0.022
282 251 17 20 0.022
571 309 18 21 0.022
472 274 10 15 0.022
209 300 17 18 0.022
178 233 9 27 0.021
202 289 16 18 0.021
537 253 23 19 0.021
766 261 10 37 0.021
244 230 12 12 0.021
240 309 17 25 0.020
438 208 10 20 0.020
169 344 21 24 0.020
232 282 16 23 0.020
194 257 15 18 0.020
