21_Festival_Festival_21_797
25
642 132 103 131 0.853
417 214 54 67 0.839
314 319 56 68 0.815
83 241 52 60 0.809
502 258 52 70 0.807
100 336 50 56 0.798
293 236 49 60 0.788
834 160 41 51 0.753
170 291 47 52 0.748
780 279 51 66 0.708
182 78 25 39 0.653
40 184 26 44 0.641
284 197 33 41 0.596
661 65 45 48 0.423
270 302 40 47 0.411
144 62 28 39 0.193
292 202 39 47 0.090
964 160 14 36 0.065
964 136 13 48 0.041
148 33 32 37 0.041
963 139 15 25 0.037
103 175 37 46 0.035
929 145 26 31 0.028
776 150 25 33 0.023
278 200 26 38 0.023
