13_Interview_Interview_2_People_Visible_13_668
43
598 469 16 19 0.663
937 455 18 24 0.624
291 468 13 17 0.575
413 473 14 15 0.528
291 743 16 22 0.330
718 629 15 20 0.183
91 732 14 20 0.169
6 681 15 21 0.156
30 743 19 22 0.132
531 471 13 18 0.121
708 473 14 20 0.116
86 684 12 17 0.109
225 707 14 24 0.105
253 741 16 24 0.103
124 714 15 18 0.101
340 734 19 24 0.099
389 739 16 22 0.089
21 725 14 18 0.078
39 720 15 20 0.073
322 748 15 19 0.068
426 492 12 17 0.061
221 724 18 25 0.060
526 477 18 19 0.056
256 736 17 24 0.056
67 731 15 19 0.056
30 688 16 19 0.055
104 693 14 16 0.053
56 695 13 18 0.050
532 451 11 14 0.049
151 709 19 24 0.042
7 711 14 18 0.038
28 693 14 19 0.036
22 715 24 40 0.035
422 485 14 19 0.035
295 470 13 15 0.033
417 472 12 14 0.028
258 727 15 22 0.027
79 689 43 16 0.026
711 632 18 21 0.026
297 748 17 20 0.024
523 489 16 18 0.022
220 709 21 32 0.020
45 690 36 21 0.020
