13_Interview_Interview_2_People_Visible_13_252
33
870 10 67 85 0.844
620 29 62 80 0.841
109 553 46 63 0.839
325 558 46 57 0.835
865 523 32 41 0.832
31 28 54 66 0.828
804 272 34 44 0.816
577 507 35 44 0.794
84 286 28 32 0.762
225 15 31 37 0.745
435 12 24 30 0.696
273 265 24 28 0.623
503 281 24 31 0.596
20 259 28 32 0.594
911 359 15 19 0.260
281 296 25 34 0.196
116 8 31 36 0.109
749 242 15 19 0.100
445 316 14 18 0.070
416 305 16 20 0.060
465 388 11 13 0.059
548 347 16 18 0.050
186 334 23 28 0.042
993 323 15 18 0.034
216 137 17 23 0.034
622 306 21 27 0.032
916 361 17 19 0.032
878 341 12 16 0.028
416 362 12 16 0.027
341 310 15 19 0.025
278 303 23 33 0.025
304 361 24 32 0.023
725 390 17 21 0.022
