13_Interview_Interview_2_People_Visible_13_325
27
291 120 40 55 0.819
227 519 12 16 0.675
455 570 12 15 0.619
422 569 12 14 0.611
498 580 15 17 0.611
370 640 28 34 0.596
158 526 9 11 0.560
140 527 8 11 0.529
89 506 9 11 0.499
66 483 16 21 0.470
178 527 11 14 0.458
196 531 9 12 0.452
103 523 9 12 0.446
285 553 7 9 0.417
150 80 43 43 0.364
108 518 10 12 0.183
113 516 8 10 0.145
179 534 10 12 0.098
145 94 42 38 0.085
66 492 14 18 0.064
280 553 9 9 0.062
110 512 12 14 0.049
437 569 10 12 0.036
373 631 29 33 0.033
437 573 9 10 0.032
272 550 17 10 0.026
283 551 11 13 0.026
