13_Interview_Interview_On_Location_13_313
57
220 445 26 34 0.840
177 371 23 30 0.821
801 363 25 34 0.820
452 496 28 37 0.816
829 335 27 33 0.816
773 333 25 30 0.808
154 355 22 28 0.805
263 356 23 29 0.804
660 337 24 31 0.800
597 369 27 35 0.797
559 364 25 31 0.791
308 348 22 29 0.790
495 362 24 30 0.789
115 349 25 27 0.788
879 320 26 33 0.785
295 475 28 34 0.785
592 476 23 34 0.781
806 323 23 27 0.780
930 343 26 33 0.779
414 365 22 28 0.778
624 338 24 32 0.772
658 476 24 33 0.766
741 331 22 30 0.756
212 364 21 26 0.751
363 350 24 27 0.742
519 362 19 26 0.735
38 356 23 31 0.705
961 351 26 33 0.658
392 360 20 26 0.618
443 360 22 27 0.584
639 324 22 25 0.545
62 356 24 31 0.525
208 346 20 25 0.379
700 326 20 27 0.271
635 326 21 29 0.237
199 344 20 24 0.205
194 347 20 24 0.113
88 336 19 23 0.111
670 588 23 28 0.066
706 353 23 32 0.062
206 339 21 23 0.054
74 337 36 39 0.044
532 334 19 26 0.042
695 330 21 26 0.041
704 330 20 26 0.039
459 349 17 27 0.035
65 350 23 28 0.035
452 368 21 33 0.034
728 301 17 21 0.032
771 612 26 29 0.032
217 346 20 24 0.032
503 365 30 28 0.028
338 365 15 18 0.027
452 382 19 23 0.026
612 556 25 28 0.026
69 364 20 26 0.024
284 345 18 22 0.023
