35_Basketball_playingbasketball_35_495
260
824 820 65 72 0.826
341 755 63 72 0.821
205 965 25 32 0.792
173 1117 25 34 0.779
234 1156 25 32 0.776
542 401 87 80 0.774
8 777 85 77 0.772
738 1058 24 32 0.762
742 990 24 30 0.760
182 924 22 28 0.741
686 961 22 26 0.740
169 632 18 24 0.739
252 1105 25 31 0.737
793 757 17 21 0.734
820 656 16 21 0.731
263 772 21 26 0.729
728 814 20 25 0.727
972 896 21 26 0.720
989 694 16 20 0.705
771 857 19 23 0.700
176 706 18 24 0.697
677 821 17 23 0.695
208 609 16 21 0.693
738 752 18 22 0.692
831 632 16 20 0.691
783 819 19 23 0.689
803 726 16 20 0.688
288 580 15 18 0.685
285 672 17 21 0.682
595 710 15 20 0.681
110 628 17 22 0.680
168 568 17 22 0.680
905 815 20 26 0.679
722 850 18 22 0.678
951 830 16 21 0.678
289 704 17 21 0.677
710 623 16 19 0.676
862 765 17 20 0.676
233 639 18 22 0.674
261 606 17 21 0.674
225 742 21 26 0.673
844 604 15 19 0.671
946 863 18 23 0.668
244 705 19 22 0.667
669 984 22 29 0.666
691 693 15 20 0.663
221 587 15 19 0.663
836 794 17 21 0.661
742 600 14 19 0.657
45 569 17 22 0.657
935 694 16 20 0.652
696 754 15 21 0.643
347 474 16 20 0.642
202 433 15 20 0.640
591 685 16 21 0.639
963 738 15 20 0.634
106 573 17 22 0.633
943 792 17 21 0.633
287 742 18 23 0.629
871 659 15 21 0.628
1007 1198 17 27 0.622
136 673 16 21 0.620
918 670 16 20 0.619
993 607 14 18 0.617
974 841 15 19 0.608
789 646 15 17 0.604
1010 899 14 21 0.601
319 613 16 19 0.600
144 437 15 19 0.591
338 736 18 24 0.578
290 453 15 20 0.578
123 446 16 19 0.577
219 459 16 20 0.573
361 424 15 19 0.571
304 633 17 21 0.571
352 580 14 19 0.562
984 637 15 18 0.562
1013 833 11 19 0.560
729 658 16 19 0.549
661 858 19 21 0.541
679 439 16 19 0.541
722 901 20 23 0.538
767 895 18 23 0.538
1003 1096 18 27 0.533
857 484 13 16 0.533
697 792 16 21 0.522
998 760 18 21 0.520
933 730 17 20 0.518
868 730 18 21 0.514
946 632 15 19 0.513
705 473 16 22 0.507
883 689 14 18 0.505
521 151 17 21 0.496
935 608 14 17 0.493
795 706 14 18 0.483
864 704 16 19 0.477
607 63 16 21 0.477
86 474 15 19 0.470
874 631 15 20 0.467
350 718 17 19 0.463
994 659 14 19 0.436
732 788 18 22 0.436
767 453 15 19 0.412
680 173 15 20 0.401
604 651 15 18 0.400
1007 446 14 17 0.385
701 724 15 20 0.380
798 80 16 18 0.379
628 161 17 20 0.377
779 491 13 16 0.361
53 447 14 17 0.344
162 610 18 19 0.297
374 457 17 21 0.295
89 847 19 25 0.294
3 446 12 18 0.286
239 482 15 20 0.285
600 796 16 20 0.269
658 801 18 22 0.269
579 173 17 20 0.268
745 661 14 18 0.257
55 628 17 22 0.247
768 970 20 25 0.236
127 438 33 20 0.219
1009 988 15 29 0.217
942 607 15 46 0.214
898 514 14 17 0.214
959 834 19 23 0.212
665 141 15 21 0.211
161 493 14 17 0.206
611 820 17 23 0.206
191 480 15 20 0.195
699 654 16 19 0.195
836 195 16 20 0.188
986 878 16 19 0.182
866 91 16 20 0.176
987 638 15 29 0.176
718 1085 24 30 0.174
835 606 15 56 0.169
738 898 19 22 0.168
698 185 15 19 0.166
442 478 18 22 0.166
834 75 13 17 0.163
933 704 15 56 0.162
563 755 22 23 0.154
782 185 15 19 0.151
523 180 16 20 0.148
754 828 14 18 0.148
208 444 25 32 0.136
892 678 14 17 0.133
925 678 23 32 0.128
324 675 16 19 0.127
704 467 16 20 0.125
611 133 16 21 0.124
322 606 17 21 0.114
686 180 29 20 0.111
574 723 16 18 0.110
906 855 19 28 0.106
697 716 17 24 0.100
165 1215 21 16 0.100
589 116 17 21 0.098
226 1122 20 24 0.098
755 11 14 18 0.095
0 422 11 17 0.094
128 620 16 21 0.088
826 773 15 18 0.087
865 680 24 63 0.085
952 816 16 52 0.085
751 705 16 18 0.085
1016 959 8 27 0.084
336 734 28 34 0.081
968 837 28 28 0.081
367 638 17 23 0.076
1 417 10 34 0.073
890 674 53 24 0.072
239 699 66 34 0.070
974 658 13 16 0.067
594 120 26 24 0.066
756 704 17 20 0.066
262 829 20 25 0.066
64 415 13 17 0.065
606 793 16 21 0.064
832 770 26 16 0.064
931 1196 27 35 0.063
607 807 18 33 0.062
871 623 13 109 0.062
562 1034 18 22 0.062
607 126 19 23 0.062
42 463 16 19 0.060
998 858 16 22 0.060
992 873 17 31 0.060
900 772 18 22 0.060
265 694 17 20 0.059
723 994 19 25 0.057
899 859 21 24 0.057
201 1126 24 28 0.057
12 766 18 15 0.056
741 1170 22 27 0.054
653 800 18 23 0.052
871 726 26 21 0.052
805 819 14 16 0.051
589 790 20 25 0.051
798 721 19 44 0.050
698 35 17 18 0.050
1011 950 13 52 0.046
564 749 28 40 0.044
764 449 15 19 0.044
233 484 24 22 0.042
765 704 15 19 0.041
709 656 32 20 0.041
887 719 17 23 0.041
944 762 17 20 0.041
788 894 18 21 0.040
872 626 15 19 0.040
993 869 16 22 0.040
185 891 22 27 0.040
54 441 15 18 0.039
887 863 16 20 0.039
654 481 13 18 0.038
989 737 19 18 0.038
40 627 18 22 0.038
60 631 16 19 0.036
184 1091 23 28 0.036
996 734 14 17 0.035
879 693 19 31 0.035
355 454 25 23 0.034
676 86 19 22 0.034
801 148 18 22 0.033
285 675 17 39 0.033
617 957 27 28 0.032
566 1008 18 23 0.032
346 724 21 27 0.032
783 798 15 20 0.029
842 201 14 18 0.029
240 854 24 28 0.029
758 1052 19 23 0.028
516 153 18 22 0.028
213 1118 34 32 0.028
845 124 15 19 0.027
848 765 16 18 0.027
140 714 21 26 0.026
708 1002 18 22 0.026
214 1127 27 26 0.026
724 1079 25 28 0.026
914 1010 12 13 0.026
359 450 17 23 0.026
966 70 19 23 0.025
705 657 16 17 0.025
793 84 17 21 0.025
327 796 20 26 0.024
592 679 15 20 0.024
968 738 17 19 0.023
541 707 16 24 0.023
209 1125 47 40 0.023
714 63 17 20 0.022
764 798 16 20 0.022
837 75 16 18 0.021
889 708 20 19 0.021
616 105 15 20 0.021
769 799 25 21 0.020
316 644 28 66 0.020
