35_Basketball_basketballgame_ball_35_64
78
476 223 61 80 0.862
905 171 56 90 0.858
951 181 73 115 0.853
33 247 55 66 0.850
295 238 62 81 0.850
590 209 68 92 0.847
692 213 75 98 0.844
805 182 39 51 0.834
125 288 58 78 0.814
492 161 34 39 0.810
100 199 42 54 0.800
273 127 26 34 0.799
657 106 34 42 0.797
592 79 29 34 0.793
0 244 30 38 0.787
239 246 34 43 0.787
0 297 37 60 0.772
536 16 25 33 0.769
140 110 25 30 0.759
96 130 24 31 0.758
442 110 29 38 0.757
193 218 28 35 0.755
237 191 30 37 0.755
151 139 25 31 0.752
466 63 25 33 0.748
870 60 25 33 0.746
389 68 25 31 0.744
524 93 26 32 0.718
48 43 18 24 0.716
26 78 20 25 0.706
566 201 33 40 0.698
242 164 28 35 0.696
56 193 20 27 0.695
281 222 30 40 0.693
32 154 27 29 0.692
343 155 27 31 0.691
414 13 25 30 0.688
399 149 26 35 0.687
90 41 19 25 0.677
209 10 17 25 0.671
267 5 20 25 0.669
415 114 25 32 0.662
159 7 18 22 0.662
301 95 21 26 0.655
724 90 34 42 0.642
337 0 19 21 0.629
217 108 23 28 0.612
66 0 18 16 0.610
448 6 27 27 0.610
623 5 24 28 0.590
75 212 27 39 0.580
453 45 21 29 0.526
241 70 24 26 0.522
180 78 23 26 0.519
489 5 24 28 0.467
294 0 18 21 0.432
686 192 40 52 0.389
1 113 18 26 0.389
455 50 26 33 0.275
172 250 29 35 0.270
377 168 21 28 0.251
8 95 17 21 0.245
353 212 23 29 0.193
3 219 24 30 0.189
199 50 20 24 0.175
190 171 23 30 0.159
194 52 24 29 0.117
263 99 23 27 0.078
205 106 21 25 0.070
221 91 17 22 0.069
441 209 19 21 0.057
396 0 20 16 0.054
278 204 28 30 0.052
275 2 24 24 0.039
85 173 22 28 0.031
688 62 24 32 0.030
371 79 22 29 0.027
153 47 20 23 0.023
