35_Basketball_playingbasketball_35_606
51
383 193 23 29 0.764
198 202 23 32 0.756
25 381 17 20 0.755
77 388 17 19 0.709
890 395 12 13 0.518
839 406 9 11 0.458
241 404 12 15 0.447
1 408 13 19 0.333
292 449 7 8 0.307
800 401 7 8 0.303
948 383 16 15 0.266
337 383 19 25 0.213
783 415 9 10 0.186
984 439 8 9 0.184
499 423 7 8 0.175
339 392 15 20 0.168
433 424 6 9 0.161
576 421 6 7 0.148
697 423 6 7 0.139
304 425 7 9 0.133
851 429 8 9 0.123
913 442 8 10 0.109
999 440 7 9 0.099
266 422 6 8 0.094
459 424 7 9 0.093
331 458 6 8 0.088
245 445 7 8 0.085
831 395 6 9 0.083
960 382 10 13 0.074
222 425 11 12 0.072
363 425 6 7 0.064
793 400 20 12 0.061
341 400 10 13 0.060
459 419 5 7 0.058
656 421 6 8 0.043
260 418 11 11 0.042
292 451 8 9 0.040
963 383 9 11 0.039
459 416 6 9 0.038
248 446 6 7 0.036
433 424 7 7 0.035
430 424 6 7 0.035
336 368 23 33 0.033
957 385 12 14 0.033
360 422 8 8 0.030
809 413 7 9 0.029
617 423 6 6 0.028
84 388 15 19 0.028
829 392 6 9 0.025
358 424 7 9 0.024
778 412 11 11 0.021
