35_Basketball_basketballgame_ball_35_375
841
993 533 13 20 0.713
502 218 8 10 0.610
278 192 8 9 0.606
625 177 7 9 0.599
996 171 8 10 0.579
649 179 8 9 0.572
613 116 6 9 0.556
593 227 8 10 0.555
636 132 7 9 0.552
638 232 8 12 0.550
681 135 8 10 0.550
682 201 9 11 0.544
909 205 7 9 0.542
593 151 8 9 0.538
965 166 8 10 0.537
969 81 8 9 0.537
568 166 8 10 0.532
344 183 8 9 0.527
807 190 9 9 0.526
985 479 15 20 0.524
558 235 8 9 0.522
686 236 8 10 0.522
925 73 8 9 0.516
605 191 7 10 0.514
952 187 8 9 0.514
861 135 8 9 0.512
865 224 8 10 0.510
1016 259 8 12 0.509
862 198 8 11 0.509
459 120 8 9 0.508
594 112 8 9 0.502
574 150 7 9 0.500
447 140 8 9 0.497
319 196 6 9 0.496
479 181 7 9 0.495
831 95 6 8 0.494
548 166 7 8 0.490
940 165 7 9 0.490
458 181 7 8 0.488
639 76 7 9 0.487
626 153 8 9 0.486
897 183 8 9 0.483
775 214 9 12 0.482
659 136 8 9 0.481
1000 57 9 11 0.479
675 159 7 9 0.475
67 139 7 9 0.475
947 138 7 9 0.473
298 140 6 8 0.473
738 100 7 9 0.473
94 154 6 8 0.472
949 78 8 9 0.472
884 99 7 9 0.471
823 151 8 10 0.471
958 99 7 9 0.470
864 181 8 9 0.470
682 63 8 9 0.466
721 100 7 9 0.465
863 157 7 9 0.464
111 156 7 9 0.464
840 176 8 9 0.464
781 26 7 9 0.464
435 200 8 10 0.462
935 209 8 10 0.460
542 206 8 10 0.459
818 174 8 9 0.459
845 151 9 9 0.458
576 91 7 9 0.458
492 140 8 9 0.453
879 118 7 9 0.451
973 187 8 9 0.450
518 103 7 10 0.450
256 176 7 8 0.446
478 102 6 9 0.444
273 158 6 9 0.443
594 17 7 10 0.442
535 186 7 9 0.440
404 94 7 9 0.438
58 163 6 8 0.438
558 105 7 9 0.435
535 49 7 9 0.435
766 44 8 10 0.433
414 175 8 10 0.432
588 216 7 9 0.426
892 157 8 9 0.423
656 222 7 9 0.422
541 147 7 9 0.422
362 144 7 9 0.422
919 189 7 9 0.420
410 193 7 9 0.420
251 156 6 9 0.419
997 37 9 10 0.415
379 193 8 9 0.414
320 182 7 9 0.413
273 177 7 9 0.412
627 57 6 8 0.411
613 217 8 9 0.410
825 200 9 10 0.407
482 159 8 9 0.405
938 122 7 9 0.402
221 184 7 9 0.402
193 148 6 8 0.401
900 56 7 10 0.401
611 231 8 11 0.400
675 221 8 10 0.398
703 58 7 9 0.396
594 132 7 9 0.396
521 186 7 10 0.394
558 189 8 9 0.391
466 159 7 9 0.390
302 191 7 10 0.389
645 4 8 9 0.389
525 69 7 9 0.387
576 113 7 9 0.386
629 215 8 10 0.386
496 104 7 9 0.386
508 126 7 9 0.385
474 48 7 8 0.382
456 100 7 8 0.380
52 139 7 8 0.379
569 214 7 9 0.378
611 41 8 9 0.378
381 115 7 8 0.378
397 173 7 9 0.377
203 167 7 8 0.376
523 226 9 9 0.375
449 65 6 7 0.373
7 157 7 9 0.372
478 88 6 9 0.369
1006 276 10 12 0.368
429 136 7 9 0.368
231 153 6 9 0.365
651 97 8 10 0.364
703 41 7 9 0.363
650 159 9 9 0.362
413 134 7 9 0.362
832 218 9 10 0.362
714 124 7 10 0.361
705 243 8 9 0.361
173 174 7 9 0.360
883 209 8 10 0.358
917 226 8 9 0.357
320 125 7 9 0.355
915 138 8 10 0.355
701 24 8 9 0.353
441 177 7 9 0.351
885 233 9 10 0.350
661 57 7 9 0.350
723 42 7 9 0.350
517 163 8 9 0.350
612 151 9 9 0.349
1000 79 7 9 0.348
361 169 7 8 0.345
678 117 7 9 0.345
451 157 7 8 0.345
132 159 7 9 0.342
224 81 7 8 0.338
75 169 7 8 0.337
613 7 6 8 0.337
542 109 7 8 0.336
525 204 7 9 0.335
965 147 8 9 0.335
934 101 7 9 0.335
415 63 7 9 0.335
1012 147 9 12 0.330
431 120 7 9 0.329
156 178 7 8 0.328
853 94 8 9 0.327
196 183 7 9 0.327
501 167 7 9 0.324
263 142 6 9 0.324
775 146 8 9 0.323
311 162 8 9 0.323
412 153 7 9 0.322
119 172 7 9 0.318
351 128 7 9 0.317
398 309 10 14 0.316
871 520 12 17 0.316
348 107 7 9 0.315
473 138 8 10 0.315
299 36 7 9 0.314
1000 103 9 11 0.313
870 69 7 9 0.312
385 77 7 7 0.312
721 7 7 9 0.310
147 162 7 9 0.310
556 125 8 9 0.309
951 555 12 20 0.309
484 13 7 9 0.308
412 245 8 10 0.305
942 14 7 10 0.305
592 52 8 9 0.304
917 159 8 9 0.304
677 39 8 10 0.304
959 492 10 16 0.303
877 54 7 8 0.301
520 14 7 10 0.301
503 1 7 6 0.299
95 129 7 9 0.297
104 110 6 8 0.293
671 6 8 9 0.293
156 139 7 10 0.291
427 45 7 9 0.291
673 4 9 11 0.290
203 95 7 8 0.289
717 82 8 9 0.289
332 76 7 9 0.288
803 87 8 9 0.288
237 186 7 9 0.287
470 208 9 12 0.287
604 58 7 9 0.286
540 72 8 9 0.285
972 123 7 9 0.284
646 55 8 9 0.282
738 84 7 9 0.277
49 518 12 17 0.277
181 66 7 9 0.275
695 120 7 10 0.271
642 24 7 9 0.270
107 91 5 6 0.269
154 126 7 9 0.269
892 138 7 10 0.267
939 36 8 10 0.267
614 134 7 8 0.266
390 42 7 9 0.264
696 206 9 10 0.263
756 184 8 10 0.263
297 105 7 9 0.262
902 99 7 9 0.262
462 27 7 9 0.259
761 87 8 9 0.257
452 42 7 9 0.255
800 226 8 9 0.255
974 58 8 9 0.255
810 264 9 11 0.252
561 73 7 9 0.251
988 127 8 11 0.245
281 35 7 8 0.245
820 30 8 9 0.244
478 121 8 10 0.243
1004 19 7 10 0.242
450 214 8 9 0.242
369 94 7 9 0.242
614 24 7 10 0.242
290 122 7 9 0.241
830 117 8 10 0.238
173 128 7 9 0.233
284 137 7 8 0.233
509 70 7 9 0.231
256 87 7 8 0.230
852 116 8 9 0.229
895 429 10 18 0.229
569 128 8 9 0.227
697 82 8 9 0.223
121 93 7 9 0.222
352 42 7 9 0.221
378 24 7 10 0.221
725 183 8 9 0.220
394 65 7 7 0.213
362 60 8 8 0.212
730 63 8 9 0.212
269 103 7 9 0.210
697 141 7 9 0.205
426 158 8 9 0.198
781 10 7 9 0.197
798 2 7 7 0.196
111 63 7 8 0.196
396 150 7 9 0.195
42 75 6 8 0.194
625 202 7 9 0.193
975 22 8 9 0.191
240 116 7 9 0.191
287 159 8 9 0.189
321 143 8 9 0.189
917 503 12 16 0.188
584 266 8 10 0.186
845 267 8 9 0.186
729 30 7 10 0.185
745 40 7 12 0.185
244 135 7 9 0.185
949 239 7 10 0.184
928 3 6 7 0.183
61 120 7 9 0.182
176 115 7 9 0.180
338 130 8 9 0.178
29 103 8 9 0.177
888 39 8 9 0.176
304 69 7 8 0.176
599 78 9 11 0.175
591 229 17 9 0.174
199 130 6 10 0.174
101 167 8 9 0.173
631 7 7 9 0.173
980 241 10 12 0.173
566 53 7 10 0.172
1002 18 9 16 0.172
262 140 7 9 0.171
30 123 7 9 0.170
26 60 7 8 0.169
648 115 9 9 0.169
733 101 14 9 0.169
649 240 7 9 0.169
620 76 7 12 0.164
574 16 8 9 0.163
292 175 7 9 0.161
906 78 7 8 0.160
555 88 6 15 0.160
314 105 7 10 0.158
99 1 7 9 0.158
679 203 19 10 0.158
586 178 8 10 0.157
801 36 8 9 0.157
916 217 9 21 0.157
692 104 10 9 0.156
203 54 7 8 0.156
195 3 6 7 0.156
981 4 8 10 0.155
756 27 8 10 0.154
598 56 11 10 0.153
677 82 9 9 0.153
540 90 8 9 0.153
375 58 9 9 0.151
659 79 8 9 0.150
326 6 9 9 0.150
378 190 7 12 0.149
796 64 8 6 0.147
421 156 13 9 0.147
838 150 18 12 0.146
614 90 8 14 0.145
627 149 10 12 0.145
884 96 6 17 0.144
995 6 9 9 0.142
494 187 7 9 0.142
912 118 12 9 0.142
160 81 7 8 0.141
527 186 13 10 0.141
360 25 7 12 0.141
533 124 8 9 0.140
1 4 6 8 0.140
1016 197 8 10 0.139
1 130 8 11 0.138
596 351 9 12 0.138
889 536 13 18 0.137
355 75 7 9 0.136
426 39 7 18 0.135
407 13 10 9 0.134
444 9 7 20 0.133
631 99 8 10 0.131
415 77 7 16 0.131
314 125 12 9 0.131
827 198 8 11 0.130
910 34 12 10 0.130
66 74 8 10 0.130
226 153 13 9 0.128
650 95 7 19 0.127
196 178 9 14 0.126
407 94 6 9 0.125
314 196 7 9 0.125
253 190 8 9 0.125
305 70 8 9 0.125
271 69 5 23 0.125
110 154 7 9 0.125
836 123 8 12 0.123
915 34 8 12 0.123
517 88 8 9 0.121
409 39 7 17 0.121
66 95 7 11 0.120
11 89 7 13 0.119
577 41 9 9 0.119
233 84 8 9 0.119
288 156 7 20 0.118
254 176 9 13 0.117
883 96 7 9 0.117
838 12 7 9 0.117
505 147 11 10 0.117
678 31 8 19 0.116
650 154 7 25 0.115
806 64 8 9 0.115
488 1 6 6 0.115
559 36 8 14 0.115
574 192 10 11 0.113
250 189 9 8 0.110
869 73 7 9 0.110
746 64 10 9 0.109
478 83 6 26 0.109
561 266 8 10 0.108
89 46 7 15 0.108
894 155 8 17 0.108
972 125 7 8 0.108
926 69 9 11 0.107
449 217 7 9 0.107
1018 633 6 24 0.106
121 1 7 6 0.106
696 78 7 20 0.105
750 221 8 16 0.105
176 109 5 23 0.105
871 60 7 23 0.105
437 0 8 14 0.104
974 223 9 9 0.103
79 570 11 19 0.103
159 49 7 15 0.103
804 81 7 17 0.103
611 151 22 10 0.102
495 182 8 15 0.102
415 54 6 24 0.102
517 158 9 12 0.102
296 133 8 23 0.102
911 19 8 10 0.102
820 0 7 8 0.101
53 90 9 12 0.101
105 159 10 12 0.100
165 151 6 24 0.100
321 91 7 12 0.099
31 89 6 18 0.099
505 145 7 26 0.098
717 4 8 10 0.097
429 131 8 13 0.097
918 183 8 17 0.096
750 259 9 12 0.096
1015 73 7 18 0.096
780 9 8 14 0.095
409 133 10 9 0.095
532 1 13 9 0.095
475 123 7 27 0.095
782 14 6 26 0.095
160 78 6 20 0.094
695 12 8 8 0.094
273 165 7 28 0.093
217 132 14 14 0.093
537 147 10 10 0.093
1006 515 11 15 0.093
631 216 8 14 0.091
906 118 8 12 0.091
680 95 7 26 0.091
171 173 14 9 0.091
556 126 26 9 0.090
422 1 6 6 0.090
377 17 7 21 0.090
340 107 18 9 0.090
119 27 8 13 0.089
948 0 7 13 0.089
983 267 9 14 0.089
1012 196 11 12 0.089
738 91 6 23 0.089
41 67 6 21 0.089
109 193 8 9 0.088
28 159 10 9 0.088
413 136 7 29 0.087
802 225 11 11 0.086
349 99 6 27 0.086
745 38 8 22 0.086
178 63 10 15 0.086
533 42 8 20 0.086
352 36 6 26 0.085
1015 81 8 11 0.085
384 1 8 6 0.085
270 51 7 18 0.084
236 59 6 25 0.083
838 122 7 16 0.083
778 192 9 11 0.083
821 0 7 13 0.082
732 264 10 11 0.082
518 83 6 27 0.082
1016 171 8 12 0.082
530 1 8 6 0.081
454 1 8 6 0.081
917 54 14 12 0.081
1008 193 9 12 0.081
798 16 9 20 0.080
552 0 6 8 0.080
77 3 6 20 0.080
124 190 6 9 0.079
294 102 9 15 0.079
468 159 23 9 0.079
589 1 9 12 0.079
740 4 9 15 0.079
481 165 7 27 0.078
710 82 17 9 0.077
377 0 8 6 0.077
378 195 7 9 0.076
54 15 7 15 0.076
478 87 16 12 0.075
437 1 8 6 0.075
515 75 7 27 0.074
332 64 7 30 0.074
908 587 13 21 0.073
999 75 7 30 0.073
816 9 7 17 0.073
401 152 20 9 0.073
727 28 24 8 0.072
814 228 9 12 0.072
701 241 10 9 0.072
738 4 7 27 0.071
863 549 13 17 0.071
556 69 13 15 0.071
155 120 6 30 0.071
836 135 9 18 0.071
607 465 10 16 0.070
268 159 30 9 0.070
497 81 9 26 0.070
463 213 15 14 0.070
941 606 14 22 0.069
442 9 16 20 0.069
483 160 13 10 0.069
157 369 11 17 0.068
101 1 7 6 0.068
122 0 7 15 0.068
449 67 9 9 0.068
855 92 7 19 0.068
493 76 8 21 0.067
677 100 10 10 0.067
622 175 9 12 0.067
496 40 8 11 0.067
558 100 7 33 0.067
79 127 11 9 0.067
229 179 15 18 0.067
424 6 7 27 0.067
985 226 12 12 0.067
129 57 11 20 0.067
413 0 9 6 0.066
941 600 17 24 0.066
985 4 14 10 0.066
569 203 8 19 0.066
975 222 12 15 0.065
463 1 8 6 0.065
992 153 25 17 0.065
525 1 20 11 0.065
818 132 10 14 0.065
524 15 8 18 0.064
413 78 16 14 0.064
1014 69 9 14 0.064
614 3 6 30 0.064
1013 3 10 10 0.063
462 7 5 30 0.063
449 0 19 12 0.063
291 141 26 10 0.063
93 56 8 22 0.063
245 94 6 29 0.062
457 180 9 14 0.062
762 66 12 11 0.062
644 1 7 36 0.062
550 0 12 9 0.062
143 70 8 24 0.062
361 52 9 27 0.062
858 196 9 12 0.061
452 37 6 30 0.061
697 143 7 14 0.061
332 51 7 24 0.061
698 5 6 28 0.061
325 4 17 9 0.060
495 641 20 23 0.060
108 196 7 9 0.060
583 262 9 12 0.059
949 1 7 6 0.059
739 87 8 27 0.059
949 54 9 15 0.058
502 112 9 26 0.058
144 1 7 6 0.058
606 175 8 9 0.057
221 1 8 6 0.057
940 21 7 31 0.057
643 57 30 8 0.057
874 605 12 17 0.057
437 156 22 10 0.057
76 162 11 14 0.057
516 1 8 6 0.057
2 0 5 22 0.056
236 167 10 21 0.055
92 43 6 30 0.055
360 106 7 23 0.055
202 50 14 16 0.055
588 173 8 18 0.054
810 559 15 19 0.054
351 56 8 25 0.053
900 54 23 14 0.053
323 1 9 24 0.053
221 76 18 18 0.052
434 66 7 20 0.052
353 71 16 19 0.052
952 75 8 33 0.052
360 0 7 6 0.052
438 240 9 12 0.051
794 62 17 13 0.051
561 28 10 22 0.051
358 0 10 15 0.051
934 49 13 15 0.051
970 54 12 14 0.051
910 22 11 27 0.051
835 7 12 15 0.050
107 192 16 9 0.050
247 135 6 30 0.050
14 157 11 10 0.050
591 1 8 6 0.050
24 156 15 15 0.049
271 85 7 31 0.049
668 80 13 13 0.049
580 1 16 9 0.049
591 48 9 26 0.049
344 1 18 10 0.048
0 108 7 27 0.048
996 226 7 9 0.048
697 117 21 17 0.048
628 33 13 27 0.047
443 17 6 30 0.047
811 262 10 12 0.047
422 15 8 30 0.047
282 1 10 6 0.047
740 0 7 36 0.047
851 92 8 30 0.046
748 65 22 10 0.046
145 55 10 27 0.046
560 220 7 15 0.046
371 88 6 29 0.046
501 7 7 24 0.045
815 131 9 13 0.045
252 47 8 25 0.045
865 226 15 9 0.045
968 32 9 17 0.045
16 111 8 22 0.044
609 231 7 17 0.044
551 49 17 15 0.044
60 20 7 20 0.044
779 183 9 16 0.043
519 9 7 27 0.043
738 22 22 16 0.043
130 1 8 6 0.043
638 204 7 9 0.043
302 195 7 9 0.043
556 66 11 32 0.043
89 204 7 8 0.043
281 80 13 25 0.043
376 28 10 32 0.043
886 37 22 17 0.042
825 93 11 18 0.042
389 7 9 30 0.042
369 49 16 24 0.042
757 6 9 30 0.042
23 57 8 14 0.042
793 90 8 11 0.042
15 71 8 28 0.041
36 148 6 24 0.041
707 241 10 12 0.041
906 27 8 19 0.041
975 151 15 12 0.041
537 1 8 6 0.040
487 0 7 26 0.040
596 84 10 20 0.040
729 180 9 23 0.040
362 167 22 15 0.040
746 261 13 14 0.040
119 22 8 28 0.040
583 50 19 16 0.040
77 69 14 23 0.040
274 171 21 27 0.040
539 262 11 12 0.040
879 42 8 23 0.039
736 231 9 14 0.039
808 743 21 22 0.039
576 11 7 30 0.038
560 174 9 28 0.038
984 224 13 22 0.038
383 63 12 30 0.038
811 137 10 13 0.038
54 522 11 16 0.038
978 5 28 9 0.038
203 151 11 31 0.037
31 98 19 17 0.037
309 110 8 30 0.037
918 22 12 23 0.037
800 68 7 28 0.037
960 35 14 16 0.037
253 0 12 16 0.036
245 4 6 30 0.036
981 104 8 12 0.036
791 127 9 14 0.036
856 0 12 9 0.036
302 63 7 30 0.036
813 54 8 8 0.036
823 274 8 9 0.036
753 153 9 10 0.036
221 99 8 27 0.036
21 58 9 24 0.035
379 0 18 16 0.035
337 183 11 9 0.035
256 55 6 33 0.035
28 105 8 30 0.035
801 228 22 12 0.034
928 99 9 10 0.034
774 173 9 12 0.034
693 100 25 13 0.034
549 259 14 12 0.034
0 414 9 16 0.034
271 103 7 30 0.033
997 45 12 20 0.033
520 184 18 27 0.033
881 69 12 14 0.033
248 149 10 30 0.033
989 143 9 24 0.033
924 273 11 11 0.033
619 22 23 20 0.033
800 12 23 17 0.033
50 20 7 20 0.033
79 94 11 28 0.033
909 18 8 9 0.033
662 80 23 10 0.032
723 152 7 16 0.032
915 133 11 13 0.032
163 568 15 17 0.032
977 245 11 13 0.032
777 144 9 14 0.032
676 0 11 30 0.031
168 175 29 10 0.031
75 1 13 30 0.031
217 0 16 18 0.031
777 206 10 22 0.031
220 125 22 23 0.031
659 54 15 20 0.031
728 267 10 11 0.031
80 44 16 28 0.031
219 40 9 30 0.031
378 142 7 22 0.031
988 59 18 10 0.031
318 3 7 33 0.031
486 109 14 30 0.030
126 133 12 27 0.030
981 150 22 18 0.030
907 54 19 29 0.030
1017 126 7 15 0.030
952 177 20 23 0.030
903 90 7 21 0.030
54 52 7 27 0.030
35 160 7 13 0.029
197 128 24 18 0.029
378 139 21 19 0.029
635 31 18 28 0.029
218 107 15 27 0.029
811 62 7 10 0.029
81 105 6 31 0.029
541 261 13 12 0.029
156 149 16 27 0.029
867 624 15 21 0.028
317 162 13 30 0.028
297 13 8 24 0.028
157 0 8 9 0.027
174 93 5 31 0.027
558 33 22 23 0.027
131 44 8 31 0.027
751 204 10 15 0.027
122 71 5 31 0.027
197 210 6 8 0.027
176 98 16 29 0.026
560 0 15 12 0.026
757 610 16 19 0.026
637 110 8 23 0.026
469 63 16 14 0.026
910 581 18 23 0.026
869 614 15 22 0.026
988 474 16 21 0.025
186 94 21 24 0.025
29 84 21 27 0.025
580 58 12 27 0.025
158 43 15 30 0.025
759 38 14 25 0.025
320 57 14 29 0.025
770 176 14 22 0.025
979 235 13 21 0.025
800 164 11 17 0.025
382 195 7 8 0.025
333 126 11 30 0.025
940 235 13 12 0.025
762 75 14 23 0.025
313 30 16 25 0.025
597 135 18 27 0.025
272 115 11 28 0.025
372 0 19 22 0.025
316 144 12 30 0.025
712 137 10 18 0.025
672 181 10 12 0.024
871 168 10 19 0.024
40 0 7 15 0.024
46 205 8 9 0.024
52 42 9 29 0.024
869 511 15 19 0.024
763 0 23 13 0.024
873 271 8 9 0.024
217 160 13 27 0.024
496 69 17 33 0.024
248 80 16 28 0.024
33 111 16 24 0.024
802 266 15 13 0.024
97 0 7 9 0.024
678 204 10 14 0.024
464 222 7 9 0.023
771 0 8 8 0.023
0 93 10 31 0.023
752 258 9 23 0.023
194 111 13 27 0.023
653 27 14 27 0.023
439 95 13 24 0.023
438 38 11 28 0.023
604 256 10 12 0.023
290 47 16 28 0.023
794 123 11 12 0.023
147 156 21 34 0.023
727 125 8 12 0.023
663 25 19 25 0.023
554 19 11 30 0.023
850 283 10 12 0.023
934 186 17 14 0.022
597 349 13 15 0.022
327 48 10 30 0.022
809 564 14 18 0.022
753 0 21 18 0.022
464 60 14 20 0.022
330 0 7 30 0.022
703 242 12 13 0.022
79 53 9 31 0.022
334 146 11 22 0.022
749 129 8 17 0.022
605 259 7 9 0.022
452 19 21 29 0.022
313 19 9 30 0.022
760 215 27 16 0.022
489 31 13 27 0.022
380 175 19 28 0.021
803 196 9 15 0.021
954 556 15 20 0.021
158 133 22 27 0.021
594 354 11 15 0.021
196 198 8 20 0.021
455 0 22 21 0.021
534 236 12 10 0.021
1014 629 10 29 0.021
83 565 13 17 0.021
396 225 11 9 0.020
331 158 7 19 0.020
373 16 24 29 0.020
329 33 20 25 0.020
782 25 6 26 0.020
1012 341 11 13 0.020
36 47 15 25 0.020
