35_Basketball_playingbasketball_35_794
25
751 88 43 58 0.860
511 134 32 40 0.842
284 173 29 38 0.815
0 166 24 44 0.800
835 140 33 40 0.790
100 158 26 35 0.788
555 123 33 38 0.785
440 197 21 30 0.694
324 161 21 27 0.684
423 173 23 30 0.675
187 161 17 27 0.664
267 146 16 28 0.642
381 192 25 33 0.621
391 144 19 27 0.611
243 180 20 31 0.463
378 168 22 27 0.419
432 184 27 43 0.213
602 171 23 27 0.149
146 30 19 20 0.127
382 154 21 32 0.112
137 21 25 25 0.068
237 180 19 29 0.061
245 175 16 26 0.027
158 179 19 26 0.027
386 146 18 24 0.025
