35_Basketball_basketballgame_ball_35_50
41
587 128 34 45 0.826
276 166 25 33 0.825
950 270 29 41 0.802
410 206 24 30 0.796
213 277 40 54 0.779
775 333 37 40 0.606
971 105 7 8 0.245
863 99 7 8 0.241
1015 83 8 9 0.197
944 104 7 9 0.166
1000 110 8 10 0.158
878 88 7 9 0.145
920 96 8 9 0.142
831 80 6 8 0.132
946 106 7 8 0.132
930 118 9 14 0.112
997 106 8 10 0.103
891 95 7 8 0.098
939 99 8 8 0.080
840 99 6 9 0.080
915 97 8 8 0.075
972 104 8 12 0.072
999 72 8 9 0.071
963 104 8 7 0.063
848 84 6 8 0.062
773 68 8 9 0.060
1003 113 8 10 0.056
998 70 7 8 0.056
658 45 6 8 0.048
688 69 8 10 0.045
1015 69 8 10 0.044
686 70 7 9 0.038
880 87 10 11 0.030
944 101 7 9 0.030
14 52 7 9 0.027
714 91 8 9 0.025
875 86 21 18 0.024
724 78 6 8 0.022
773 344 27 35 0.022
50 45 6 7 0.022
189 33 9 9 0.022
