35_Basketball_playingbasketball_35_362
134
621 371 21 27 0.748
888 426 16 20 0.731
706 465 12 14 0.653
46 523 10 13 0.638
17 523 11 14 0.637
539 404 21 25 0.599
243 526 8 9 0.495
169 521 9 12 0.484
792 495 6 8 0.478
98 528 9 12 0.477
73 527 9 12 0.473
141 525 8 11 0.360
493 233 25 26 0.356
149 508 7 9 0.346
26 495 8 9 0.344
116 526 8 10 0.323
50 464 7 8 0.293
1 477 7 10 0.291
262 526 8 11 0.276
923 440 13 13 0.271
575 400 10 11 0.259
187 521 10 12 0.233
26 452 8 9 0.230
317 522 7 8 0.210
264 523 9 10 0.206
373 528 8 10 0.187
959 500 10 12 0.182
92 474 7 9 0.174
70 471 7 10 0.168
155 492 8 10 0.165
183 497 9 11 0.165
119 488 7 8 0.163
135 488 8 10 0.163
1010 467 9 11 0.157
208 489 11 12 0.155
393 532 8 9 0.148
634 468 13 15 0.147
115 473 7 10 0.132
101 492 8 10 0.128
184 499 9 15 0.117
664 486 10 12 0.117
44 497 9 11 0.114
478 387 18 22 0.113
888 470 13 15 0.106
293 526 8 9 0.105
181 495 9 9 0.097
298 517 9 14 0.096
839 507 7 8 0.096
85 484 8 9 0.094
171 524 10 12 0.094
116 519 9 11 0.090
190 525 9 10 0.089
538 485 13 14 0.089
432 527 7 8 0.087
149 496 9 22 0.087
179 528 12 12 0.085
308 516 10 10 0.077
1 487 7 18 0.076
88 528 21 13 0.074
997 480 8 11 0.074
347 505 7 9 0.073
349 522 10 8 0.073
277 536 10 10 0.063
281 518 11 11 0.061
542 423 17 21 0.060
393 529 14 10 0.060
44 498 7 26 0.059
993 474 8 10 0.057
50 481 8 11 0.057
23 455 10 10 0.056
974 498 10 17 0.055
212 490 9 14 0.051
408 529 7 8 0.051
543 412 18 23 0.050
98 481 12 22 0.050
257 491 7 9 0.048
102 524 14 14 0.046
69 465 15 22 0.045
297 510 13 21 0.045
318 537 8 10 0.045
24 498 11 11 0.044
768 495 7 8 0.044
236 492 8 10 0.044
157 474 13 9 0.041
117 472 7 29 0.041
185 510 9 18 0.041
398 544 8 10 0.039
304 475 7 8 0.039
931 503 10 13 0.039
960 477 8 9 0.039
987 505 9 10 0.037
385 498 8 9 0.037
293 506 8 13 0.037
311 537 13 10 0.037
1012 471 9 15 0.036
273 533 14 11 0.036
386 529 18 11 0.036
0 525 9 13 0.036
1014 533 8 10 0.036
205 499 8 9 0.034
929 440 10 13 0.032
393 179 30 33 0.031
48 512 11 23 0.031
174 474 8 9 0.030
745 492 10 8 0.028
14 514 11 17 0.028
534 402 48 20 0.028
739 499 6 10 0.028
47 459 10 26 0.027
283 499 8 20 0.027
140 520 11 20 0.025
348 502 7 29 0.025
253 486 10 12 0.025
91 470 7 9 0.025
158 529 9 18 0.024
69 501 12 18 0.024
362 530 17 10 0.023
1 464 7 21 0.023
990 506 8 10 0.023
270 503 14 28 0.023
491 540 9 10 0.022
143 514 10 21 0.022
45 477 10 30 0.022
194 480 15 27 0.022
191 447 5 6 0.022
495 536 9 11 0.022
236 493 13 13 0.022
994 470 26 17 0.021
264 516 7 20 0.021
72 501 7 23 0.021
365 502 7 18 0.021
280 537 9 10 0.020
401 502 8 9 0.020
75 492 11 21 0.020
