35_Basketball_basketballgame_ball_35_290
239
908 136 32 40 0.845
473 177 34 47 0.829
640 115 34 50 0.825
412 255 40 48 0.811
58 203 20 25 0.690
144 327 11 15 0.656
138 303 9 11 0.618
34 267 9 10 0.606
153 308 9 12 0.598
10 267 9 12 0.586
36 236 7 9 0.531
767 229 15 20 0.457
6 317 12 15 0.450
5 223 8 10 0.424
7 242 9 11 0.423
52 284 9 11 0.385
124 285 8 10 0.367
47 325 13 15 0.316
290 288 23 26 0.309
886 334 7 8 0.302
261 259 7 9 0.288
59 235 9 11 0.264
145 264 8 11 0.254
122 275 7 9 0.228
172 266 8 9 0.227
162 295 8 10 0.218
111 226 7 10 0.217
133 233 7 9 0.217
578 331 9 10 0.216
163 252 8 10 0.214
847 334 8 8 0.212
1016 334 6 9 0.211
159 350 12 16 0.210
820 330 7 8 0.210
14 82 7 7 0.203
200 276 10 12 0.203
148 242 8 9 0.197
118 134 6 7 0.192
77 129 6 8 0.184
216 257 8 10 0.178
44 131 6 7 0.177
196 220 8 8 0.172
40 154 6 9 0.169
159 276 8 9 0.168
123 278 8 16 0.167
55 155 7 8 0.166
64 102 6 7 0.161
59 133 7 8 0.157
137 303 18 11 0.150
103 214 7 7 0.146
221 290 7 8 0.144
2 191 8 8 0.140
59 233 14 17 0.139
158 224 8 7 0.133
131 187 7 10 0.130
28 175 7 9 0.130
184 223 8 8 0.127
868 336 7 9 0.125
633 290 9 9 0.124
274 250 7 9 0.121
201 258 10 18 0.118
3 150 8 9 0.117
90 198 8 8 0.116
172 287 8 9 0.114
1016 200 6 8 0.112
19 83 6 7 0.111
88 136 6 6 0.111
183 249 8 17 0.110
21 151 8 11 0.110
207 233 9 10 0.108
34 230 8 16 0.107
38 194 8 9 0.107
164 250 9 14 0.105
118 131 6 16 0.105
183 230 6 26 0.102
38 188 7 17 0.100
230 238 6 8 0.097
10 196 9 10 0.095
821 332 8 8 0.095
365 239 7 8 0.095
83 108 6 8 0.095
109 164 6 23 0.094
628 307 9 9 0.094
352 237 7 9 0.089
228 281 8 12 0.088
461 322 10 11 0.088
614 285 8 9 0.083
231 257 8 10 0.083
166 118 5 7 0.080
214 235 9 11 0.080
622 328 9 11 0.080
595 325 8 11 0.078
604 310 9 12 0.077
179 66 7 8 0.077
785 328 10 11 0.075
130 224 11 23 0.075
250 244 8 9 0.075
835 329 8 7 0.071
208 334 8 10 0.070
136 305 26 13 0.069
158 61 6 6 0.068
10 111 7 9 0.067
593 298 10 10 0.066
230 235 6 19 0.064
229 280 11 8 0.062
146 134 6 22 0.061
197 252 13 32 0.061
590 341 9 10 0.059
1005 224 7 8 0.059
805 335 7 9 0.059
243 254 7 19 0.059
268 288 12 15 0.057
58 47 5 6 0.057
159 217 6 29 0.057
857 346 6 7 0.056
887 207 6 7 0.056
267 251 15 10 0.056
633 283 9 18 0.055
345 210 6 8 0.055
185 128 6 8 0.055
54 129 13 12 0.055
241 277 7 9 0.055
5 311 12 15 0.053
71 129 15 7 0.053
23 119 7 9 0.052
84 52 5 7 0.052
885 254 16 16 0.052
181 121 6 7 0.052
605 307 8 25 0.051
607 335 9 10 0.051
196 211 8 31 0.051
90 187 7 27 0.051
250 238 7 20 0.051
198 241 9 33 0.051
15 189 8 28 0.048
1016 258 8 12 0.048
652 295 7 9 0.048
650 290 9 11 0.047
106 206 7 30 0.044
257 134 6 7 0.044
207 163 8 7 0.044
209 282 11 9 0.043
55 280 9 12 0.043
131 195 7 29 0.043
13 185 12 24 0.042
182 162 8 16 0.042
114 227 10 29 0.042
230 248 10 23 0.041
113 144 9 29 0.041
640 313 10 12 0.041
215 252 15 18 0.040
570 274 8 9 0.040
64 100 6 6 0.040
195 155 7 21 0.040
83 108 10 13 0.039
62 184 17 14 0.039
54 324 12 16 0.039
160 297 9 16 0.039
619 307 20 13 0.038
251 211 6 19 0.037
615 326 18 16 0.037
8 111 12 11 0.037
19 265 29 13 0.036
179 269 15 15 0.036
272 136 7 7 0.036
810 194 8 12 0.036
168 262 25 17 0.036
46 300 8 11 0.036
902 346 7 8 0.036
48 281 16 16 0.036
56 131 20 17 0.035
620 348 9 11 0.035
146 239 9 41 0.034
12 82 6 6 0.034
224 211 8 12 0.032
591 295 10 25 0.032
594 295 18 10 0.032
298 141 7 7 0.032
222 206 8 21 0.032
112 232 8 26 0.031
110 245 8 22 0.031
641 271 8 11 0.030
363 243 7 8 0.030
108 217 19 29 0.030
623 346 7 10 0.030
832 331 12 14 0.030
21 81 5 8 0.030
1005 210 7 20 0.030
6 306 11 14 0.029
412 346 16 18 0.029
27 204 9 29 0.029
197 230 10 36 0.029
284 235 13 13 0.028
109 156 5 49 0.028
164 118 11 7 0.028
197 80 5 7 0.028
38 214 11 22 0.028
84 104 6 9 0.028
158 216 14 31 0.028
10 248 10 28 0.028
21 148 21 19 0.027
51 198 25 22 0.027
20 289 9 10 0.027
315 172 6 8 0.027
55 149 8 31 0.027
55 285 8 11 0.026
779 306 12 13 0.026
577 323 11 19 0.026
221 155 8 19 0.026
567 315 8 16 0.025
216 320 8 12 0.025
270 164 7 14 0.025
256 133 10 9 0.025
142 261 24 23 0.025
1005 205 6 35 0.025
161 347 15 19 0.025
214 325 10 15 0.024
5 268 12 12 0.024
235 158 7 11 0.024
981 167 6 8 0.024
781 198 9 9 0.024
825 331 28 11 0.024
590 344 12 10 0.024
108 162 10 32 0.024
109 176 6 32 0.024
289 238 13 11 0.023
102 198 11 31 0.023
343 206 12 20 0.023
26 308 9 11 0.023
199 244 18 34 0.023
640 304 10 25 0.022
583 325 24 21 0.021
77 154 14 31 0.021
808 311 7 8 0.021
40 149 6 32 0.021
75 181 16 26 0.021
165 138 7 31 0.021
130 221 19 30 0.021
111 258 7 10 0.020
