35_Basketball_basketballgame_ball_35_80
35
293 11 39 49 0.838
3 166 44 49 0.836
260 130 47 65 0.831
0 234 32 54 0.826
491 91 106 130 0.817
167 2 39 49 0.813
809 77 48 54 0.813
382 15 39 53 0.805
0 355 46 63 0.803
888 64 47 60 0.802
34 113 35 45 0.795
92 183 38 49 0.786
64 207 46 53 0.750
135 149 37 44 0.734
161 230 42 57 0.726
904 377 37 51 0.621
348 113 53 61 0.475
77 194 46 58 0.434
438 204 25 37 0.333
616 182 34 39 0.309
696 205 20 29 0.253
490 0 36 12 0.235
457 65 34 44 0.190
179 177 34 45 0.162
493 0 40 24 0.150
505 1 36 33 0.149
343 130 43 50 0.068
359 100 47 58 0.066
660 188 18 24 0.059
699 200 16 23 0.044
1003 450 21 51 0.029
489 4 39 38 0.025
650 182 28 34 0.024
190 289 41 54 0.024
46 168 28 36 0.024
