35_Basketball_basketballgame_ball_35_478
26
128 413 70 99 0.864
723 318 9 12 0.517
399 390 10 11 0.490
861 274 9 10 0.408
342 244 8 11 0.385
329 455 12 15 0.358
705 332 8 10 0.259
405 259 9 12 0.196
940 300 8 9 0.163
312 275 14 16 0.153
809 337 12 13 0.147
922 299 7 9 0.133
338 462 14 15 0.085
370 449 12 13 0.078
382 259 9 11 0.076
342 467 11 14 0.066
860 275 6 9 0.060
511 259 10 11 0.055
466 205 6 7 0.047
395 444 11 14 0.042
197 175 6 7 0.033
804 338 12 13 0.027
390 407 10 13 0.026
775 411 14 17 0.026
221 173 8 9 0.023
315 272 16 16 0.021
