35_Basketball_playingbasketball_35_674
55
186 137 46 58 0.835
372 151 65 77 0.826
173 16 30 36 0.816
0 90 25 46 0.814
16 234 34 43 0.814
981 24 42 82 0.812
152 64 35 45 0.809
89 6 33 38 0.796
598 275 35 42 0.790
214 74 28 36 0.778
860 259 31 37 0.777
266 82 31 40 0.765
290 115 30 38 0.757
562 103 29 35 0.750
356 91 29 34 0.736
408 16 27 36 0.718
602 26 22 29 0.709
507 30 23 30 0.688
634 39 47 75 0.681
454 46 23 32 0.676
803 52 23 29 0.670
999 247 23 27 0.658
352 11 23 32 0.657
900 79 23 28 0.652
480 107 23 29 0.644
950 250 24 28 0.643
551 34 24 29 0.617
452 17 24 31 0.617
876 169 26 30 0.605
980 124 21 25 0.586
744 49 23 28 0.586
842 136 24 29 0.550
931 84 17 23 0.547
786 87 24 31 0.501
646 263 37 42 0.488
270 14 22 27 0.394
822 159 23 32 0.326
579 72 24 29 0.324
911 286 19 29 0.262
625 70 26 33 0.259
799 120 23 26 0.247
489 150 29 35 0.219
973 177 22 25 0.154
623 55 38 55 0.095
936 148 20 23 0.079
485 125 34 56 0.075
496 145 28 32 0.050
480 66 18 26 0.050
590 72 28 30 0.035
483 155 28 31 0.031
545 85 18 23 0.029
276 2 24 29 0.026
259 16 25 31 0.022
255 25 24 29 0.021
1002 312 20 27 0.020
