35_Basketball_basketballgame_ball_35_393
67
857 283 15 21 0.719
703 300 13 17 0.697
417 300 13 17 0.672
126 313 9 12 0.670
23 328 10 12 0.661
80 279 9 12 0.646
83 332 9 13 0.629
16 300 9 11 0.620
677 284 13 19 0.620
119 226 8 9 0.616
165 292 12 15 0.614
52 334 10 12 0.612
1 327 10 14 0.606
70 226 8 9 0.604
47 280 9 12 0.573
94 315 9 11 0.569
132 331 9 12 0.558
19 240 8 9 0.552
15 271 8 9 0.552
64 268 9 9 0.550
35 255 8 9 0.545
109 333 9 12 0.541
95 227 8 10 0.533
12 286 8 9 0.445
715 291 11 15 0.439
78 250 9 12 0.403
780 289 13 15 0.377
110 236 8 10 0.357
563 280 7 9 0.301
50 254 8 10 0.271
59 309 9 11 0.247
13 280 8 15 0.224
137 288 9 12 0.197
76 246 9 12 0.146
664 292 12 15 0.140
161 349 8 12 0.123
13 297 9 14 0.117
564 301 5 6 0.096
579 276 7 9 0.089
580 273 7 17 0.086
580 295 8 9 0.084
43 317 9 10 0.068
680 289 11 18 0.063
16 285 8 11 0.059
76 277 10 12 0.057
92 230 30 13 0.057
13 272 11 13 0.053
0 240 5 11 0.048
14 303 8 11 0.045
784 295 11 15 0.042
600 292 7 9 0.041
41 312 9 17 0.040
63 304 10 12 0.035
45 282 9 20 0.034
563 291 8 23 0.033
112 334 10 12 0.033
398 304 8 12 0.031
50 310 14 30 0.030
704 286 14 12 0.028
604 272 7 10 0.027
48 281 11 22 0.024
787 288 15 15 0.023
131 332 11 16 0.022
604 266 7 28 0.022
606 273 6 8 0.021
115 222 11 26 0.020
87 334 11 12 0.020
