35_Basketball_playingbasketball_35_195
46
461 390 16 20 0.743
971 388 16 19 0.678
582 379 17 24 0.677
538 401 11 14 0.622
53 399 11 14 0.614
113 406 10 13 0.609
304 402 10 12 0.604
1011 397 11 15 0.586
505 385 11 14 0.569
772 404 9 11 0.549
153 403 10 13 0.528
433 402 8 11 0.517
207 271 17 30 0.509
738 397 10 13 0.486
711 399 9 11 0.462
781 388 11 12 0.437
136 415 9 11 0.417
360 402 9 11 0.388
250 405 9 12 0.382
347 398 9 12 0.336
667 395 8 9 0.327
681 403 9 10 0.326
560 396 10 15 0.287
0 425 7 11 0.262
289 434 8 9 0.248
415 406 9 10 0.178
617 428 8 9 0.162
726 442 8 9 0.112
430 403 8 10 0.093
541 399 24 14 0.091
156 405 10 12 0.090
253 404 7 11 0.088
367 418 10 13 0.078
407 405 9 12 0.051
411 402 10 11 0.047
656 442 7 9 0.045
344 400 9 12 0.044
274 415 7 8 0.038
681 408 9 9 0.035
733 399 35 15 0.030
0 423 9 16 0.030
405 401 8 10 0.030
692 441 7 9 0.025
390 427 7 10 0.025
677 401 15 14 0.024
363 395 12 16 0.021
