35_Basketball_basketballgame_ball_35_689
333
666 227 13 16 0.718
22 123 11 13 0.716
317 316 16 21 0.711
214 84 10 14 0.706
393 191 12 13 0.701
449 202 12 15 0.697
448 178 11 14 0.693
616 72 12 14 0.690
137 137 11 15 0.689
553 216 12 15 0.688
411 143 11 13 0.687
479 115 13 16 0.687
515 189 11 14 0.686
96 153 12 15 0.685
938 72 11 14 0.684
654 201 12 17 0.684
382 140 11 13 0.682
524 208 12 15 0.681
690 236 13 16 0.675
343 138 11 14 0.672
803 89 11 13 0.672
207 255 15 17 0.671
75 129 11 13 0.666
29 144 12 15 0.665
581 193 11 15 0.664
315 131 11 13 0.663
413 109 11 14 0.661
36 65 10 13 0.661
520 90 12 15 0.660
354 103 10 13 0.660
577 94 11 14 0.660
68 148 11 14 0.658
582 65 11 13 0.655
932 39 10 14 0.652
656 71 11 13 0.650
284 132 10 13 0.648
723 184 11 14 0.648
324 98 10 14 0.647
653 104 12 14 0.646
153 48 11 14 0.646
437 24 10 13 0.645
948 140 11 13 0.644
698 173 11 14 0.643
631 201 11 14 0.640
708 56 10 13 0.640
421 202 12 15 0.639
437 144 11 13 0.639
462 24 11 13 0.639
219 121 11 13 0.637
700 20 10 14 0.636
927 168 11 15 0.636
49 125 11 14 0.635
312 41 10 13 0.634
580 132 10 14 0.634
62 68 9 13 0.633
99 44 10 13 0.633
351 18 10 13 0.632
300 11 11 13 0.631
229 1 11 14 0.626
551 92 11 14 0.626
145 87 11 14 0.625
491 87 11 14 0.625
971 38 11 15 0.624
519 3 10 14 0.624
985 107 12 14 0.623
452 116 11 13 0.623
296 69 10 14 0.623
726 143 11 14 0.623
959 190 12 15 0.621
271 98 10 12 0.620
871 131 11 13 0.620
79 43 9 12 0.616
56 100 9 11 0.615
940 112 11 14 0.614
297 99 10 13 0.612
469 220 12 15 0.610
333 68 10 13 0.610
873 201 12 14 0.609
392 50 10 13 0.609
988 143 12 13 0.607
238 92 11 12 0.607
423 173 11 14 0.606
591 219 13 15 0.604
236 154 11 13 0.602
444 81 10 14 0.598
207 3 9 14 0.597
616 132 11 14 0.597
883 175 12 14 0.596
623 102 12 15 0.595
49 40 10 13 0.594
394 81 10 12 0.593
910 96 13 16 0.591
172 0 11 14 0.589
519 65 10 13 0.584
552 11 10 13 0.583
145 18 10 14 0.582
824 63 10 14 0.582
184 152 11 14 0.581
246 60 10 14 0.580
614 11 10 13 0.580
395 24 10 12 0.580
98 134 11 13 0.575
175 113 11 14 0.574
648 44 11 13 0.573
742 18 10 14 0.571
370 77 9 13 0.568
270 45 11 14 0.568
675 45 11 14 0.568
426 53 11 13 0.566
489 192 11 14 0.557
371 14 10 13 0.557
64 16 8 12 0.551
123 195 12 14 0.535
242 126 11 13 0.535
673 368 17 19 0.525
557 162 10 12 0.524
624 315 15 20 0.523
120 72 9 12 0.523
997 281 12 13 0.516
928 9 10 14 0.515
652 18 10 13 0.512
84 16 9 12 0.511
487 53 10 13 0.510
578 44 10 13 0.509
548 130 11 13 0.508
188 30 9 13 0.505
20 95 9 12 0.503
82 102 11 13 0.502
116 23 10 12 0.501
954 278 12 13 0.501
0 89 8 13 0.500
543 44 10 13 0.500
498 36 9 12 0.499
476 145 11 14 0.498
270 66 11 12 0.497
509 159 11 14 0.489
685 80 10 13 0.487
515 31 10 13 0.480
552 195 12 14 0.476
807 153 13 18 0.472
594 13 10 12 0.468
996 21 10 12 0.467
360 58 10 12 0.456
677 23 9 11 0.452
954 18 10 12 0.447
550 303 14 17 0.440
542 68 11 13 0.431
462 54 11 14 0.429
831 93 11 14 0.426
387 113 11 12 0.423
772 144 11 15 0.395
203 117 10 14 0.390
3 15 9 12 0.382
7 70 8 12 0.376
517 132 11 13 0.355
485 0 10 14 0.348
893 44 11 13 0.348
128 54 10 11 0.347
898 131 11 14 0.329
602 231 12 14 0.323
976 78 12 14 0.312
342 176 13 17 0.300
893 77 11 13 0.292
340 166 11 14 0.282
28 123 11 43 0.281
1017 47 7 16 0.265
802 204 11 14 0.254
965 226 11 15 0.246
423 90 10 11 0.245
402 0 9 9 0.231
820 211 14 15 0.211
553 192 10 33 0.201
659 170 12 14 0.196
767 203 13 16 0.193
20 37 9 12 0.191
335 52 9 12 0.163
908 99 23 15 0.153
517 184 11 33 0.151
103 0 8 9 0.151
473 1 10 14 0.146
504 190 24 15 0.142
769 182 14 15 0.142
673 150 11 13 0.141
842 114 12 15 0.141
4 75 9 20 0.139
909 715 17 27 0.138
393 42 10 24 0.137
940 209 10 13 0.137
711 0 9 9 0.130
300 1 11 36 0.127
983 94 13 33 0.125
572 173 10 13 0.120
389 123 10 14 0.114
273 164 10 14 0.114
287 345 16 20 0.110
351 61 14 15 0.110
554 248 12 13 0.108
390 169 10 13 0.107
768 182 13 25 0.104
849 257 14 16 0.100
576 79 12 39 0.099
347 371 16 19 0.095
296 47 10 61 0.095
374 16 9 12 0.092
479 100 10 68 0.091
767 187 14 36 0.089
411 130 11 33 0.087
413 126 10 58 0.083
515 129 12 27 0.083
809 210 27 18 0.083
70 99 10 90 0.082
333 137 47 18 0.082
332 184 15 15 0.080
294 71 11 13 0.079
61 56 10 43 0.078
576 114 10 14 0.077
780 243 16 18 0.076
460 385 19 22 0.075
800 204 26 17 0.075
544 26 10 61 0.073
363 65 10 16 0.072
271 66 9 67 0.068
49 25 12 40 0.066
957 20 29 44 0.065
720 107 11 13 0.065
103 72 11 14 0.064
638 243 14 17 0.062
798 88 13 15 0.062
449 153 11 83 0.061
1008 1 9 9 0.059
491 34 16 33 0.059
37 61 10 15 0.059
285 55 11 12 0.058
142 75 9 12 0.057
523 141 13 15 0.056
113 28 10 14 0.054
384 112 9 13 0.053
228 51 13 17 0.052
0 123 7 17 0.051
575 96 13 19 0.049
270 21 11 78 0.049
556 186 14 15 0.049
596 164 10 14 0.049
778 0 12 9 0.048
523 144 12 20 0.048
758 71 10 13 0.048
393 35 10 67 0.048
96 91 10 106 0.047
268 63 32 18 0.047
239 58 16 15 0.047
873 192 13 18 0.046
474 180 21 59 0.045
236 87 11 14 0.045
604 259 15 18 0.044
240 50 9 79 0.044
768 109 11 14 0.044
330 188 12 13 0.044
860 17 11 13 0.043
839 103 16 32 0.042
899 129 17 17 0.042
88 96 14 15 0.042
476 2 12 13 0.041
507 143 11 13 0.041
2 11 10 13 0.039
135 0 10 9 0.039
130 18 13 15 0.038
267 40 12 15 0.038
173 117 10 13 0.038
338 51 17 14 0.038
857 263 16 16 0.038
107 0 7 9 0.037
499 72 10 14 0.037
937 187 11 15 0.037
466 4 20 11 0.037
352 372 17 20 0.037
135 1 18 9 0.036
198 35 10 11 0.036
838 136 12 16 0.036
23 32 11 14 0.035
452 1 11 10 0.034
767 180 11 15 0.034
492 168 11 15 0.033
863 268 13 15 0.032
508 25 27 26 0.032
79 0 10 85 0.032
843 108 14 15 0.031
186 32 13 16 0.031
267 92 11 13 0.031
277 30 12 15 0.031
621 103 10 13 0.031
172 210 10 14 0.030
324 102 9 15 0.029
767 187 11 15 0.029
240 73 10 96 0.028
331 180 12 15 0.028
374 123 46 46 0.027
830 62 13 16 0.027
834 130 14 19 0.027
98 92 13 14 0.027
48 30 11 21 0.026
432 0 10 108 0.026
207 84 15 17 0.026
721 102 12 16 0.026
48 44 29 52 0.026
345 84 13 24 0.025
575 47 11 16 0.025
286 63 11 123 0.025
971 78 12 14 0.024
887 79 12 15 0.024
364 12 44 24 0.024
326 47 14 13 0.024
587 0 15 70 0.024
768 264 14 17 0.024
893 34 12 39 0.024
283 212 13 13 0.024
792 222 12 17 0.023
937 212 13 16 0.023
685 127 13 13 0.023
133 133 11 17 0.023
410 192 11 15 0.023
579 321 12 17 0.022
321 46 9 135 0.022
528 142 11 14 0.022
415 142 16 108 0.022
681 305 15 19 0.022
772 186 17 18 0.022
66 96 11 14 0.021
300 165 13 15 0.021
148 0 10 11 0.021
608 38 16 15 0.021
835 54 12 17 0.021
114 96 11 13 0.020
270 92 17 15 0.020
