35_Basketball_playingbasketball_35_876
219
462 103 82 121 0.867
65 106 77 105 0.802
207 526 23 28 0.790
657 501 23 30 0.788
710 501 23 30 0.777
857 484 21 27 0.767
929 451 17 22 0.765
884 403 17 22 0.764
867 449 17 22 0.756
966 344 17 22 0.753
264 530 22 30 0.745
731 524 23 30 0.744
135 464 18 22 0.743
930 519 19 24 0.743
924 491 16 21 0.743
623 403 18 25 0.740
887 512 23 30 0.738
957 505 20 25 0.736
991 432 18 23 0.732
980 520 22 26 0.727
995 378 16 21 0.726
772 499 21 27 0.721
897 461 20 24 0.707
932 416 15 19 0.707
801 503 24 32 0.702
627 245 14 19 0.700
953 399 17 21 0.698
890 320 18 22 0.697
818 448 18 22 0.693
955 315 16 20 0.690
210 240 15 20 0.686
157 480 19 27 0.684
963 447 17 21 0.678
329 151 14 17 0.678
190 157 14 17 0.677
851 423 17 23 0.675
257 203 13 16 0.675
725 228 13 18 0.670
104 476 18 22 0.664
1002 416 16 21 0.662
725 181 13 17 0.657
825 477 19 25 0.656
209 487 20 27 0.656
679 181 13 17 0.656
299 231 13 17 0.654
268 474 16 21 0.653
233 179 13 16 0.649
236 227 13 16 0.648
946 221 16 19 0.647
842 314 16 19 0.646
334 71 14 16 0.643
731 319 14 18 0.639
865 265 14 18 0.638
999 178 13 17 0.637
1010 504 14 23 0.634
815 257 16 19 0.632
285 176 13 16 0.620
244 80 13 16 0.620
586 177 15 18 0.608
717 252 13 18 0.606
280 141 13 17 0.599
954 148 14 19 0.597
908 267 14 18 0.585
665 256 14 18 0.581
812 288 15 20 0.577
90 467 16 22 0.576
981 219 13 17 0.568
702 280 14 18 0.566
150 153 13 18 0.564
634 184 14 18 0.562
791 490 19 25 0.540
289 81 12 17 0.538
685 227 14 19 0.531
944 342 16 21 0.530
982 462 15 23 0.510
285 492 19 24 0.499
423 12 14 17 0.473
768 183 14 17 0.466
915 430 16 20 0.458
193 69 13 17 0.443
780 321 14 18 0.418
168 135 12 16 0.389
780 207 13 17 0.386
997 421 18 27 0.376
258 267 14 17 0.370
795 456 18 21 0.363
967 174 16 20 0.354
299 199 13 18 0.321
674 399 18 24 0.321
770 248 14 19 0.300
395 159 13 18 0.298
956 198 13 17 0.291
339 495 21 27 0.280
738 489 18 22 0.279
301 428 20 26 0.277
1013 480 11 24 0.272
775 278 15 19 0.240
706 270 14 26 0.235
775 471 18 23 0.231
796 495 22 28 0.216
594 73 14 18 0.213
1001 551 17 23 0.211
284 579 26 28 0.198
835 459 17 21 0.196
789 161 13 16 0.187
936 180 15 19 0.181
720 230 12 43 0.177
886 497 23 27 0.176
270 243 13 17 0.172
666 247 15 30 0.171
179 191 15 19 0.167
784 228 16 20 0.158
789 455 40 21 0.155
937 405 33 21 0.143
717 181 36 17 0.130
781 200 14 31 0.130
274 484 21 24 0.119
766 253 16 21 0.115
245 201 24 32 0.115
944 173 16 19 0.114
925 287 16 19 0.106
1007 356 14 19 0.102
378 159 15 18 0.101
751 271 13 18 0.097
951 472 16 20 0.097
922 452 57 19 0.096
823 455 29 21 0.096
615 239 15 19 0.093
373 17 14 17 0.092
1008 341 14 19 0.088
886 247 17 21 0.083
609 138 15 20 0.082
189 148 14 44 0.079
202 443 18 24 0.074
719 281 14 16 0.071
300 207 12 23 0.070
409 160 13 16 0.069
207 472 18 25 0.068
195 156 13 18 0.067
733 213 12 15 0.067
433 155 13 16 0.065
775 234 21 20 0.064
950 449 15 19 0.062
647 213 13 20 0.061
959 159 18 66 0.061
164 82 14 18 0.059
148 144 14 24 0.058
221 133 16 19 0.057
261 276 14 18 0.057
288 496 19 28 0.056
296 516 18 23 0.053
294 579 23 27 0.053
391 153 16 19 0.052
633 175 14 48 0.051
634 218 14 16 0.051
604 433 21 26 0.050
203 216 12 17 0.049
981 257 13 16 0.049
821 413 15 17 0.048
146 177 15 23 0.045
954 432 13 17 0.044
372 172 18 22 0.044
558 39 14 17 0.043
1011 333 12 24 0.043
145 141 14 19 0.041
41 140 14 16 0.041
300 436 20 27 0.041
230 464 15 20 0.040
639 219 17 20 0.040
788 454 18 23 0.039
955 475 20 23 0.038
679 371 16 22 0.038
534 17 15 16 0.038
322 96 17 19 0.037
198 158 14 17 0.037
986 459 16 24 0.037
298 183 15 38 0.036
957 149 16 29 0.035
272 160 13 16 0.034
677 423 17 24 0.033
5 49 18 21 0.032
678 395 16 22 0.031
1002 135 13 16 0.030
171 185 16 19 0.030
747 303 16 17 0.030
170 481 18 23 0.030
405 51 12 17 0.029
264 241 15 18 0.029
605 368 22 22 0.029
771 282 14 18 0.029
338 508 21 30 0.029
738 252 14 17 0.028
937 189 20 20 0.028
787 284 14 19 0.027
990 465 19 25 0.027
190 66 13 17 0.026
147 184 12 18 0.025
646 222 14 20 0.025
179 509 21 27 0.025
815 312 15 20 0.024
203 206 20 28 0.024
752 333 16 17 0.023
257 228 12 15 0.023
663 466 17 20 0.022
513 18 11 15 0.022
584 96 15 18 0.022
316 498 19 22 0.022
330 0 11 9 0.022
1015 313 9 27 0.021
887 238 18 24 0.021
247 522 17 23 0.021
565 361 19 24 0.020
24 393 12 18 0.020
8 45 13 15 0.020
0 18 7 19 0.020
727 463 23 22 0.020
644 284 16 19 0.020
211 206 14 19 0.020
549 65 16 19 0.020
