35_Basketball_Basketball_35_449
219
491 243 24 26 0.800
857 397 10 12 0.613
906 416 9 11 0.581
289 388 10 15 0.538
563 424 9 11 0.506
957 457 7 9 0.483
784 449 7 9 0.480
421 407 7 9 0.458
984 454 8 8 0.432
982 410 10 11 0.423
837 448 8 9 0.371
261 454 8 10 0.367
765 460 8 8 0.359
486 443 9 10 0.347
80 410 12 14 0.329
852 437 8 11 0.327
644 455 7 9 0.299
143 454 9 11 0.294
761 476 8 9 0.289
683 356 12 17 0.286
108 456 8 9 0.268
608 433 8 9 0.266
416 458 7 10 0.264
967 438 7 10 0.254
333 474 9 11 0.251
116 466 7 9 0.224
110 385 7 9 0.221
740 473 8 11 0.220
319 389 8 9 0.219
244 447 8 10 0.209
413 426 8 10 0.206
19 401 7 9 0.198
376 426 8 11 0.197
205 450 7 9 0.186
171 453 8 9 0.186
166 471 8 10 0.182
387 406 7 9 0.181
270 395 7 9 0.180
409 474 7 9 0.176
547 477 8 9 0.173
1016 457 7 10 0.169
146 426 8 10 0.166
162 388 8 10 0.158
607 452 8 9 0.150
277 455 8 10 0.149
589 461 7 8 0.148
224 462 8 10 0.142
179 444 8 11 0.138
594 434 7 9 0.136
281 436 7 8 0.133
932 439 9 10 0.127
287 419 8 10 0.120
227 460 9 11 0.120
846 442 10 12 0.119
173 408 8 9 0.118
563 452 9 11 0.110
271 426 8 11 0.110
125 414 7 9 0.109
628 455 7 14 0.108
0 443 8 12 0.105
374 83 30 30 0.104
151 445 7 8 0.103
339 496 8 9 0.102
30 397 8 9 0.102
172 450 9 12 0.100
243 419 9 9 0.097
628 442 8 8 0.097
110 457 9 14 0.095
891 426 8 12 0.095
907 461 6 9 0.091
55 401 8 9 0.091
671 403 14 18 0.091
57 403 8 9 0.089
461 477 7 9 0.088
52 448 8 9 0.085
211 422 7 11 0.083
144 426 16 11 0.082
257 432 12 10 0.081
628 448 6 25 0.081
126 411 8 12 0.081
322 411 8 11 0.081
512 462 8 10 0.079
275 458 7 9 0.078
159 385 9 10 0.077
142 386 7 10 0.075
857 459 7 9 0.074
591 427 10 19 0.074
389 460 8 10 0.074
199 380 7 10 0.073
823 472 7 8 0.069
429 426 7 10 0.068
13 387 9 10 0.067
105 406 9 10 0.066
231 425 6 24 0.065
586 427 12 12 0.063
834 448 7 9 0.062
683 475 11 12 0.062
431 445 8 10 0.059
671 374 16 22 0.058
191 425 7 14 0.057
882 412 7 8 0.055
381 73 29 33 0.053
409 427 23 11 0.052
806 471 7 11 0.052
899 458 11 10 0.052
181 374 7 8 0.051
372 405 7 10 0.050
547 474 7 10 0.050
588 423 9 14 0.049
81 418 11 13 0.047
233 382 8 25 0.046
546 498 6 10 0.045
48 483 11 12 0.045
172 447 13 22 0.045
325 435 8 12 0.045
670 387 17 36 0.044
970 428 8 11 0.044
803 470 10 10 0.044
143 381 7 25 0.043
206 401 8 27 0.042
25 418 10 11 0.042
178 385 12 17 0.041
434 458 9 11 0.041
861 399 10 12 0.041
373 486 7 9 0.041
286 483 8 12 0.040
1 396 7 24 0.040
667 377 16 24 0.039
882 466 7 8 0.039
298 435 8 10 0.038
256 414 14 18 0.038
527 443 10 11 0.038
184 451 16 11 0.038
430 419 7 12 0.037
615 479 8 7 0.037
178 460 8 10 0.037
800 490 7 10 0.036
157 426 16 15 0.036
374 423 12 15 0.036
4 494 12 16 0.036
892 455 9 14 0.035
24 456 8 9 0.035
144 399 10 23 0.035
216 415 23 14 0.035
644 475 10 8 0.034
649 476 7 8 0.034
426 440 16 15 0.034
895 452 8 12 0.034
371 405 21 9 0.033
371 485 8 9 0.033
226 503 10 10 0.032
557 418 13 15 0.032
266 427 19 12 0.032
826 468 6 10 0.032
837 448 13 14 0.032
15 400 29 10 0.031
434 447 7 24 0.031
484 32 22 25 0.031
884 407 7 23 0.031
168 493 11 13 0.030
709 457 8 8 0.030
118 466 10 9 0.030
667 452 10 10 0.030
284 418 6 30 0.030
983 451 11 12 0.029
673 394 18 26 0.029
513 458 6 27 0.029
664 453 14 13 0.029
112 432 10 24 0.029
424 498 8 10 0.029
779 472 14 10 0.029
707 489 9 11 0.028
227 417 10 37 0.028
88 366 8 8 0.027
257 377 8 8 0.027
291 388 13 24 0.026
242 376 7 8 0.026
608 423 6 50 0.026
628 436 7 31 0.026
196 379 9 8 0.026
218 378 7 28 0.026
124 426 21 17 0.025
860 396 10 11 0.025
388 70 25 26 0.025
157 375 9 9 0.025
181 376 6 28 0.025
54 375 7 18 0.025
25 457 10 11 0.025
269 390 11 10 0.025
512 480 6 8 0.024
330 443 10 14 0.024
2 424 9 24 0.024
473 458 14 12 0.023
1016 452 8 12 0.023
115 424 16 23 0.023
335 453 8 13 0.023
357 461 9 10 0.023
317 387 11 15 0.023
518 482 6 8 0.023
34 454 12 10 0.023
564 458 11 9 0.023
144 402 22 17 0.023
875 410 12 9 0.023
4 428 18 11 0.022
301 402 16 19 0.022
220 415 29 17 0.022
227 432 18 30 0.022
333 454 7 10 0.022
416 462 13 10 0.022
97 483 9 10 0.021
366 424 11 17 0.021
674 406 14 19 0.021
379 90 21 27 0.021
3 410 8 26 0.021
367 90 29 25 0.021
179 412 21 16 0.021
366 502 7 9 0.020
28 400 16 11 0.020
712 455 8 10 0.020
