8_Election_Campain_Election_Campaign_8_174
371
900 509 56 66 0.877
818 579 88 104 0.873
9 480 43 56 0.854
623 502 41 52 0.849
738 484 63 67 0.839
387 538 69 81 0.836
168 524 74 79 0.836
130 413 34 44 0.833
70 471 43 53 0.830
162 610 96 73 0.824
668 587 75 79 0.823
266 453 32 38 0.822
585 458 40 44 0.822
880 463 37 44 0.819
298 487 45 52 0.817
952 467 40 48 0.815
201 478 36 44 0.804
208 433 33 39 0.798
930 420 30 38 0.791
168 456 34 40 0.784
823 439 32 40 0.771
656 420 26 30 0.771
742 443 34 35 0.769
503 343 31 38 0.766
454 449 40 43 0.760
692 396 20 24 0.752
581 413 29 32 0.751
728 397 18 22 0.746
310 440 32 34 0.745
612 417 21 28 0.744
888 390 18 23 0.740
850 383 19 24 0.737
441 621 76 62 0.737
34 383 22 30 0.730
91 393 23 28 0.724
260 422 26 28 0.718
981 405 22 27 0.714
421 427 27 32 0.707
936 338 19 21 0.703
345 391 15 20 0.697
805 412 20 24 0.697
1010 362 13 18 0.694
168 424 28 32 0.681
957 418 23 31 0.681
434 448 27 35 0.661
434 381 17 20 0.642
989 333 13 15 0.635
795 396 20 21 0.630
854 306 12 14 0.627
971 337 11 13 0.625
614 358 13 16 0.622
755 371 16 20 0.622
314 476 43 50 0.619
760 413 27 29 0.618
428 502 46 60 0.617
643 380 14 17 0.615
213 402 22 24 0.607
999 385 19 23 0.601
50 426 23 27 0.601
53 408 23 25 0.601
182 349 10 12 0.591
147 387 19 23 0.590
628 379 13 16 0.577
47 447 32 38 0.568
335 377 13 15 0.567
771 378 19 23 0.564
930 396 23 25 0.563
577 375 16 18 0.562
244 419 19 27 0.561
163 348 9 11 0.552
789 462 28 32 0.538
656 397 19 22 0.535
494 379 14 18 0.531
640 337 11 15 0.522
896 337 12 13 0.521
1002 437 21 33 0.519
492 591 62 72 0.518
173 373 13 16 0.517
116 343 11 14 0.514
226 382 16 21 0.512
579 341 11 14 0.498
676 383 14 16 0.487
446 415 22 25 0.478
541 371 15 18 0.454
797 372 16 17 0.452
88 449 25 29 0.449
128 375 13 17 0.445
306 414 28 31 0.428
476 369 11 14 0.426
728 341 10 11 0.424
666 337 10 11 0.420
361 378 11 15 0.414
892 337 13 14 0.407
704 372 12 13 0.405
597 377 13 17 0.404
667 458 26 34 0.401
493 332 11 13 0.388
187 365 11 15 0.386
871 382 17 23 0.386
290 423 20 26 0.370
298 375 11 13 0.358
996 296 10 11 0.352
442 327 8 10 0.348
873 376 16 22 0.345
452 334 11 12 0.342
623 344 10 12 0.340
410 324 7 10 0.332
95 357 10 13 0.331
281 372 11 13 0.330
556 357 12 14 0.316
944 297 8 11 0.312
980 289 10 12 0.311
919 318 8 11 0.311
396 401 21 23 0.310
456 381 15 18 0.305
914 342 13 15 0.296
835 400 16 16 0.288
485 358 12 12 0.284
179 368 16 17 0.283
832 372 13 17 0.271
156 333 8 9 0.268
1015 300 8 11 0.267
287 400 19 23 0.266
254 380 13 14 0.259
719 433 23 27 0.255
228 339 8 9 0.250
119 398 18 21 0.249
391 326 7 9 0.245
217 368 12 14 0.242
0 371 13 15 0.236
594 364 13 15 0.234
739 369 14 16 0.229
409 374 14 15 0.229
273 359 10 12 0.225
178 400 17 21 0.223
423 383 17 18 0.218
932 297 11 11 0.212
483 361 11 15 0.211
379 377 16 20 0.211
903 300 8 10 0.210
192 333 7 9 0.210
289 355 10 11 0.197
280 396 16 21 0.196
0 390 11 18 0.194
53 345 10 12 0.193
303 338 7 9 0.190
452 359 12 13 0.190
543 358 11 14 0.189
1012 451 12 40 0.187
373 324 8 10 0.187
923 395 20 23 0.185
242 402 16 19 0.184
770 359 12 15 0.183
872 390 14 19 0.181
916 391 14 18 0.177
937 389 21 23 0.169
577 344 11 18 0.168
230 356 10 11 0.165
341 385 16 19 0.164
926 300 10 10 0.163
962 298 12 10 0.161
307 412 29 57 0.159
675 361 12 14 0.157
208 363 10 12 0.155
416 345 9 11 0.154
192 368 11 14 0.153
357 331 7 9 0.146
469 309 9 11 0.143
620 348 12 17 0.143
901 340 28 13 0.141
627 342 20 12 0.140
543 364 18 20 0.139
257 362 9 22 0.137
764 359 21 21 0.135
157 371 13 16 0.132
11 368 14 15 0.132
684 327 8 10 0.132
404 375 13 15 0.130
129 377 20 18 0.128
318 403 22 24 0.126
735 368 16 14 0.126
425 405 15 18 0.125
971 294 11 12 0.125
385 407 23 27 0.124
286 408 19 23 0.124
152 377 15 29 0.124
762 390 25 62 0.123
61 363 15 14 0.123
906 301 9 9 0.118
37 332 9 10 0.118
822 376 16 17 0.118
919 302 14 11 0.117
208 373 12 15 0.117
727 371 15 14 0.114
319 343 8 13 0.113
904 312 10 12 0.112
207 366 16 15 0.110
220 372 21 21 0.108
70 339 8 10 0.107
124 387 19 29 0.106
985 402 23 24 0.106
444 332 19 13 0.105
851 385 60 25 0.104
438 380 25 18 0.102
74 391 18 20 0.099
402 374 11 13 0.098
871 372 17 20 0.096
592 416 29 32 0.095
636 364 13 15 0.095
51 439 31 36 0.093
888 338 11 13 0.092
303 337 9 14 0.092
567 380 14 17 0.090
983 291 11 13 0.088
595 363 23 24 0.088
310 377 22 14 0.087
359 376 32 19 0.087
32 358 12 12 0.086
552 354 32 19 0.085
720 314 7 9 0.084
466 345 14 15 0.084
372 379 18 19 0.084
89 373 14 16 0.083
831 387 21 38 0.080
189 332 9 17 0.078
448 420 24 30 0.077
273 375 22 15 0.077
292 389 15 29 0.076
373 374 14 15 0.076
1008 411 16 18 0.075
877 373 14 18 0.074
2 367 18 18 0.073
176 379 17 50 0.073
771 364 18 17 0.073
278 370 29 20 0.072
615 361 31 20 0.072
492 374 20 26 0.071
566 337 9 11 0.071
59 445 32 37 0.071
257 348 11 16 0.069
319 327 7 8 0.069
660 386 23 31 0.068
357 329 9 9 0.068
388 327 19 9 0.067
757 315 10 9 0.066
817 380 14 17 0.065
287 350 9 15 0.065
385 350 11 11 0.064
336 353 10 18 0.064
319 397 16 19 0.063
25 355 16 14 0.062
137 389 24 25 0.062
249 366 18 13 0.062
456 367 20 17 0.060
287 378 19 63 0.059
257 349 9 27 0.058
717 363 10 12 0.058
831 404 19 24 0.058
246 405 27 17 0.056
754 389 15 21 0.056
716 373 20 17 0.056
306 352 12 14 0.055
119 349 10 12 0.055
302 369 21 16 0.055
431 365 11 15 0.055
41 457 28 32 0.054
755 438 32 32 0.054
451 352 24 17 0.053
161 345 31 19 0.053
473 332 10 12 0.052
509 309 7 9 0.052
671 361 14 26 0.051
206 382 14 17 0.051
267 402 26 18 0.048
336 337 10 9 0.048
844 373 19 25 0.048
379 373 14 16 0.047
386 344 12 19 0.046
728 337 11 22 0.046
269 342 11 15 0.044
826 372 14 16 0.044
347 368 13 18 0.044
902 303 24 11 0.044
710 367 28 15 0.044
433 414 29 27 0.043
781 314 9 8 0.043
695 367 42 21 0.043
744 315 7 9 0.043
666 372 51 25 0.043
865 366 14 15 0.043
825 433 25 31 0.043
397 372 37 66 0.042
35 360 16 16 0.042
225 357 21 35 0.041
760 362 13 13 0.041
129 338 9 11 0.040
57 359 18 27 0.040
411 383 23 27 0.040
337 355 14 13 0.040
609 362 41 45 0.039
1 457 11 37 0.039
741 362 11 14 0.038
281 362 21 23 0.038
608 299 7 9 0.037
682 446 26 32 0.037
794 371 60 21 0.037
77 331 8 11 0.035
307 381 16 15 0.035
987 290 16 15 0.035
183 390 18 22 0.035
672 356 12 15 0.035
358 357 15 11 0.035
422 367 22 15 0.034
313 367 19 20 0.034
66 364 14 15 0.034
673 379 20 25 0.034
7 338 8 12 0.034
526 317 7 9 0.033
25 369 18 20 0.032
391 345 9 16 0.032
123 404 25 31 0.032
191 330 8 8 0.032
319 340 12 29 0.031
915 331 10 21 0.031
392 341 18 15 0.030
613 384 18 29 0.029
988 372 17 19 0.029
114 336 14 15 0.029
790 312 8 10 0.028
994 371 18 24 0.028
378 412 28 33 0.028
688 375 27 14 0.028
250 343 10 14 0.027
679 442 44 37 0.027
841 442 34 40 0.027
319 320 7 27 0.027
48 372 19 26 0.027
655 374 14 15 0.026
452 311 10 68 0.026
615 396 17 20 0.026
935 294 12 14 0.026
337 332 8 29 0.025
795 370 21 27 0.025
729 313 16 11 0.025
465 383 13 16 0.025
660 329 12 16 0.025
445 322 10 20 0.024
20 359 22 27 0.024
218 406 22 23 0.024
265 387 27 24 0.024
183 324 12 74 0.023
452 427 28 29 0.023
44 331 9 11 0.022
250 350 48 58 0.022
668 396 16 21 0.022
839 369 18 16 0.022
396 324 20 9 0.022
745 315 18 9 0.022
903 301 11 16 0.022
909 383 16 19 0.022
160 385 21 20 0.022
236 421 22 30 0.022
783 453 23 25 0.021
918 306 15 26 0.021
494 329 15 19 0.021
464 401 16 19 0.021
493 328 9 11 0.021
382 341 10 13 0.021
415 325 11 14 0.020
19 348 13 24 0.020
866 358 10 17 0.020
