8_Election_Campain_Election_Campaign_8_157
62
164 420 34 46 0.791
0 469 20 37 0.770
269 440 20 26 0.749
327 461 21 34 0.727
218 455 22 28 0.704
806 461 13 17 0.627
1005 446 11 13 0.453
821 451 12 17 0.437
438 436 24 30 0.363
445 456 20 29 0.313
610 461 15 20 0.296
908 446 13 16 0.292
441 442 23 36 0.287
333 430 15 19 0.277
409 453 18 24 0.259
662 441 16 21 0.181
654 440 14 19 0.175
588 452 17 24 0.158
813 453 24 17 0.132
938 449 10 13 0.122
986 449 10 11 0.116
919 447 9 12 0.114
963 449 11 12 0.112
748 443 12 21 0.107
594 454 19 26 0.106
951 386 11 13 0.095
868 460 11 14 0.087
849 446 14 16 0.079
1004 336 9 12 0.069
347 287 17 20 0.061
922 269 12 14 0.054
750 448 14 19 0.052
966 453 10 12 0.051
726 413 17 24 0.051
906 442 13 15 0.050
904 449 13 16 0.041
872 447 13 13 0.040
967 449 22 11 0.038
936 447 23 14 0.038
502 431 16 23 0.038
959 445 13 15 0.035
863 462 15 17 0.033
822 445 13 18 0.033
993 307 10 13 0.030
305 456 36 35 0.030
939 440 10 13 0.030
1003 337 13 17 0.030
863 447 17 29 0.027
943 455 18 12 0.027
921 445 22 15 0.027
987 302 12 12 0.027
986 301 8 9 0.026
298 452 23 25 0.025
766 449 18 20 0.025
692 451 19 22 0.023
1002 442 12 14 0.023
501 434 17 35 0.023
852 455 24 20 0.023
959 460 11 13 0.022
776 466 15 18 0.021
716 451 13 17 0.021
448 438 17 27 0.021
