8_Election_Campain_Election_Campaign_8_118
67
214 189 46 54 0.855
407 211 71 84 0.847
292 163 54 69 0.845
530 167 39 46 0.832
650 202 36 42 0.831
695 248 79 106 0.824
363 173 46 60 0.818
172 213 39 52 0.805
921 479 103 197 0.795
995 237 29 39 0.785
891 331 55 73 0.780
712 378 114 128 0.754
139 192 48 62 0.738
532 292 68 99 0.730
960 272 41 47 0.726
212 280 35 50 0.697
47 193 28 45 0.668
988 324 36 53 0.536
893 231 18 30 0.525
585 164 11 12 0.482
637 193 19 27 0.435
963 227 13 15 0.405
818 229 38 63 0.358
983 201 12 14 0.349
884 250 25 35 0.346
721 194 21 25 0.346
903 198 10 12 0.334
773 183 11 12 0.285
931 194 11 11 0.260
598 196 11 16 0.256
804 183 12 13 0.247
712 184 13 18 0.231
889 240 22 38 0.229
955 199 10 11 0.191
715 188 18 20 0.177
806 222 38 62 0.162
860 186 13 14 0.158
627 161 13 16 0.131
824 184 9 10 0.119
809 216 17 21 0.113
987 203 13 13 0.096
808 214 29 46 0.095
2 543 27 38 0.089
901 201 10 13 0.082
978 198 10 13 0.069
905 196 11 12 0.057
957 225 14 16 0.052
882 193 13 14 0.045
727 172 11 11 0.043
914 253 23 30 0.043
632 159 14 16 0.040
912 248 19 25 0.035
898 228 14 18 0.034
709 182 12 16 0.032
888 186 8 8 0.032
880 196 11 14 0.031
936 457 88 138 0.030
885 187 12 18 0.030
639 157 13 15 0.027
660 161 13 13 0.025
719 170 11 12 0.025
770 178 13 15 0.024
714 174 17 26 0.024
985 278 32 35 0.022
505 197 14 21 0.022
498 194 21 29 0.021
58 189 31 43 0.020
