8_Election_Campain_Election_Campaign_8_148
191
239 368 105 135 0.896
427 289 87 114 0.876
573 318 70 86 0.866
814 288 66 74 0.862
312 273 80 96 0.862
1 210 70 95 0.857
586 188 43 52 0.855
962 297 62 75 0.851
721 454 99 131 0.833
507 212 52 64 0.830
1 376 65 142 0.830
675 255 59 68 0.823
743 267 54 62 0.814
501 284 66 91 0.810
370 244 60 81 0.809
864 485 80 113 0.804
902 580 102 148 0.796
477 148 31 37 0.786
429 230 56 64 0.770
886 421 75 88 0.769
622 351 92 111 0.767
195 114 24 28 0.750
755 219 30 33 0.735
99 205 55 60 0.720
553 120 15 21 0.720
566 150 21 22 0.715
482 111 16 21 0.714
323 100 19 27 0.709
372 122 17 20 0.709
129 85 25 30 0.698
614 135 16 18 0.698
170 95 19 22 0.687
510 153 20 25 0.686
995 141 17 23 0.677
724 131 20 22 0.661
8 9 13 15 0.658
221 295 89 93 0.642
753 101 12 15 0.641
808 98 11 13 0.621
636 177 24 27 0.613
764 116 14 17 0.553
782 100 11 14 0.530
274 65 11 13 0.522
232 52 10 12 0.513
557 75 9 11 0.509
220 100 18 22 0.500
484 87 9 11 0.498
661 109 11 14 0.496
799 124 14 16 0.490
213 56 8 10 0.489
37 11 12 16 0.486
688 120 13 17 0.485
300 69 11 14 0.484
605 88 9 12 0.465
927 139 18 23 0.454
115 24 12 15 0.438
267 80 12 13 0.422
603 160 21 20 0.412
246 83 13 16 0.390
651 85 9 12 0.382
681 85 9 12 0.372
702 99 10 14 0.368
889 123 19 23 0.365
796 160 16 22 0.314
591 106 11 12 0.313
846 122 16 20 0.306
838 129 17 19 0.304
852 120 13 18 0.297
621 86 8 10 0.296
684 92 11 13 0.288
552 102 11 12 0.270
506 96 9 12 0.269
93 14 10 13 0.268
587 93 8 10 0.264
480 108 20 34 0.254
705 120 14 17 0.242
876 156 23 28 0.228
159 261 62 80 0.226
661 147 12 18 0.218
934 183 20 29 0.201
626 101 9 12 0.177
156 12 10 12 0.174
590 100 10 19 0.170
33 49 13 15 0.159
221 27 8 9 0.157
708 114 13 17 0.155
784 99 15 15 0.150
603 88 16 9 0.145
897 255 34 44 0.143
640 82 11 9 0.142
622 87 10 14 0.139
36 124 20 25 0.119
290 36 8 9 0.113
224 107 19 21 0.113
938 136 17 22 0.113
183 40 9 12 0.103
1002 140 16 22 0.098
260 50 9 10 0.091
635 81 12 11 0.083
0 52 7 30 0.081
209 54 12 14 0.080
922 160 16 30 0.080
191 55 12 12 0.079
24 52 10 15 0.076
927 175 20 32 0.075
876 437 80 116 0.074
219 98 13 19 0.073
151 93 16 19 0.071
705 165 15 20 0.068
184 42 9 17 0.068
0 77 8 19 0.068
342 45 8 9 0.067
50 83 17 22 0.064
269 57 12 50 0.064
261 32 9 11 0.061
631 101 10 12 0.059
802 82 12 73 0.057
1008 405 16 66 0.057
480 86 21 13 0.056
773 134 14 17 0.054
222 29 8 12 0.054
185 39 9 13 0.053
995 174 15 27 0.052
515 124 11 13 0.051
541 301 74 96 0.050
945 140 16 19 0.049
578 86 9 10 0.049
800 161 19 24 0.048
180 42 8 10 0.048
940 190 19 24 0.047
523 70 8 9 0.046
658 129 14 40 0.046
517 68 8 10 0.045
535 78 10 11 0.045
312 63 9 12 0.045
824 113 12 14 0.043
627 105 11 12 0.043
724 111 15 17 0.043
294 15 7 9 0.042
553 75 13 74 0.042
780 103 12 22 0.042
191 13 9 9 0.040
554 81 10 33 0.039
600 112 16 12 0.038
172 20 9 11 0.038
242 85 12 15 0.038
88 14 12 13 0.038
272 69 42 20 0.038
245 90 15 18 0.036
704 127 14 16 0.035
709 126 35 24 0.034
886 119 16 24 0.033
208 53 25 13 0.033
922 169 18 30 0.032
69 26 9 12 0.031
26 47 13 16 0.031
748 174 20 24 0.030
675 87 20 30 0.030
490 63 10 17 0.030
651 84 11 17 0.030
537 81 10 14 0.029
648 241 35 42 0.028
185 93 17 20 0.028
261 35 7 28 0.028
495 71 9 16 0.028
321 37 8 10 0.028
293 25 6 30 0.028
186 59 9 19 0.028
591 78 9 23 0.027
171 274 92 99 0.027
324 94 15 20 0.027
252 84 16 18 0.027
490 65 8 7 0.026
92 11 10 13 0.026
599 88 17 19 0.025
609 109 14 13 0.025
906 239 35 43 0.025
191 24 9 18 0.024
512 65 7 7 0.024
47 87 14 19 0.024
263 29 11 11 0.023
508 67 19 9 0.023
13 82 14 21 0.023
186 69 10 14 0.023
319 35 8 11 0.023
261 54 15 17 0.022
776 119 14 22 0.022
733 649 40 68 0.021
728 106 13 19 0.021
822 119 14 20 0.021
504 65 7 7 0.021
