51_Dresses_wearingdress_51_739
28
436 117 134 176 0.881
726 217 75 96 0.841
268 294 32 41 0.793
575 291 50 65 0.788
638 260 31 37 0.779
865 240 32 41 0.766
253 170 28 35 0.761
905 279 35 42 0.753
223 240 28 36 0.751
998 252 26 42 0.703
684 181 30 36 0.657
47 238 51 117 0.538
359 228 25 32 0.369
552 219 32 41 0.147
327 247 33 45 0.069
336 236 26 40 0.062
544 262 35 45 0.051
354 236 32 34 0.043
847 295 27 33 0.041
954 278 24 31 0.041
661 158 16 19 0.036
416 251 32 40 0.034
546 229 34 45 0.033
700 247 32 45 0.024
685 246 31 42 0.023
424 248 35 40 0.023
960 265 19 30 0.022
637 229 23 30 0.020
