51_Dresses_wearingdress_51_727
41
608 44 59 78 0.874
795 27 60 90 0.849
279 78 103 177 0.827
497 52 18 23 0.655
543 66 19 26 0.621
908 68 16 19 0.352
500 20 14 17 0.340
584 67 17 22 0.260
566 55 14 20 0.258
647 4 27 26 0.212
465 246 27 73 0.208
686 59 15 20 0.206
883 52 17 23 0.168
761 26 20 24 0.153
922 11 15 19 0.148
657 4 19 20 0.140
982 14 18 19 0.122
499 14 14 56 0.114
637 3 29 26 0.110
892 4 15 20 0.102
965 0 14 12 0.091
698 67 18 24 0.076
690 63 22 24 0.071
748 35 22 27 0.069
582 18 16 21 0.063
533 71 21 25 0.062
743 112 12 16 0.059
690 0 17 19 0.057
938 68 14 16 0.055
940 79 15 21 0.051
756 30 21 27 0.042
700 76 21 25 0.041
528 76 20 26 0.040
518 65 14 18 0.039
708 44 16 21 0.038
987 11 17 19 0.034
662 62 16 24 0.030
768 107 17 23 0.030
703 49 20 28 0.026
792 8 22 22 0.023
941 68 16 37 0.021
