61_Street_Battle_streetfight_61_430
80
864 485 19 24 0.783
571 470 25 35 0.778
917 582 21 27 0.773
138 451 19 23 0.767
952 435 20 25 0.748
455 451 18 22 0.739
291 454 18 23 0.730
841 460 17 20 0.724
36 453 18 22 0.715
518 460 21 23 0.685
199 461 16 19 0.684
912 390 14 18 0.680
625 463 21 24 0.673
920 429 22 27 0.660
90 464 17 21 0.654
797 457 14 19 0.649
692 454 16 19 0.638
233 462 20 24 0.626
428 477 18 21 0.613
272 459 13 17 0.572
165 458 17 20 0.567
475 453 16 18 0.556
597 444 12 15 0.526
550 468 18 21 0.487
367 460 21 32 0.443
907 430 20 24 0.430
861 453 13 18 0.421
310 464 14 17 0.410
965 529 41 83 0.355
976 452 17 19 0.291
66 445 16 19 0.264
710 455 17 19 0.230
1011 372 12 20 0.210
215 437 17 24 0.197
756 451 20 23 0.193
767 105 25 28 0.182
274 457 24 19 0.176
215 449 16 21 0.159
380 457 18 24 0.158
443 453 32 21 0.139
385 457 15 19 0.131
62 452 19 21 0.124
1015 450 9 19 0.112
118 464 13 15 0.107
590 441 19 36 0.101
375 458 19 39 0.092
432 452 14 18 0.080
592 444 15 18 0.079
374 474 18 27 0.073
738 456 20 21 0.073
656 455 13 17 0.071
501 465 12 15 0.070
77 456 35 24 0.069
993 440 14 20 0.066
0 449 8 17 0.061
705 452 19 19 0.058
713 460 17 20 0.053
213 434 16 17 0.052
986 443 30 21 0.050
556 425 9 11 0.049
653 459 15 18 0.046
140 379 14 17 0.045
658 475 14 17 0.044
16 452 10 12 0.043
219 435 16 18 0.043
955 413 16 18 0.040
51 450 22 22 0.039
1003 393 18 23 0.039
220 445 19 20 0.037
64 459 16 18 0.036
1006 375 16 20 0.031
991 447 33 22 0.031
426 452 45 18 0.026
161 466 19 19 0.025
761 107 21 27 0.025
357 461 24 30 0.023
0 440 8 19 0.022
298 458 29 22 0.022
764 443 13 17 0.021
255 476 12 15 0.021
