61_Street_Battle_streetfight_61_211
38
34 508 44 56 0.770
129 544 39 50 0.768
832 169 84 145 0.749
977 622 38 49 0.748
174 530 34 41 0.743
272 524 35 44 0.718
881 624 35 43 0.715
222 529 30 40 0.712
323 541 33 41 0.690
994 582 30 39 0.544
350 567 28 37 0.540
383 954 223 182 0.364
908 564 34 41 0.359
951 571 28 34 0.342
339 561 33 40 0.326
3 532 24 38 0.291
326 553 51 40 0.270
882 555 29 33 0.208
952 562 31 34 0.182
330 421 42 96 0.133
90 524 30 40 0.100
257 512 33 35 0.082
1011 511 13 27 0.073
248 951 119 95 0.064
3 543 21 36 0.061
959 562 40 37 0.059
106 539 58 50 0.042
95 538 29 41 0.040
760 252 87 111 0.038
959 531 20 24 0.032
548 855 92 65 0.026
17 519 46 49 0.026
948 582 29 36 0.024
2 584 26 47 0.023
255 502 28 35 0.023
289 921 330 249 0.022
500 477 17 20 0.021
349 457 40 85 0.020
