29_Students_Schoolkids_Students_Schoolkids_29_221
31
263 229 27 37 0.772
229 219 33 61 0.753
381 218 24 46 0.666
524 190 12 20 0.656
734 190 10 12 0.639
291 233 16 27 0.595
445 268 21 50 0.591
716 193 9 12 0.551
768 193 8 9 0.476
813 214 7 9 0.448
567 195 8 10 0.366
493 201 7 9 0.362
784 183 7 8 0.331
166 237 16 21 0.324
755 192 6 8 0.297
502 207 7 10 0.263
571 196 8 9 0.252
759 214 9 12 0.198
563 197 8 9 0.148
527 193 12 17 0.146
76 278 10 11 0.127
246 225 42 43 0.102
802 163 7 7 0.093
541 192 7 10 0.074
755 193 25 9 0.071
161 240 17 21 0.060
128 293 10 15 0.046
438 279 25 47 0.040
784 199 9 10 0.035
256 219 24 36 0.033
751 213 16 11 0.021
