29_Students_Schoolkids_Students_Schoolkids_29_358
42
573 390 17 22 0.769
624 376 19 24 0.760
490 381 17 22 0.757
545 379 18 22 0.753
846 411 18 24 0.733
672 388 18 22 0.728
268 361 18 22 0.725
498 422 18 21 0.675
433 399 18 22 0.668
363 422 16 20 0.654
942 422 20 25 0.654
249 434 16 18 0.621
713 373 20 24 0.619
311 439 14 17 0.523
341 442 16 20 0.515
802 408 18 21 0.422
400 410 16 21 0.368
473 434 16 17 0.342
888 404 18 20 0.326
770 385 20 23 0.244
286 436 16 18 0.207
336 445 17 19 0.171
534 414 18 23 0.161
458 426 14 20 0.156
326 448 13 16 0.142
769 392 19 22 0.115
740 425 16 22 0.110
435 425 15 18 0.107
775 380 16 20 0.100
396 419 18 22 0.093
352 418 64 24 0.067
801 395 19 25 0.045
456 415 17 21 0.044
283 431 17 20 0.042
534 404 16 20 0.040
316 444 17 17 0.040
764 387 16 19 0.037
391 422 16 20 0.034
899 401 17 21 0.033
762 393 19 21 0.028
404 418 22 23 0.025
798 385 17 19 0.020
