29_Students_Schoolkids_Students_Schoolkids_29_494
33
351 241 55 60 0.836
295 321 60 65 0.836
284 28 41 48 0.808
786 129 29 36 0.792
720 130 28 43 0.773
464 156 32 37 0.759
437 160 25 30 0.747
382 166 35 36 0.733
541 147 28 36 0.681
352 162 23 31 0.634
607 192 25 44 0.629
823 135 22 25 0.582
893 132 18 27 0.456
656 141 21 34 0.304
259 299 38 52 0.279
563 161 29 38 0.262
168 298 36 57 0.237
252 225 27 44 0.159
83 181 54 69 0.148
475 237 43 48 0.110
550 155 35 39 0.095
627 145 26 33 0.050
229 268 33 57 0.038
861 143 23 23 0.035
159 309 42 62 0.035
238 279 38 59 0.033
459 226 38 51 0.033
571 159 32 39 0.030
81 102 62 96 0.030
622 140 26 33 0.028
262 305 51 58 0.024
890 127 18 26 0.023
614 191 30 46 0.021
