29_Students_Schoolkids_Students_Schoolkids_29_684
28
457 40 49 63 0.858
208 59 55 69 0.787
788 478 7 9 0.477
989 472 8 8 0.256
854 468 7 8 0.209
357 131 40 45 0.159
294 509 7 10 0.146
964 462 9 11 0.133
321 518 7 8 0.128
990 470 8 8 0.120
700 499 7 7 0.088
829 463 7 9 0.082
65 525 5 7 0.081
556 506 6 8 0.080
662 495 6 8 0.065
954 456 8 10 0.061
660 493 7 9 0.060
674 495 7 8 0.050
1000 468 8 7 0.047
665 494 9 9 0.040
338 525 7 8 0.040
442 516 6 6 0.037
953 452 7 11 0.035
665 500 7 8 0.033
215 535 6 7 0.031
659 496 21 8 0.028
645 491 7 10 0.025
957 454 8 10 0.023
