29_Students_Schoolkids_Students_Schoolkids_29_310
29
653 189 57 70 0.891
283 197 56 78 0.877
833 211 62 78 0.876
96 204 61 80 0.863
469 197 55 70 0.859
541 160 107 119 0.818
357 206 109 132 0.674
469 417 10 12 0.632
659 384 11 13 0.616
837 408 12 15 0.596
679 380 10 12 0.523
760 175 82 114 0.523
488 416 10 12 0.476
858 401 12 15 0.409
704 381 9 11 0.408
80 399 11 13 0.357
885 400 10 12 0.262
100 398 10 12 0.246
125 402 9 11 0.187
510 419 9 10 0.186
499 416 14 13 0.101
357 405 8 9 0.097
793 194 85 97 0.080
479 415 27 13 0.062
373 405 8 9 0.058
75 398 36 12 0.056
490 415 9 11 0.042
388 407 8 8 0.041
865 399 37 15 0.026
