40_Gymnastics_Gymnastics_40_593
79
303 186 43 57 0.857
544 184 41 52 0.848
172 263 42 53 0.839
629 202 40 55 0.837
842 255 40 49 0.828
753 197 37 49 0.827
940 302 38 48 0.813
420 208 37 51 0.812
72 292 39 46 0.807
37 246 44 53 0.777
16 108 21 29 0.729
24 48 22 29 0.707
168 139 18 25 0.696
100 42 20 24 0.680
112 117 18 23 0.649
558 132 22 28 0.632
16 218 19 23 0.572
971 72 19 24 0.553
867 193 19 23 0.520
949 120 18 22 0.511
910 29 17 22 0.502
94 164 21 27 0.489
237 187 16 23 0.455
231 254 20 26 0.454
771 3 20 21 0.432
709 97 23 29 0.412
944 256 22 24 0.402
930 176 17 22 0.375
161 28 19 24 0.364
143 234 21 28 0.354
232 32 17 22 0.353
839 35 19 23 0.331
72 234 20 28 0.321
1009 35 15 23 0.311
709 33 21 26 0.295
85 189 23 28 0.282
0 268 18 24 0.260
412 66 20 24 0.192
883 113 17 24 0.114
557 87 24 30 0.112
547 72 21 26 0.110
571 17 23 24 0.106
696 3 19 20 0.074
778 173 22 33 0.071
624 155 26 34 0.071
483 97 23 29 0.070
436 14 21 29 0.070
1005 39 17 23 0.065
620 2 16 21 0.064
793 107 19 22 0.064
76 62 17 21 0.063
833 81 18 25 0.054
630 32 23 26 0.048
643 16 15 22 0.044
280 19 19 23 0.044
413 115 23 27 0.043
641 29 21 26 0.036
956 96 22 24 0.035
40 119 14 19 0.034
100 144 21 26 0.034
13 51 25 24 0.033
624 35 21 22 0.032
153 62 21 24 0.031
317 18 21 25 0.030
303 0 21 17 0.029
747 167 23 32 0.029
438 11 16 22 0.029
106 131 21 28 0.028
965 100 17 22 0.027
866 50 20 28 0.026
362 18 17 21 0.024
332 39 18 24 0.023
954 89 15 19 0.023
0 272 19 37 0.023
910 49 17 24 0.022
437 24 21 29 0.022
0 69 7 19 0.021
984 214 24 27 0.021
696 31 15 18 0.020
