40_Gymnastics_Gymnastics_40_492
47
360 151 40 52 0.846
654 123 40 53 0.836
473 151 35 51 0.834
557 132 40 48 0.831
509 55 24 31 0.794
307 6 26 34 0.789
549 46 25 32 0.782
485 64 22 30 0.779
380 1 22 23 0.742
363 75 20 30 0.728
586 78 23 27 0.727
208 18 25 31 0.724
309 73 21 33 0.721
469 77 19 28 0.716
448 109 19 26 0.688
38 2 18 26 0.674
169 14 19 29 0.621
268 17 22 28 0.620
451 0 21 20 0.601
413 0 20 18 0.554
305 48 22 31 0.543
337 0 28 22 0.537
404 24 22 24 0.408
476 70 23 32 0.357
347 1 26 20 0.337
387 68 15 22 0.224
403 65 17 23 0.197
425 79 16 21 0.196
393 65 21 22 0.158
0 0 9 22 0.098
233 31 17 21 0.094
414 76 31 24 0.078
383 73 18 26 0.071
73 0 24 28 0.063
114 15 22 26 0.048
453 112 21 27 0.045
442 55 20 26 0.043
478 47 17 23 0.035
98 35 18 23 0.035
390 67 19 26 0.031
538 13 20 23 0.028
44 3 22 27 0.026
570 4 18 23 0.025
275 11 18 24 0.024
432 65 22 29 0.023
0 4 11 29 0.021
495 4 15 17 0.021
