40_Gymnastics_Gymnastics_40_260
38
196 528 32 42 0.826
453 217 38 48 0.801
1000 589 24 42 0.770
768 538 24 33 0.700
360 276 36 62 0.683
799 542 23 32 0.599
61 531 28 36 0.593
912 554 21 33 0.521
676 663 10 13 0.244
491 343 24 42 0.243
605 655 9 12 0.236
649 628 9 12 0.202
701 661 9 11 0.197
548 607 9 11 0.189
682 631 9 11 0.174
635 664 9 12 0.163
280 573 20 30 0.132
651 631 9 12 0.113
679 631 8 10 0.103
545 608 9 11 0.081
952 580 18 22 0.080
602 655 9 12 0.062
637 654 10 18 0.056
628 670 10 11 0.054
563 647 11 12 0.050
689 633 7 10 0.050
625 670 9 11 0.039
665 643 12 9 0.037
681 627 9 10 0.030
648 627 8 10 0.027
657 660 10 12 0.025
624 673 9 12 0.025
568 651 8 10 0.023
606 652 8 10 0.023
715 634 7 9 0.022
668 641 11 24 0.022
550 646 16 12 0.022
549 646 8 9 0.021
