40_Gymnastics_Gymnastics_40_273
24
693 125 35 41 0.869
181 228 38 46 0.866
592 125 33 41 0.860
298 126 36 45 0.853
490 123 34 42 0.848
827 231 37 48 0.847
823 57 31 40 0.846
318 68 29 39 0.842
99 110 36 45 0.840
793 123 33 42 0.838
373 230 38 48 0.837
895 126 33 42 0.835
408 76 29 37 0.834
202 124 31 42 0.834
581 74 29 37 0.833
147 69 30 36 0.832
232 64 29 37 0.828
391 120 32 41 0.827
487 260 36 47 0.826
487 60 30 39 0.825
755 65 30 37 0.823
550 275 35 45 0.814
670 248 38 48 0.812
672 72 31 39 0.812
