22_Picnic_Picnic_22_541
36
88 632 46 65 0.626
361 1110 12 16 0.463
682 153 11 13 0.330
262 1078 10 12 0.117
266 1101 14 17 0.110
431 1073 11 13 0.105
904 848 18 20 0.078
17 1158 13 16 0.066
925 72 16 18 0.055
612 1072 9 11 0.049
578 48 14 17 0.049
638 76 17 21 0.047
396 1066 9 12 0.046
837 47 23 20 0.045
257 1274 13 15 0.042
725 10 13 19 0.042
965 107 21 24 0.039
938 88 17 20 0.038
302 1271 16 21 0.037
482 1194 10 11 0.037
434 1073 11 14 0.036
262 1093 16 22 0.036
246 1292 10 15 0.030
979 77 12 14 0.030
774 1303 12 13 0.028
937 75 15 19 0.028
471 1081 11 14 0.028
794 75 10 13 0.027
895 851 24 23 0.026
930 71 20 27 0.026
120 1171 11 13 0.025
751 1310 13 15 0.023
350 1058 10 12 0.023
220 1126 10 12 0.022
89 1130 10 11 0.021
160 1289 8 10 0.021
