22_Picnic_Picnic_22_308
40
382 328 35 45 0.829
517 296 35 34 0.712
952 189 65 102 0.709
563 277 26 33 0.633
816 261 13 15 0.546
242 255 10 12 0.437
891 256 9 12 0.428
741 261 12 17 0.366
693 246 15 20 0.320
599 220 14 15 0.302
763 254 11 13 0.245
697 247 17 21 0.230
761 254 10 13 0.132
528 288 52 36 0.130
592 240 24 26 0.121
765 257 11 13 0.106
727 242 8 10 0.105
245 253 11 12 0.090
634 235 10 9 0.072
596 232 23 24 0.071
867 269 8 10 0.071
756 254 15 16 0.059
850 289 9 12 0.052
857 271 10 12 0.050
597 224 16 16 0.049
858 271 16 9 0.048
698 257 15 19 0.042
358 238 7 9 0.042
800 279 11 14 0.041
595 218 22 28 0.032
705 249 14 18 0.031
513 291 30 30 0.030
868 266 7 10 0.030
852 271 16 12 0.029
631 231 14 17 0.025
609 232 17 18 0.025
610 231 21 14 0.024
799 270 11 20 0.023
637 236 12 13 0.020
833 266 13 13 0.020
