22_Picnic_Picnic_22_36
37
637 226 32 42 0.832
459 441 35 42 0.814
638 653 36 48 0.790
124 505 37 64 0.735
288 505 24 36 0.726
180 483 36 52 0.726
383 282 9 11 0.558
693 576 22 40 0.439
554 285 9 11 0.406
208 680 31 58 0.334
48 365 17 19 0.313
619 554 26 38 0.310
480 352 8 9 0.263
779 441 26 66 0.250
795 275 10 13 0.210
460 312 7 8 0.182
56 360 13 18 0.158
76 302 10 13 0.150
57 234 6 8 0.129
44 363 14 17 0.099
794 278 10 13 0.060
463 325 7 9 0.053
162 494 42 51 0.051
552 565 23 40 0.047
373 300 8 8 0.047
461 307 7 27 0.043
548 319 8 9 0.042
195 692 32 51 0.042
797 280 16 15 0.039
51 370 16 18 0.038
426 344 9 10 0.036
814 284 11 13 0.033
421 363 12 11 0.032
709 290 9 10 0.028
796 282 11 14 0.025
458 316 8 12 0.022
479 350 10 13 0.021
