22_Picnic_Picnic_22_732
247
281 601 13 17 0.678
849 618 13 19 0.657
338 610 13 18 0.649
606 609 12 16 0.619
57 656 18 21 0.576
524 601 12 15 0.566
426 571 11 13 0.534
149 588 11 15 0.520
224 585 11 14 0.509
516 561 10 13 0.485
407 568 10 13 0.478
296 542 9 12 0.468
212 548 9 11 0.453
671 624 16 19 0.441
216 629 13 17 0.427
414 618 12 19 0.425
190 604 11 16 0.414
579 558 10 13 0.411
110 559 11 12 0.366
325 582 9 13 0.360
789 545 9 12 0.346
215 608 12 14 0.328
585 539 8 11 0.320
150 521 7 9 0.308
366 563 11 13 0.307
159 536 9 11 0.305
487 560 11 12 0.298
638 546 7 9 0.291
725 580 10 14 0.291
469 532 7 8 0.290
722 612 11 14 0.284
24 566 12 12 0.281
561 539 9 11 0.276
592 579 11 16 0.273
449 538 9 10 0.266
172 520 7 9 0.264
89 525 6 8 0.261
367 585 12 15 0.244
253 536 8 8 0.243
246 582 11 14 0.233
709 565 10 14 0.229
633 525 8 9 0.228
125 523 7 9 0.225
218 536 7 8 0.213
729 641 15 20 0.210
242 555 9 12 0.202
242 568 10 13 0.189
541 570 9 13 0.179
617 547 11 12 0.176
703 546 9 9 0.175
768 535 10 12 0.170
104 524 7 8 0.166
856 555 8 12 0.161
6 514 8 11 0.159
985 501 6 8 0.157
107 557 11 13 0.154
364 591 13 17 0.151
477 518 6 9 0.149
760 623 12 17 0.134
191 543 9 11 0.132
738 589 11 13 0.132
625 599 11 15 0.131
504 542 11 18 0.129
682 573 10 12 0.129
50 545 9 12 0.127
727 583 12 15 0.126
863 578 10 13 0.124
524 588 12 34 0.123
1009 600 11 16 0.121
885 667 11 16 0.120
184 557 10 14 0.119
528 548 8 11 0.119
582 546 10 21 0.118
322 522 9 9 0.116
455 555 8 10 0.116
711 569 13 16 0.115
188 543 10 15 0.114
276 509 8 9 0.112
579 512 8 8 0.111
823 553 8 10 0.110
909 508 6 8 0.106
289 520 7 10 0.101
528 599 14 16 0.099
254 536 13 11 0.099
509 522 8 10 0.098
7 549 9 11 0.097
361 527 7 10 0.096
404 569 30 14 0.095
231 549 13 10 0.094
323 524 9 10 0.094
123 524 7 9 0.093
1018 566 6 15 0.093
342 650 16 21 0.090
218 593 12 29 0.089
267 542 10 12 0.086
297 543 12 14 0.086
691 625 12 16 0.085
994 524 8 9 0.085
195 523 14 14 0.085
489 516 8 13 0.084
490 557 18 14 0.084
963 510 6 7 0.083
451 517 8 9 0.083
420 531 11 17 0.082
354 561 11 12 0.080
236 526 8 12 0.079
845 515 7 8 0.078
550 520 8 9 0.078
988 566 10 13 0.077
367 595 13 17 0.077
304 558 9 9 0.076
657 526 7 8 0.075
595 573 11 16 0.074
419 538 10 14 0.073
206 545 16 15 0.072
728 636 13 18 0.071
510 523 9 19 0.071
564 513 7 8 0.070
783 527 8 10 0.070
318 554 8 10 0.070
592 584 10 15 0.069
657 586 10 13 0.068
344 522 8 22 0.068
367 558 11 55 0.065
997 538 9 11 0.065
2 499 7 10 0.064
194 525 10 28 0.064
81 555 8 11 0.063
685 555 8 10 0.061
65 655 13 20 0.060
460 581 9 10 0.060
164 537 8 11 0.060
151 514 9 18 0.060
219 513 8 22 0.060
538 570 10 12 0.060
236 518 8 15 0.059
315 575 10 12 0.058
715 535 9 10 0.058
813 518 7 9 0.056
874 508 6 8 0.055
665 516 8 10 0.054
546 597 12 16 0.053
723 574 11 61 0.053
526 532 9 14 0.052
646 559 8 11 0.051
83 556 10 13 0.050
607 546 19 12 0.050
0 631 8 20 0.050
932 510 7 8 0.050
628 506 8 19 0.049
143 499 7 11 0.049
185 598 38 29 0.048
360 561 14 15 0.048
76 509 7 21 0.047
550 545 19 11 0.047
663 549 9 11 0.046
73 567 10 11 0.046
417 615 13 19 0.045
589 520 12 10 0.045
199 521 22 12 0.045
401 528 11 13 0.045
342 519 13 20 0.044
14 564 18 14 0.044
707 562 15 26 0.044
378 527 7 10 0.043
147 523 10 17 0.043
334 553 11 12 0.042
78 554 11 19 0.042
918 462 6 8 0.041
386 571 10 12 0.041
1004 601 13 15 0.041
395 598 10 12 0.040
304 556 19 10 0.040
505 527 10 31 0.040
72 518 26 11 0.040
358 542 8 14 0.040
408 572 11 13 0.040
539 547 18 11 0.039
976 521 9 10 0.038
879 669 16 14 0.038
258 518 9 26 0.038
312 523 19 9 0.038
5 503 8 28 0.038
734 586 14 14 0.037
59 530 9 18 0.037
880 546 8 9 0.037
426 505 8 8 0.037
29 561 11 15 0.037
0 629 7 14 0.036
627 548 11 11 0.035
747 525 9 10 0.035
604 524 9 16 0.034
410 539 19 14 0.034
548 549 9 12 0.034
234 510 9 28 0.033
29 567 13 14 0.033
490 531 11 11 0.033
181 560 14 14 0.033
15 496 8 17 0.033
185 527 12 25 0.033
629 577 9 13 0.033
333 543 9 25 0.033
427 519 8 11 0.033
704 579 12 15 0.033
528 604 11 14 0.032
667 506 8 26 0.032
163 490 8 8 0.032
733 635 18 19 0.031
751 524 9 13 0.030
367 561 16 18 0.029
349 560 12 23 0.029
252 556 16 14 0.028
730 647 15 19 0.028
530 533 9 10 0.028
659 529 7 11 0.028
422 516 11 28 0.027
654 513 11 25 0.027
853 462 6 8 0.027
405 546 9 13 0.027
994 530 10 22 0.027
905 506 12 13 0.026
7 503 11 27 0.026
172 565 10 12 0.026
643 556 9 14 0.025
862 568 11 27 0.025
784 525 9 31 0.025
54 527 11 32 0.024
769 604 13 12 0.024
68 562 12 16 0.024
40 529 9 14 0.024
405 560 10 19 0.024
758 603 13 22 0.024
103 493 7 8 0.023
600 549 9 11 0.023
264 571 9 13 0.023
693 508 7 24 0.023
367 601 11 16 0.023
861 526 8 8 0.022
197 494 7 7 0.022
489 555 11 15 0.021
526 500 11 25 0.021
198 521 28 34 0.021
57 542 13 16 0.021
292 521 8 23 0.021
831 534 11 11 0.020
769 525 12 20 0.020
552 601 16 15 0.020
