22_Picnic_Picnic_22_444
49
376 417 11 14 0.668
137 342 12 15 0.641
619 427 13 15 0.600
295 396 11 13 0.586
209 404 13 16 0.527
403 349 9 11 0.527
506 336 10 12 0.466
812 347 10 13 0.371
570 334 9 10 0.323
767 336 10 13 0.307
504 384 11 13 0.302
682 335 10 15 0.293
546 413 11 13 0.292
426 369 9 11 0.235
512 403 11 14 0.198
606 328 9 10 0.155
798 335 9 11 0.136
213 407 15 17 0.134
567 432 11 16 0.112
638 347 10 13 0.097
448 339 11 11 0.089
211 340 8 12 0.084
531 329 9 9 0.080
800 338 10 13 0.078
264 343 9 13 0.066
572 332 11 11 0.056
454 337 10 12 0.055
816 347 10 13 0.051
508 384 13 35 0.050
589 328 8 10 0.049
486 416 9 14 0.049
557 327 8 9 0.048
783 349 12 13 0.043
217 412 15 16 0.041
676 335 11 14 0.033
112 337 9 11 0.032
137 321 10 11 0.031
261 383 12 15 0.030
767 340 10 13 0.029
295 317 10 9 0.029
533 326 12 12 0.028
458 339 10 12 0.028
454 601 8 9 0.027
622 428 13 17 0.026
632 349 12 10 0.025
651 348 11 12 0.024
586 393 12 15 0.023
245 318 7 9 0.022
213 398 16 18 0.020
