50_Celebration_Or_Party_houseparty_50_609
154
215 347 66 80 0.860
288 242 43 56 0.842
995 255 29 50 0.824
143 257 43 48 0.818
844 191 22 29 0.760
128 235 31 39 0.758
890 176 21 24 0.756
213 212 32 45 0.728
412 231 27 40 0.708
473 178 23 33 0.685
801 211 21 29 0.680
676 191 20 29 0.666
712 190 15 21 0.646
872 171 14 18 0.645
821 165 11 16 0.640
601 254 27 40 0.635
768 188 21 27 0.631
995 122 13 16 0.630
637 167 13 18 0.618
311 326 46 70 0.617
80 346 33 56 0.591
873 272 28 47 0.572
541 282 41 46 0.572
833 133 11 14 0.544
834 171 13 16 0.541
86 218 24 38 0.506
327 202 23 30 0.492
786 157 15 18 0.466
532 124 11 12 0.461
589 168 12 16 0.456
741 156 13 17 0.439
930 127 12 15 0.438
853 226 24 31 0.432
882 154 10 13 0.363
526 175 16 21 0.341
717 237 33 43 0.321
483 127 9 11 0.315
191 180 16 19 0.304
893 133 10 14 0.290
579 121 9 10 0.288
186 212 18 27 0.220
949 197 26 32 0.219
654 260 29 35 0.217
572 147 11 14 0.216
801 119 11 14 0.214
267 181 18 22 0.212
993 190 29 38 0.200
849 131 10 11 0.194
538 129 12 14 0.193
585 132 10 13 0.193
538 200 19 26 0.188
818 168 30 17 0.187
147 220 23 27 0.186
542 132 10 13 0.177
795 164 14 16 0.173
226 194 21 26 0.167
519 156 14 16 0.165
483 160 16 22 0.162
582 125 10 15 0.148
445 162 16 20 0.148
175 167 12 18 0.145
771 133 10 14 0.136
361 176 14 21 0.133
648 119 11 13 0.129
724 278 31 46 0.126
547 166 12 17 0.125
154 186 20 23 0.124
409 130 9 12 0.123
463 149 16 22 0.120
602 188 16 21 0.114
603 144 13 17 0.110
341 159 15 18 0.103
469 148 11 17 0.099
639 198 19 26 0.099
143 190 27 25 0.098
925 155 13 15 0.092
796 177 19 22 0.090
802 186 21 23 0.089
883 143 14 26 0.085
347 221 18 24 0.078
1005 149 13 15 0.076
659 269 30 38 0.073
139 194 20 23 0.072
1002 196 22 37 0.067
573 135 13 31 0.067
831 132 30 12 0.066
387 188 19 24 0.064
812 190 15 20 0.064
457 182 25 31 0.061
455 187 17 29 0.060
892 136 13 16 0.060
971 229 20 30 0.059
538 156 16 16 0.058
945 191 23 29 0.055
864 487 47 49 0.053
277 181 18 22 0.053
800 169 22 17 0.051
222 148 11 13 0.050
159 177 26 22 0.050
801 166 18 15 0.048
807 215 29 24 0.046
406 144 9 13 0.044
952 188 22 24 0.044
361 161 12 17 0.043
985 137 12 14 0.042
752 188 29 27 0.041
958 202 21 28 0.040
579 120 12 16 0.038
614 218 19 28 0.038
739 137 12 14 0.037
334 193 18 25 0.037
539 145 12 26 0.037
799 188 19 24 0.037
486 181 20 28 0.036
325 159 12 14 0.034
547 227 30 33 0.034
826 219 21 26 0.032
448 187 20 24 0.032
442 152 26 32 0.031
569 150 11 13 0.031
612 213 32 32 0.031
566 136 11 21 0.031
615 128 12 13 0.031
860 220 25 32 0.031
991 199 20 28 0.030
595 144 17 17 0.030
748 184 17 22 0.030
598 149 13 18 0.028
647 113 13 30 0.028
278 185 20 24 0.027
520 171 16 24 0.027
544 193 24 28 0.027
433 119 11 14 0.027
543 220 24 32 0.026
193 210 24 36 0.025
723 242 39 46 0.025
544 206 32 36 0.025
739 141 13 23 0.024
52 204 16 26 0.024
541 151 12 14 0.024
277 174 16 22 0.024
453 158 18 31 0.023
573 123 12 15 0.023
360 187 15 21 0.023
755 224 29 29 0.023
985 134 16 24 0.023
703 246 40 43 0.022
655 156 14 21 0.022
848 128 17 12 0.022
487 160 16 17 0.022
738 159 16 24 0.022
960 192 21 27 0.022
889 131 11 14 0.021
943 205 25 29 0.021
