50_Celebration_Or_Party_birthdayparty_50_134
61
854 284 32 37 0.772
83 353 15 19 0.608
617 308 8 10 0.504
17 340 17 22 0.452
799 300 9 12 0.451
423 339 8 10 0.414
723 296 10 11 0.409
556 314 9 11 0.404
486 322 7 8 0.397
581 311 8 10 0.351
509 335 7 10 0.347
444 349 10 13 0.326
529 333 8 9 0.291
640 308 7 9 0.282
653 305 9 9 0.231
600 353 10 12 0.184
562 346 10 14 0.176
541 348 10 12 0.162
613 349 8 11 0.143
639 308 14 10 0.124
757 303 10 13 0.090
706 301 9 10 0.088
534 333 19 9 0.087
386 351 8 10 0.087
802 359 21 25 0.079
602 349 12 14 0.077
541 349 18 13 0.076
618 311 10 10 0.073
544 330 12 15 0.067
740 309 11 13 0.066
797 303 10 13 0.065
627 348 9 12 0.061
807 338 11 12 0.061
80 349 15 19 0.059
438 365 8 10 0.058
813 313 9 13 0.055
442 339 8 24 0.054
442 338 7 9 0.049
723 296 17 15 0.048
555 342 18 15 0.038
538 349 9 12 0.034
656 304 8 10 0.034
440 361 9 12 0.032
833 291 14 17 0.030
740 305 21 15 0.030
475 346 11 13 0.028
474 332 12 26 0.028
474 328 16 17 0.028
389 368 8 12 0.027
7 338 18 22 0.027
445 336 8 9 0.027
422 342 10 11 0.026
472 334 9 10 0.025
634 353 11 15 0.025
578 327 9 10 0.024
471 339 10 13 0.024
615 312 8 9 0.023
499 344 8 11 0.022
805 336 15 22 0.021
635 340 11 13 0.020
812 335 9 12 0.020
