50_Celebration_Or_Party_houseparty_50_432
95
629 74 38 51 0.848
720 839 38 48 0.846
566 828 31 37 0.837
336 285 30 43 0.832
628 827 32 39 0.831
512 842 37 45 0.830
403 603 24 32 0.811
313 614 25 31 0.810
719 38 51 79 0.804
254 613 23 38 0.804
469 320 26 34 0.795
498 68 38 67 0.779
417 64 26 36 0.772
618 280 21 28 0.759
314 59 24 40 0.756
394 320 17 23 0.754
540 288 21 32 0.753
254 318 17 29 0.743
568 87 22 35 0.743
695 271 22 34 0.740
375 57 18 24 0.703
149 566 13 16 0.689
479 598 23 34 0.638
888 351 10 13 0.635
445 73 21 34 0.617
987 321 11 14 0.616
182 100 9 11 0.591
837 326 13 17 0.572
143 852 11 15 0.560
16 825 12 16 0.537
355 78 17 24 0.535
159 97 8 11 0.510
106 98 9 10 0.500
296 870 15 21 0.488
471 588 22 26 0.481
410 863 9 12 0.415
396 863 10 12 0.410
128 101 9 10 0.410
98 118 8 10 0.335
493 62 15 21 0.310
178 566 10 13 0.274
821 307 10 13 0.270
626 598 8 11 0.268
120 570 13 15 0.268
674 606 6 8 0.261
740 606 8 10 0.222
301 841 10 14 0.216
831 103 5 7 0.196
200 564 13 15 0.191
203 562 15 17 0.168
776 107 7 8 0.161
220 836 10 13 0.160
4 572 9 11 0.150
475 863 10 14 0.114
100 572 9 11 0.111
654 606 7 9 0.108
101 99 25 11 0.099
347 868 9 10 0.095
208 561 13 15 0.081
124 570 13 16 0.080
343 869 12 12 0.078
434 856 8 10 0.077
428 856 14 11 0.061
501 853 9 14 0.058
429 855 8 10 0.057
639 256 14 12 0.051
443 861 10 11 0.050
371 61 17 24 0.049
441 861 9 10 0.046
375 860 12 13 0.044
621 594 11 14 0.042
30 805 11 16 0.041
375 863 12 18 0.041
430 858 21 10 0.041
985 618 10 12 0.039
348 867 15 12 0.039
12 824 12 14 0.038
147 602 9 11 0.037
177 561 11 14 0.035
79 116 12 8 0.033
333 44 16 22 0.033
447 862 10 11 0.033
271 862 13 17 0.032
605 595 11 8 0.031
38 101 7 14 0.031
332 875 10 13 0.030
157 95 14 13 0.029
38 107 7 9 0.027
285 328 27 38 0.027
382 878 9 13 0.025
37 99 9 10 0.024
379 864 25 17 0.023
129 105 8 10 0.023
1 578 9 12 0.022
116 567 14 16 0.021
