50_Celebration_Or_Party_houseparty_50_19
23
521 396 37 48 0.840
134 373 43 55 0.799
865 430 41 56 0.795
453 424 22 27 0.751
656 441 30 45 0.726
220 421 27 44 0.597
407 432 24 39 0.594
748 491 16 19 0.564
768 431 14 23 0.416
260 476 21 22 0.227
550 463 24 28 0.199
782 438 19 21 0.081
715 483 16 21 0.076
736 490 31 20 0.067
414 431 17 29 0.067
198 402 32 51 0.052
690 467 12 13 0.049
203 414 33 49 0.043
230 428 22 39 0.031
687 464 15 24 0.028
773 438 20 23 0.023
404 444 24 37 0.022
151 372 34 45 0.021
