28_Sports_Fan_Sports_Fan_28_267
57
346 326 19 25 0.786
631 343 23 27 0.778
502 342 21 26 0.739
354 225 18 22 0.736
405 203 18 22 0.720
358 256 20 24 0.712
421 241 20 23 0.692
626 280 20 24 0.677
326 272 18 21 0.666
633 197 22 24 0.644
437 382 22 26 0.636
562 365 19 23 0.628
667 252 19 22 0.625
595 400 19 24 0.624
312 216 19 22 0.554
445 226 17 26 0.417
286 260 18 22 0.338
341 194 16 18 0.315
681 236 17 21 0.289
456 27 75 76 0.239
603 201 17 22 0.203
584 250 17 21 0.169
604 306 19 23 0.138
698 711 8 11 0.134
546 198 18 22 0.133
418 308 28 30 0.116
506 323 18 20 0.104
355 210 17 18 0.093
458 195 19 21 0.093
598 234 16 20 0.092
618 286 26 25 0.077
196 260 19 22 0.075
406 308 22 27 0.061
481 339 15 21 0.045
289 254 19 24 0.042
659 127 16 19 0.041
583 240 19 24 0.040
468 204 19 21 0.040
665 206 19 22 0.039
423 303 24 27 0.038
575 305 20 24 0.037
409 298 31 32 0.036
494 205 18 19 0.036
543 204 21 25 0.033
424 237 34 25 0.032
621 325 18 21 0.032
629 191 25 25 0.030
662 692 9 12 0.029
434 373 23 27 0.026
530 254 11 13 0.025
425 317 24 27 0.025
289 265 18 22 0.024
576 360 31 26 0.023
474 205 40 24 0.021
590 230 21 23 0.021
667 374 19 27 0.020
494 235 13 17 0.020
