28_Sports_Fan_Sports_Fan_28_118
34
0 364 84 105 0.875
637 307 97 115 0.871
482 319 96 129 0.838
10 194 78 97 0.800
48 80 33 40 0.785
711 203 36 52 0.781
328 164 33 49 0.778
95 125 31 38 0.732
843 453 53 65 0.594
547 226 34 52 0.526
435 346 43 59 0.239
318 299 44 47 0.228
776 32 16 20 0.186
38 45 17 20 0.143
126 43 16 22 0.134
887 50 16 20 0.120
220 191 37 50 0.102
839 44 18 24 0.086
1 91 22 30 0.084
0 7 16 25 0.078
137 139 27 33 0.076
656 177 30 34 0.072
529 133 22 29 0.069
194 99 23 27 0.060
3 14 19 25 0.049
8 23 17 24 0.034
201 184 46 55 0.031
169 44 22 30 0.028
0 192 35 78 0.028
37 46 23 28 0.024
11 30 15 21 0.022
302 279 53 58 0.021
481 13 11 14 0.020
293 271 33 48 0.020
