28_Sports_Fan_Sports_Fan_28_7
679
467 646 119 148 0.872
871 1131 102 143 0.847
942 851 69 96 0.845
144 676 57 60 0.808
85 859 70 101 0.799
926 691 38 48 0.779
589 636 35 39 0.766
148 870 53 78 0.762
840 537 25 29 0.754
196 557 32 37 0.752
51 783 54 63 0.727
8 567 32 42 0.725
208 663 37 48 0.719
539 600 36 40 0.713
297 432 23 28 0.712
714 726 49 74 0.692
650 579 24 38 0.668
870 221 15 19 0.662
863 351 17 21 0.658
166 526 26 34 0.658
289 275 17 24 0.644
118 351 20 27 0.633
938 274 18 22 0.629
260 344 22 28 0.624
194 301 18 26 0.614
92 564 35 49 0.613
921 310 16 18 0.607
59 501 27 38 0.605
26 292 19 24 0.603
257 155 15 21 0.597
923 233 15 19 0.597
978 664 33 38 0.591
819 117 12 15 0.590
704 108 15 18 0.574
806 415 21 26 0.571
9 75 14 19 0.569
883 298 18 20 0.566
586 91 15 18 0.562
199 129 14 18 0.557
246 29 13 16 0.556
1007 340 14 19 0.556
889 238 13 17 0.549
46 221 20 26 0.547
841 455 17 19 0.546
111 38 14 18 0.546
350 100 14 17 0.545
304 106 13 17 0.544
482 67 13 16 0.541
707 47 13 16 0.541
492 588 24 32 0.538
140 210 13 16 0.532
915 191 14 17 0.529
54 264 18 21 0.522
938 169 13 16 0.521
779 278 12 17 0.521
89 14 14 16 0.509
334 0 12 9 0.503
53 614 34 50 0.496
338 24 13 16 0.494
957 198 15 19 0.493
802 140 12 15 0.490
1009 300 14 19 0.486
261 92 14 16 0.484
712 547 22 31 0.483
787 423 17 22 0.482
631 50 13 16 0.479
302 6 12 16 0.476
408 114 13 18 0.475
201 97 14 18 0.475
810 808 36 42 0.475
767 687 33 42 0.475
551 26 13 15 0.474
441 86 14 18 0.473
601 49 13 17 0.473
817 537 22 25 0.471
995 196 14 17 0.470
971 294 15 20 0.469
144 14 13 16 0.467
963 233 13 18 0.467
840 143 13 15 0.461
661 40 13 15 0.458
283 36 12 14 0.453
792 157 13 17 0.453
777 380 14 19 0.450
773 6 11 12 0.448
978 80 12 15 0.447
519 36 12 16 0.442
142 262 17 21 0.442
573 47 12 15 0.441
86 200 16 19 0.439
216 299 18 26 0.439
683 63 13 15 0.438
547 53 13 17 0.434
386 79 14 18 0.430
912 149 13 16 0.429
620 81 12 15 0.428
876 8 11 14 0.424
76 236 16 20 0.422
47 7 13 16 0.422
313 632 42 67 0.419
131 127 15 18 0.414
391 2 12 12 0.412
954 107 12 15 0.410
817 17 10 13 0.408
835 510 14 18 0.408
215 359 22 27 0.407
169 88 14 18 0.406
799 262 15 17 0.403
912 384 17 20 0.403
858 71 11 13 0.402
162 219 14 15 0.401
604 512 21 24 0.395
833 327 16 18 0.395
245 401 22 29 0.393
882 401 16 20 0.391
748 112 13 16 0.391
823 64 11 14 0.388
466 49 12 17 0.388
893 173 14 17 0.387
355 46 11 16 0.387
317 49 14 17 0.386
6 195 16 26 0.380
91 391 22 29 0.380
1007 365 13 18 0.379
271 225 16 18 0.372
671 92 14 18 0.372
475 6 11 14 0.372
18 19 13 15 0.371
1004 234 15 20 0.370
874 127 14 18 0.367
983 274 16 18 0.366
374 45 13 16 0.362
55 30 14 18 0.362
626 106 14 17 0.361
73 16 11 15 0.360
962 125 12 14 0.359
882 151 13 17 0.359
738 88 13 16 0.358
931 112 11 16 0.358
439 541 21 27 0.357
221 223 15 17 0.356
38 127 15 19 0.355
180 35 13 16 0.355
984 51 11 13 0.350
402 56 13 16 0.350
976 527 19 29 0.349
883 68 12 14 0.347
613 122 15 18 0.346
783 116 13 15 0.345
440 15 14 17 0.342
791 24 10 13 0.341
361 124 12 16 0.338
420 664 37 55 0.336
125 10 12 13 0.335
981 224 15 18 0.332
908 119 12 16 0.324
633 19 12 16 0.321
793 89 10 14 0.320
73 43 12 16 0.318
845 48 12 13 0.315
32 387 22 26 0.312
729 35 10 11 0.311
546 115 15 19 0.310
638 3 11 11 0.309
560 5 12 12 0.304
498 93 14 16 0.303
824 42 11 13 0.301
760 83 12 16 0.299
835 120 12 15 0.293
205 198 15 18 0.284
189 412 29 32 0.284
647 109 14 18 0.282
176 241 14 19 0.280
269 120 15 17 0.279
666 632 29 39 0.279
809 1215 66 96 0.279
448 62 13 18 0.278
832 230 12 15 0.278
699 87 13 15 0.274
855 236 13 17 0.273
648 100 12 15 0.271
296 138 14 22 0.271
384 75 14 19 0.270
855 274 15 19 0.269
96 239 15 19 0.267
833 5 11 13 0.266
756 14 10 12 0.263
935 345 17 18 0.262
0 137 9 21 0.261
517 8 13 15 0.261
833 252 14 18 0.260
748 129 12 16 0.259
453 114 15 17 0.258
430 112 18 21 0.258
400 38 12 14 0.256
948 70 11 15 0.255
820 186 15 19 0.254
506 55 13 17 0.254
862 168 14 16 0.251
973 416 16 21 0.247
494 37 14 15 0.246
994 161 13 17 0.244
864 258 15 18 0.242
900 87 12 14 0.238
83 279 18 20 0.238
873 88 13 15 0.234
615 37 12 16 0.229
160 120 15 19 0.226
524 101 15 18 0.225
516 91 15 17 0.224
8 192 14 21 0.223
844 96 12 16 0.223
57 557 24 33 0.220
919 161 14 19 0.219
767 39 13 17 0.219
680 3 11 11 0.218
127 309 18 22 0.217
140 75 15 19 0.212
588 11 13 15 0.212
993 590 22 31 0.210
794 64 13 16 0.208
923 168 24 17 0.207
19 0 12 13 0.207
604 2 11 13 0.206
344 138 16 18 0.205
751 52 12 16 0.203
125 270 17 22 0.203
1013 54 9 14 0.203
63 165 16 20 0.201
22 272 15 19 0.201
204 228 14 20 0.200
549 75 13 18 0.197
207 74 13 16 0.197
939 129 13 15 0.196
251 311 18 24 0.196
382 29 13 16 0.194
1005 435 17 22 0.194
917 283 15 18 0.193
799 141 15 20 0.191
927 73 13 17 0.189
844 23 11 14 0.187
541 0 13 12 0.185
103 73 14 16 0.182
519 96 16 20 0.179
1002 0 10 9 0.179
923 73 15 15 0.177
870 224 23 19 0.173
900 424 19 24 0.173
0 233 10 20 0.167
388 562 26 37 0.166
364 11 14 14 0.165
842 162 14 16 0.161
647 58 10 13 0.160
1002 504 19 29 0.160
964 19 11 19 0.160
280 37 12 15 0.158
63 38 19 18 0.158
915 646 25 31 0.154
892 486 15 21 0.154
206 224 24 18 0.153
314 54 13 16 0.150
422 0 11 11 0.148
948 52 11 25 0.146
430 63 12 16 0.145
846 98 14 17 0.145
911 594 21 29 0.145
548 49 13 38 0.141
200 299 20 28 0.140
857 68 15 21 0.139
229 83 12 16 0.138
827 4 15 16 0.138
1006 334 15 44 0.137
781 644 28 38 0.137
50 6 12 31 0.135
468 5 20 15 0.135
309 35 12 18 0.134
957 109 13 29 0.134
684 133 13 16 0.134
242 109 13 17 0.133
837 109 13 27 0.132
508 56 16 17 0.132
910 62 9 32 0.130
846 424 14 17 0.130
798 57 15 15 0.129
867 504 20 23 0.129
908 138 14 27 0.129
132 313 19 24 0.128
337 60 11 16 0.128
248 359 22 85 0.128
883 40 14 14 0.127
631 37 13 39 0.126
697 593 20 28 0.126
42 326 17 22 0.125
955 455 18 24 0.121
814 226 13 17 0.120
7 1147 71 113 0.120
555 11 13 29 0.119
677 88 30 16 0.118
933 115 16 26 0.118
85 79 14 20 0.117
507 46 15 29 0.116
487 38 17 17 0.115
608 606 19 26 0.115
208 358 21 27 0.115
73 723 34 44 0.114
709 73 14 15 0.113
125 228 15 20 0.113
442 8 19 19 0.113
586 12 15 26 0.111
971 413 28 28 0.110
24 263 16 23 0.109
497 0 12 17 0.109
949 84 14 22 0.108
999 579 23 34 0.107
824 51 10 34 0.106
441 69 15 44 0.104
433 40 11 36 0.104
803 363 19 23 0.103
950 507 26 26 0.103
735 567 19 23 0.102
821 228 25 16 0.102
580 30 14 26 0.101
547 2 28 14 0.101
221 86 24 17 0.100
946 75 12 27 0.099
592 9 16 24 0.098
944 66 14 23 0.098
183 65 14 18 0.097
836 5 10 34 0.097
1000 116 12 14 0.097
882 267 16 19 0.097
417 20 21 17 0.096
906 45 13 34 0.096
46 202 16 21 0.096
176 32 15 17 0.095
261 80 16 47 0.095
896 96 14 22 0.094
295 4 14 18 0.094
92 272 17 26 0.094
264 0 16 8 0.092
941 0 11 23 0.091
60 560 29 41 0.091
932 6 9 38 0.090
428 21 12 36 0.090
0 862 22 72 0.089
82 240 19 20 0.088
818 505 15 18 0.088
921 360 17 28 0.088
76 49 31 17 0.088
747 17 14 17 0.087
907 538 21 33 0.086
0 130 10 18 0.086
287 186 17 19 0.086
729 562 21 26 0.085
891 172 41 16 0.084
387 514 19 28 0.084
985 134 14 19 0.084
548 553 24 28 0.084
467 52 24 25 0.083
604 122 15 17 0.083
259 311 21 77 0.083
833 278 15 19 0.083
916 165 14 59 0.082
743 65 12 34 0.082
903 16 11 32 0.082
77 576 35 47 0.080
684 116 13 36 0.080
326 55 21 18 0.079
862 265 20 20 0.078
1001 367 18 24 0.078
841 151 24 25 0.078
652 43 14 22 0.078
407 672 48 74 0.078
12 517 23 35 0.077
19 121 18 18 0.077
382 36 33 15 0.076
853 1 21 13 0.075
1007 292 13 92 0.075
283 368 18 23 0.075
914 33 26 20 0.074
756 38 21 21 0.073
218 353 18 23 0.073
881 134 35 23 0.073
948 43 17 35 0.072
852 119 17 19 0.072
932 336 19 38 0.072
778 258 11 19 0.072
802 294 16 18 0.071
38 114 16 19 0.070
183 218 21 20 0.070
64 250 20 25 0.069
580 70 19 17 0.069
788 64 31 16 0.069
792 134 15 51 0.069
947 151 12 16 0.069
820 152 18 23 0.069
643 16 26 22 0.068
998 494 22 28 0.068
137 26 14 22 0.068
88 58 17 33 0.067
905 0 18 18 0.067
659 5 11 34 0.067
264 398 22 29 0.067
17 181 14 18 0.067
134 209 34 19 0.067
831 228 22 36 0.067
954 463 22 27 0.066
215 264 13 19 0.065
240 0 15 12 0.065
138 327 18 23 0.065
121 381 22 25 0.065
703 54 14 113 0.065
725 88 23 18 0.064
818 525 22 29 0.064
192 398 27 33 0.064
985 268 16 19 0.064
444 18 13 41 0.063
45 148 14 20 0.063
120 278 19 25 0.063
13 709 44 52 0.062
814 231 12 26 0.062
808 192 16 18 0.062
346 131 27 20 0.062
987 121 27 16 0.062
718 0 15 11 0.061
518 125 15 22 0.061
903 29 20 23 0.061
188 0 17 11 0.061
812 361 19 24 0.061
326 28 19 39 0.061
956 436 20 58 0.060
276 354 27 35 0.060
913 278 16 22 0.060
982 151 14 24 0.059
201 58 13 113 0.059
827 65 39 13 0.059
177 0 13 11 0.059
881 47 11 37 0.059
917 361 17 20 0.059
835 271 30 24 0.058
327 84 15 22 0.058
555 38 31 18 0.058
974 128 23 22 0.057
848 43 15 16 0.057
184 66 19 23 0.056
878 508 20 25 0.056
446 537 21 26 0.056
11 334 19 39 0.055
423 83 12 16 0.055
31 252 15 22 0.055
1011 439 13 19 0.055
980 189 18 20 0.055
291 46 18 21 0.055
863 291 45 36 0.055
257 0 21 11 0.054
598 53 14 23 0.054
901 517 25 58 0.054
174 223 16 54 0.053
356 118 14 31 0.053
206 211 34 35 0.053
789 623 28 56 0.053
195 390 24 29 0.053
558 136 13 17 0.053
220 79 19 18 0.052
1005 115 12 15 0.052
235 530 25 30 0.052
289 169 16 44 0.052
699 32 19 45 0.052
996 204 21 67 0.052
547 70 26 18 0.052
533 103 33 41 0.051
687 28 14 15 0.051
931 131 20 24 0.051
976 33 17 37 0.051
781 260 38 32 0.050
901 684 22 29 0.050
484 66 14 31 0.049
499 7 17 33 0.049
928 423 17 22 0.049
443 54 15 71 0.048
840 419 14 116 0.048
24 12 31 19 0.048
795 366 32 26 0.048
869 4 36 18 0.048
996 165 13 17 0.048
995 114 15 18 0.047
697 64 24 29 0.047
208 95 33 22 0.047
933 8 20 37 0.047
803 612 24 33 0.047
261 226 16 17 0.047
958 167 14 93 0.047
725 23 13 24 0.047
294 55 15 18 0.046
224 358 16 25 0.046
974 6 12 23 0.046
526 538 40 38 0.046
298 561 25 36 0.046
520 532 29 38 0.046
12 207 14 22 0.046
463 2 14 45 0.046
85 86 14 19 0.046
897 7 13 36 0.046
308 398 18 23 0.045
939 175 16 21 0.045
980 405 21 26 0.044
257 280 19 20 0.044
859 175 14 25 0.044
1002 387 16 29 0.044
697 113 23 20 0.044
820 168 16 71 0.044
1012 364 10 16 0.044
6 274 18 25 0.044
90 164 18 96 0.044
982 163 14 25 0.043
601 600 30 38 0.043
148 14 14 16 0.043
874 110 14 50 0.043
958 18 18 45 0.043
280 212 18 23 0.042
997 560 22 30 0.042
737 558 27 33 0.042
894 323 12 19 0.042
92 55 23 45 0.042
265 96 20 29 0.042
992 387 23 33 0.042
529 67 29 20 0.041
962 10 24 34 0.040
289 189 15 32 0.040
184 267 16 19 0.040
987 35 13 36 0.040
989 661 26 35 0.039
762 70 20 24 0.039
67 191 29 88 0.039
182 30 14 18 0.039
751 682 44 53 0.039
815 500 15 20 0.039
702 537 24 34 0.038
927 371 18 24 0.038
97 284 25 24 0.038
831 141 22 19 0.038
767 96 23 26 0.038
500 89 23 31 0.038
673 97 32 25 0.037
890 522 27 26 0.037
98 5 22 65 0.037
965 510 27 35 0.037
665 538 21 25 0.037
703 8 13 27 0.037
958 319 16 21 0.037
373 662 72 85 0.037
843 448 19 24 0.037
920 222 14 19 0.037
933 389 15 23 0.037
873 120 47 21 0.036
81 218 18 28 0.036
981 65 17 27 0.036
993 323 20 20 0.036
23 102 32 52 0.036
184 41 13 34 0.036
67 577 31 46 0.035
640 0 30 17 0.035
92 194 14 20 0.035
260 125 14 31 0.035
856 293 16 19 0.035
992 149 16 37 0.034
575 511 15 19 0.034
73 335 17 23 0.034
964 473 26 28 0.034
865 499 18 21 0.034
183 74 19 29 0.034
840 485 30 87 0.034
83 69 14 18 0.034
915 547 18 28 0.034
770 638 36 49 0.033
185 250 18 23 0.033
736 67 16 54 0.033
209 257 21 27 0.033
222 114 19 17 0.033
454 87 19 19 0.033
45 30 19 17 0.033
824 201 13 17 0.032
934 116 16 108 0.032
613 83 24 79 0.032
100 134 13 16 0.032
986 593 21 30 0.032
982 375 20 75 0.032
936 19 22 39 0.031
991 424 30 24 0.031
324 93 17 20 0.031
901 450 20 24 0.031
892 624 22 28 0.031
824 285 20 20 0.031
881 33 32 22 0.031
338 136 17 18 0.030
440 59 22 104 0.030
1004 395 16 29 0.029
437 552 20 27 0.029
77 115 17 20 0.029
223 18 15 24 0.029
284 279 19 23 0.029
924 0 21 32 0.029
602 508 20 22 0.029
37 714 44 48 0.029
1009 77 11 22 0.029
808 168 19 21 0.029
120 871 72 83 0.028
3 1080 75 152 0.028
425 667 43 69 0.028
664 116 23 23 0.028
800 362 16 20 0.028
9 249 30 48 0.028
922 645 28 35 0.028
663 55 24 85 0.028
400 507 22 29 0.027
286 114 19 35 0.027
387 577 28 43 0.027
163 89 18 27 0.027
76 26 19 36 0.027
798 7 22 19 0.027
884 39 22 50 0.027
271 50 12 16 0.026
872 583 17 23 0.026
642 114 32 20 0.026
572 623 30 34 0.026
140 506 21 26 0.026
119 152 17 19 0.026
167 269 25 16 0.025
1004 445 18 22 0.025
708 532 23 34 0.025
247 279 24 68 0.025
832 314 17 27 0.025
794 592 29 53 0.025
84 77 16 41 0.025
210 295 26 36 0.025
699 1 29 19 0.024
1010 28 9 38 0.024
682 577 38 92 0.024
872 179 18 34 0.024
83 180 14 20 0.024
682 0 14 39 0.024
941 168 18 17 0.024
199 190 17 22 0.024
641 69 35 84 0.024
851 417 21 21 0.024
45 0 20 68 0.023
221 0 20 17 0.023
70 330 23 40 0.023
483 3 15 130 0.023
579 508 18 20 0.023
901 593 28 64 0.023
294 356 25 32 0.023
46 170 17 23 0.023
901 357 33 108 0.023
275 415 20 29 0.023
1004 239 16 20 0.023
981 538 20 28 0.023
869 623 36 32 0.023
888 452 20 22 0.023
876 577 17 24 0.022
49 177 15 34 0.022
757 644 47 58 0.022
164 121 15 19 0.022
367 97 23 19 0.022
895 681 35 42 0.022
984 7 25 36 0.022
555 82 25 26 0.022
866 625 23 28 0.022
498 578 25 33 0.022
274 59 15 26 0.022
9 325 19 29 0.022
486 98 18 23 0.021
931 458 18 23 0.021
229 159 16 21 0.021
838 82 13 131 0.021
975 102 21 19 0.021
776 284 16 25 0.021
962 253 16 31 0.020
788 231 59 66 0.020
