20_Family_Group_Family_Group_20_672
93
803 282 38 50 0.832
213 303 42 52 0.826
108 487 39 48 0.826
870 309 40 52 0.825
238 493 39 46 0.820
754 345 43 54 0.819
168 492 37 45 0.818
191 223 38 46 0.816
437 155 34 45 0.814
144 271 34 49 0.813
643 240 33 43 0.810
310 253 36 44 0.809
372 349 40 45 0.808
276 291 38 48 0.807
608 211 35 45 0.805
748 229 37 45 0.805
304 143 35 44 0.804
809 901 26 34 0.799
254 1024 25 32 0.797
362 221 32 40 0.796
562 269 39 54 0.791
572 486 43 51 0.789
508 202 37 45 0.786
281 214 34 40 0.786
474 268 41 45 0.785
714 184 31 42 0.783
450 1027 28 36 0.780
358 276 40 47 0.779
569 877 29 37 0.778
679 867 27 35 0.778
740 888 27 36 0.777
310 867 29 35 0.776
425 269 39 45 0.776
104 265 40 53 0.775
306 821 27 35 0.774
109 948 26 32 0.774
402 233 30 38 0.772
688 273 42 51 0.772
663 143 34 40 0.770
855 846 27 36 0.767
428 837 27 34 0.767
132 871 24 31 0.766
826 843 27 34 0.766
205 862 27 35 0.764
740 1046 26 32 0.762
357 848 26 34 0.762
350 1027 30 34 0.759
608 846 26 33 0.756
456 830 27 35 0.753
647 1036 27 33 0.744
89 863 28 32 0.738
263 873 27 35 0.737
496 838 27 35 0.731
679 184 28 36 0.721
819 1046 27 31 0.716
539 210 28 41 0.713
589 348 36 43 0.683
735 844 26 31 0.679
392 878 28 31 0.675
553 828 26 32 0.664
651 848 25 32 0.642
785 871 25 35 0.587
163 1036 27 31 0.576
772 882 24 35 0.463
155 1120 27 31 0.370
502 920 20 22 0.347
508 947 23 27 0.298
591 362 32 36 0.275
775 876 29 36 0.253
233 868 22 27 0.247
370 228 62 38 0.220
164 1047 26 26 0.202
525 210 35 43 0.131
504 916 21 59 0.127
508 1027 33 32 0.083
478 393 26 27 0.079
686 244 31 37 0.057
517 1035 27 27 0.055
604 472 33 42 0.049
776 869 25 31 0.046
539 883 23 27 0.044
213 924 24 28 0.043
444 802 23 28 0.042
656 803 21 25 0.033
407 797 23 26 0.031
262 860 24 28 0.026
722 907 20 26 0.026
576 598 25 27 0.026
499 1022 27 34 0.025
154 1133 23 27 0.024
392 945 24 26 0.023
517 821 23 28 0.023
306 932 22 24 0.021
