20_Family_Group_Family_Group_20_62
25
762 185 36 45 0.875
241 218 39 49 0.869
628 167 35 48 0.864
335 130 35 45 0.861
716 140 35 44 0.861
107 105 39 47 0.858
448 165 36 47 0.857
241 124 34 45 0.856
630 386 32 35 0.853
538 166 33 46 0.851
866 204 39 51 0.849
308 174 36 45 0.843
560 308 34 43 0.843
443 244 37 44 0.842
190 163 40 49 0.842
645 307 32 40 0.836
839 150 33 44 0.824
415 137 35 46 0.822
515 134 32 41 0.821
366 206 30 35 0.803
623 125 32 42 0.801
725 236 27 32 0.751
971 104 11 15 0.334
635 6 19 22 0.029
629 7 17 19 0.022
