45_Balloonist_Balloonist_45_838
36
125 371 39 48 0.847
727 373 38 45 0.846
832 353 36 40 0.843
190 384 32 39 0.842
907 361 34 39 0.841
609 377 38 50 0.840
526 385 31 37 0.839
459 381 35 45 0.838
787 314 31 40 0.837
277 334 32 36 0.828
492 348 31 38 0.821
642 346 29 36 0.818
712 339 31 38 0.818
352 393 33 40 0.817
538 238 27 33 0.816
279 212 26 34 0.810
463 223 29 36 0.806
180 244 34 42 0.802
818 239 30 34 0.802
590 238 25 30 0.801
488 285 28 35 0.801
840 304 31 36 0.801
690 226 26 33 0.800
186 310 34 36 0.800
408 349 30 36 0.797
652 253 28 30 0.794
763 280 29 33 0.794
732 235 25 30 0.786
458 282 27 32 0.783
567 369 29 33 0.748
33 222 20 23 0.736
281 300 29 32 0.729
235 383 42 51 0.728
203 233 25 31 0.610
858 274 22 27 0.323
5 219 9 20 0.025
