45_Balloonist_Balloonist_45_692
89
819 735 30 33 0.774
949 720 12 16 0.615
930 713 11 12 0.474
881 722 8 9 0.468
682 740 12 13 0.447
704 723 9 12 0.429
977 733 12 17 0.332
907 722 8 11 0.326
383 729 8 9 0.286
107 734 10 12 0.282
39 720 7 9 0.238
194 720 12 15 0.206
198 723 10 12 0.144
940 692 7 9 0.140
403 732 9 10 0.125
13 728 7 9 0.125
617 162 23 22 0.121
987 757 11 11 0.107
1001 726 11 14 0.106
287 726 9 9 0.103
766 727 10 11 0.092
238 747 15 20 0.091
900 723 12 12 0.086
416 711 8 9 0.081
125 727 8 12 0.079
506 705 8 9 0.077
1005 714 9 10 0.074
880 720 10 13 0.073
417 141 53 77 0.064
203 725 10 12 0.062
705 179 21 25 0.062
533 730 7 8 0.060
481 713 7 9 0.060
904 720 12 15 0.058
88 733 13 13 0.056
530 728 9 8 0.055
1 715 8 10 0.055
661 174 23 24 0.050
150 734 18 23 0.050
441 723 7 9 0.049
614 735 10 10 0.046
658 714 7 9 0.044
400 731 10 14 0.042
706 721 10 12 0.042
190 718 13 16 0.041
557 723 8 9 0.040
985 736 17 31 0.039
397 714 8 9 0.039
350 723 10 12 0.039
36 727 7 13 0.038
897 719 27 14 0.038
616 716 7 9 0.037
39 717 7 9 0.037
240 727 11 10 0.036
996 722 17 23 0.036
0 735 7 12 0.036
983 751 13 16 0.035
50 726 14 10 0.034
661 726 9 12 0.032
971 737 13 18 0.032
853 738 21 27 0.032
89 726 11 12 0.031
381 727 12 13 0.031
585 739 10 10 0.030
336 719 10 11 0.029
616 712 7 20 0.029
621 732 10 12 0.028
607 734 9 18 0.027
85 738 11 12 0.025
755 713 11 11 0.024
145 727 9 9 0.024
780 705 7 9 0.024
922 719 10 12 0.024
883 705 9 17 0.024
636 707 7 12 0.024
992 744 16 19 0.023
233 728 10 9 0.023
891 738 10 12 0.022
779 720 10 12 0.022
615 157 20 22 0.022
193 714 11 14 0.022
374 710 7 9 0.022
594 724 9 10 0.022
762 724 14 16 0.021
86 732 26 17 0.021
783 714 7 16 0.021
352 724 22 12 0.020
285 725 12 15 0.020
143 724 14 19 0.020
