16_Award_Ceremony_Awards_Ceremony_16_4
67
908 268 13 18 0.524
853 277 19 28 0.262
77 341 17 36 0.256
372 301 13 22 0.233
40 260 10 13 0.226
629 263 9 10 0.202
945 271 16 19 0.199
1008 274 16 34 0.193
848 273 17 26 0.186
955 266 14 19 0.155
724 261 9 11 0.142
16 254 11 13 0.142
540 234 7 7 0.125
84 260 14 18 0.122
859 281 16 23 0.114
128 275 6 8 0.114
151 276 8 9 0.108
827 263 9 11 0.095
1014 238 9 13 0.092
0 279 10 16 0.091
946 275 13 19 0.090
90 262 11 15 0.079
77 259 16 19 0.076
722 264 9 10 0.072
298 277 9 11 0.072
198 266 8 8 0.069
381 280 10 13 0.055
459 297 10 13 0.054
154 277 8 9 0.051
750 264 10 11 0.050
11 248 15 18 0.048
895 294 16 27 0.048
455 279 9 12 0.046
259 272 7 8 0.045
856 260 9 13 0.043
775 286 13 22 0.042
767 344 23 26 0.042
542 234 6 7 0.040
147 276 7 7 0.040
0 250 13 20 0.039
782 270 9 13 0.037
727 261 7 9 0.036
731 283 11 16 0.035
674 254 6 8 0.034
1011 231 12 50 0.034
402 279 7 10 0.033
823 282 12 19 0.032
537 279 7 9 0.031
823 270 11 21 0.030
293 271 8 9 0.029
575 284 10 14 0.028
466 245 7 8 0.028
458 286 11 24 0.026
303 297 9 17 0.026
0 264 14 37 0.025
5 240 12 13 0.025
730 273 11 22 0.024
710 263 9 9 0.024
217 298 12 18 0.023
18 256 42 17 0.023
770 289 16 27 0.023
467 247 7 10 0.022
824 262 12 17 0.022
742 266 13 12 0.021
342 265 6 8 0.021
289 269 8 8 0.021
330 266 7 9 0.020
