16_Award_Ceremony_Awards_Ceremony_16_141
25
187 276 36 48 0.833
391 237 44 54 0.821
92 258 37 54 0.817
138 259 39 54 0.810
345 246 39 57 0.802
544 298 25 36 0.791
568 312 24 33 0.786
635 321 23 30 0.785
16 243 39 60 0.759
605 310 24 36 0.752
0 229 37 62 0.719
455 255 38 50 0.686
433 256 37 52 0.494
502 286 24 35 0.476
284 53 42 75 0.341
496 283 23 35 0.290
31 306 26 38 0.180
510 292 20 29 0.150
428 271 33 46 0.064
437 281 31 41 0.056
487 288 26 42 0.046
483 305 25 33 0.035
511 282 15 21 0.029
468 262 34 40 0.023
448 284 28 37 0.021
