49_Greeting_peoplegreeting_49_894
33
482 242 52 68 0.873
929 253 46 56 0.828
712 251 50 66 0.820
90 257 44 65 0.813
781 261 51 60 0.807
415 291 51 72 0.782
774 383 55 64 0.779
49 281 51 78 0.770
557 286 48 79 0.753
903 267 37 51 0.732
1004 276 20 40 0.612
276 241 29 63 0.398
2 250 12 17 0.246
831 252 35 51 0.245
564 314 46 58 0.152
684 283 26 43 0.105
213 241 29 65 0.070
974 208 10 12 0.066
923 189 9 10 0.049
940 188 10 11 0.048
922 221 9 10 0.047
935 211 7 9 0.042
648 258 43 56 0.040
839 198 9 11 0.040
100 240 41 68 0.039
984 181 10 12 0.038
867 190 9 11 0.037
791 216 8 9 0.035
817 492 66 105 0.029
550 436 33 73 0.029
110 228 36 51 0.027
827 241 33 52 0.023
633 261 37 50 0.021
