49_Greeting_peoplegreeting_49_53
30
327 643 71 94 0.835
771 668 70 91 0.818
435 336 57 73 0.817
219 333 47 73 0.809
798 399 60 77 0.807
705 292 39 60 0.787
346 335 46 66 0.786
666 215 48 65 0.778
568 171 42 62 0.774
86 390 56 75 0.769
171 283 41 64 0.743
825 330 45 62 0.729
329 224 45 68 0.715
109 344 50 73 0.669
851 284 41 61 0.666
226 218 39 59 0.653
234 261 38 55 0.631
687 381 49 68 0.541
223 138 27 35 0.222
359 0 25 12 0.130
0 79 26 61 0.106
690 164 25 38 0.079
562 1 29 41 0.055
766 375 33 55 0.049
239 196 48 62 0.037
249 174 38 56 0.032
773 378 49 71 0.031
400 0 26 9 0.028
500 261 38 44 0.027
515 282 37 45 0.026
