5_Car_Accident_Accident_5_642
30
57 672 15 18 0.665
582 744 14 16 0.570
492 618 14 17 0.486
538 744 13 16 0.426
806 714 21 28 0.424
709 764 18 20 0.412
477 718 12 15 0.376
697 742 18 19 0.371
637 749 15 16 0.213
572 666 9 10 0.190
755 638 10 10 0.159
367 724 12 17 0.151
752 637 8 10 0.143
310 729 20 22 0.129
495 623 17 21 0.115
546 764 10 13 0.099
505 642 15 17 0.093
613 657 10 14 0.087
703 756 20 22 0.075
615 661 10 13 0.060
696 735 18 20 0.056
610 649 10 12 0.048
543 757 12 20 0.046
810 716 25 31 0.043
611 661 10 14 0.028
715 750 19 21 0.025
633 752 16 17 0.024
609 644 11 13 0.021
542 744 12 15 0.021
300 728 19 20 0.020
