5_Car_Accident_Car_Crash_5_51
25
771 268 18 22 0.771
518 235 13 15 0.378
745 266 16 22 0.242
835 244 12 17 0.190
464 333 28 29 0.164
278 242 9 11 0.131
709 255 20 25 0.117
110 245 8 9 0.089
950 254 21 27 0.058
735 262 25 28 0.054
247 238 10 8 0.044
78 242 7 8 0.043
113 226 7 9 0.041
364 248 9 10 0.040
195 247 8 8 0.036
360 247 10 10 0.033
252 236 9 12 0.031
292 223 7 7 0.030
713 264 19 22 0.029
121 246 7 8 0.027
256 234 7 8 0.027
705 251 19 22 0.026
832 246 11 17 0.026
259 245 7 9 0.024
200 249 16 9 0.022
