5_Car_Accident_Accident_5_460
51
113 312 21 25 0.709
63 312 14 18 0.520
236 306 13 16 0.438
217 97 7 9 0.422
128 291 13 14 0.371
184 312 11 15 0.360
389 127 7 9 0.349
253 105 8 9 0.333
464 134 7 9 0.320
319 113 7 8 0.301
272 314 10 13 0.297
211 312 11 15 0.296
344 114 6 7 0.280
425 134 6 8 0.250
2 290 14 24 0.247
153 308 12 17 0.192
866 365 12 15 0.189
287 314 11 14 0.164
47 71 11 16 0.163
918 351 11 14 0.148
215 312 11 14 0.124
48 69 10 10 0.124
427 135 6 7 0.115
317 326 10 15 0.109
973 350 9 10 0.087
270 315 26 13 0.084
386 127 7 9 0.074
46 78 11 15 0.066
185 315 11 14 0.062
317 318 10 12 0.054
255 315 16 14 0.052
208 109 11 15 0.047
307 344 12 13 0.045
317 331 12 15 0.044
390 133 7 9 0.044
424 308 13 15 0.041
153 311 48 16 0.041
0 359 8 19 0.041
45 66 11 13 0.038
158 308 11 16 0.037
342 114 6 8 0.037
921 354 12 14 0.034
316 115 6 8 0.033
188 310 10 14 0.031
149 305 13 18 0.031
34 310 18 19 0.029
208 114 12 13 0.026
892 364 14 15 0.025
259 313 9 12 0.025
164 300 14 19 0.022
214 95 11 16 0.021
