5_Car_Accident_Accident_5_474
39
242 119 20 25 0.754
801 144 19 23 0.752
347 140 17 24 0.742
554 136 17 23 0.735
622 139 22 24 0.647
589 151 20 24 0.542
840 140 16 21 0.494
609 149 15 20 0.461
132 102 27 30 0.381
297 145 18 21 0.320
696 133 16 26 0.278
622 130 21 24 0.255
292 169 20 27 0.154
139 101 28 34 0.140
303 149 14 19 0.138
294 140 18 21 0.125
629 134 21 27 0.125
400 139 13 21 0.123
833 142 17 20 0.102
295 148 18 24 0.077
72 166 28 28 0.075
283 139 17 18 0.065
500 126 19 26 0.060
467 81 22 25 0.047
401 130 15 25 0.043
130 109 20 23 0.043
581 142 19 23 0.042
151 101 26 34 0.039
845 140 19 22 0.036
288 137 21 20 0.032
506 124 15 23 0.032
960 184 10 12 0.031
127 101 25 25 0.031
622 125 17 21 0.031
713 133 18 24 0.030
171 100 33 34 0.023
66 166 23 26 0.022
770 146 14 19 0.022
406 122 18 28 0.021
