11_Meeting_Meeting_11_Meeting_Meeting_11_560
41
323 426 38 42 0.828
90 498 40 54 0.826
757 429 39 53 0.821
669 412 26 33 0.808
561 401 24 30 0.808
198 418 28 33 0.806
2 463 34 45 0.805
833 440 33 51 0.803
192 572 51 70 0.795
526 415 23 33 0.781
444 415 23 30 0.775
398 407 22 29 0.766
239 407 23 29 0.760
608 415 22 28 0.759
488 400 22 30 0.750
82 454 31 36 0.733
744 395 22 29 0.726
543 389 19 22 0.714
460 396 22 27 0.711
84 684 41 78 0.699
358 421 20 30 0.692
701 413 18 24 0.691
356 393 22 27 0.681
643 396 22 28 0.679
412 388 19 23 0.673
498 384 21 27 0.633
813 384 22 25 0.534
627 396 18 24 0.414
187 511 33 42 0.410
748 391 24 28 0.121
760 390 20 24 0.068
791 408 21 30 0.040
5 189 8 11 0.034
350 397 25 28 0.033
456 393 20 24 0.026
798 530 23 53 0.024
783 197 10 13 0.023
168 518 42 41 0.021
259 693 41 65 0.021
335 390 18 22 0.021
235 463 28 32 0.020
