11_Meeting_Meeting_11_Meeting_Meeting_11_529
23
9 309 56 73 0.850
666 466 70 82 0.848
539 347 66 85 0.845
633 281 51 66 0.842
845 409 78 92 0.838
66 230 34 40 0.836
173 303 44 56 0.827
828 314 53 67 0.826
460 280 48 58 0.826
420 121 36 46 0.816
13 245 46 59 0.776
355 400 43 62 0.769
729 293 31 38 0.737
775 290 31 39 0.573
287 287 33 36 0.432
527 522 81 67 0.198
513 466 42 72 0.197
113 297 28 35 0.154
295 429 46 67 0.044
376 309 38 44 0.043
785 291 21 28 0.027
771 300 30 36 0.024
678 292 21 34 0.020
