11_Meeting_Meeting_11_Meeting_Meeting_11_774
373
13 602 51 57 0.808
403 435 23 32 0.772
348 418 17 21 0.767
568 473 21 25 0.766
498 420 19 25 0.763
235 410 17 21 0.758
449 435 20 25 0.756
742 395 17 22 0.753
599 441 22 28 0.743
300 421 19 26 0.713
392 410 16 20 0.704
598 404 14 20 0.703
709 413 17 21 0.697
766 389 15 20 0.696
272 401 18 22 0.687
194 372 14 18 0.677
801 372 14 18 0.674
474 390 16 21 0.673
410 359 12 16 0.658
783 298 10 12 0.653
830 308 10 13 0.641
885 322 13 16 0.635
454 378 11 15 0.627
13 95 8 10 0.623
251 379 13 18 0.618
791 351 12 14 0.616
331 351 9 11 0.615
843 363 12 14 0.613
110 376 10 12 0.602
649 450 15 21 0.600
481 369 10 14 0.599
127 387 14 17 0.593
67 378 13 16 0.592
398 386 12 15 0.590
509 363 12 14 0.589
627 393 13 18 0.586
426 405 16 19 0.583
741 355 11 14 0.581
424 385 13 15 0.576
103 354 13 16 0.575
109 307 9 10 0.562
830 391 14 17 0.561
271 348 12 15 0.559
285 369 12 14 0.557
146 364 11 14 0.553
297 387 15 19 0.553
481 353 10 12 0.552
508 388 15 20 0.552
652 360 13 15 0.551
522 349 9 11 0.551
133 350 11 14 0.549
819 373 12 17 0.547
538 467 25 30 0.542
716 367 15 18 0.529
349 368 12 16 0.527
230 374 12 16 0.517
564 339 9 12 0.515
524 305 7 9 0.513
94 100 7 9 0.511
108 335 10 12 0.509
358 340 11 13 0.507
101 393 12 15 0.503
531 335 8 10 0.491
325 332 8 11 0.488
216 303 6 8 0.484
545 343 9 11 0.484
661 433 16 23 0.482
183 110 7 8 0.477
391 328 8 10 0.472
39 97 7 9 0.471
441 335 9 11 0.467
944 327 12 13 0.463
175 358 14 17 0.460
645 298 9 11 0.452
418 301 7 9 0.449
372 293 6 7 0.449
201 345 12 14 0.447
577 356 10 11 0.445
760 44 10 13 0.443
715 302 8 10 0.433
66 349 11 13 0.430
459 352 10 13 0.424
732 345 11 13 0.424
165 117 7 8 0.422
376 345 11 13 0.416
157 342 11 14 0.415
706 350 11 12 0.409
322 372 14 16 0.408
375 367 12 15 0.406
659 387 14 17 0.400
68 105 7 9 0.398
335 297 7 8 0.390
302 340 10 13 0.380
618 345 10 14 0.376
247 361 11 14 0.376
461 333 9 11 0.371
363 402 15 17 0.367
669 308 8 11 0.352
798 45 9 12 0.351
566 377 12 16 0.342
211 329 8 10 0.341
904 379 14 18 0.330
232 363 12 14 0.324
117 110 8 9 0.319
480 328 8 9 0.318
336 397 17 19 0.317
343 395 15 19 0.311
238 338 11 12 0.310
420 335 9 11 0.306
605 371 12 15 0.306
254 339 10 15 0.303
368 328 9 10 0.301
157 338 10 12 0.300
498 346 10 10 0.296
431 353 11 16 0.296
231 112 6 7 0.295
651 443 18 25 0.290
69 365 12 13 0.286
141 114 7 9 0.283
706 54 9 11 0.281
245 324 8 9 0.277
70 105 8 9 0.277
184 390 12 20 0.276
613 373 12 15 0.274
632 345 9 12 0.272
128 331 9 11 0.264
303 350 10 14 0.253
346 320 7 9 0.252
413 321 9 10 0.251
0 374 13 16 0.248
277 334 9 11 0.231
430 437 16 23 0.227
315 111 6 8 0.209
581 384 12 17 0.206
601 344 9 11 0.202
263 323 8 9 0.201
214 127 7 8 0.194
526 419 13 17 0.191
186 332 9 12 0.190
1 114 7 8 0.187
279 335 9 11 0.187
130 382 16 18 0.185
858 411 13 16 0.182
418 437 28 26 0.172
570 378 16 17 0.166
203 341 13 17 0.157
157 389 13 16 0.154
388 107 7 8 0.154
145 376 11 18 0.153
209 422 12 17 0.153
167 86 6 7 0.153
141 112 7 8 0.152
431 430 17 24 0.151
229 352 10 12 0.149
313 322 9 10 0.149
0 394 10 15 0.143
495 344 11 13 0.140
823 378 13 19 0.138
672 49 10 11 0.136
426 391 15 42 0.136
229 125 8 10 0.132
293 128 8 8 0.131
127 375 14 37 0.129
184 335 9 26 0.129
11 344 10 13 0.126
280 135 6 8 0.126
669 402 13 20 0.123
459 356 11 13 0.121
62 351 12 13 0.120
623 343 15 16 0.117
74 105 7 9 0.117
281 132 7 9 0.116
306 357 15 17 0.113
300 333 9 20 0.113
415 322 9 19 0.112
618 376 11 15 0.112
480 324 8 22 0.112
68 346 10 12 0.112
252 137 8 11 0.110
351 93 6 7 0.107
379 347 10 13 0.102
625 378 15 39 0.102
405 340 10 13 0.100
297 325 8 10 0.099
469 388 17 20 0.097
248 130 10 9 0.096
251 140 7 9 0.096
255 331 11 21 0.094
541 413 16 20 0.093
106 347 11 40 0.093
236 338 25 12 0.091
481 352 11 22 0.091
216 128 8 8 0.090
704 52 9 11 0.090
346 321 9 26 0.089
533 415 20 19 0.088
115 322 8 11 0.087
666 405 14 21 0.085
645 58 9 12 0.084
483 327 8 8 0.083
437 334 25 11 0.083
358 380 14 16 0.083
815 344 11 13 0.083
1 127 8 10 0.081
705 285 8 9 0.080
251 134 7 16 0.080
340 103 6 10 0.080
469 95 7 8 0.078
367 399 14 18 0.077
0 376 12 25 0.076
539 340 14 14 0.075
272 386 12 15 0.074
544 460 20 29 0.072
1 353 12 15 0.071
361 386 13 29 0.070
634 348 11 16 0.070
842 6 9 11 0.070
903 385 13 16 0.070
714 337 28 72 0.069
626 297 8 10 0.067
672 436 15 18 0.067
571 410 17 23 0.066
615 344 19 16 0.066
244 321 7 30 0.065
796 358 17 28 0.065
390 109 8 8 0.064
347 355 13 40 0.064
608 66 10 11 0.063
37 109 8 9 0.063
625 300 7 10 0.063
760 51 11 13 0.062
426 97 8 7 0.061
275 389 15 25 0.061
701 370 13 17 0.060
698 369 12 16 0.060
562 377 12 15 0.059
479 328 12 66 0.057
177 129 7 8 0.057
213 128 23 7 0.056
527 334 10 15 0.056
399 334 12 98 0.056
684 66 8 11 0.055
564 425 20 29 0.053
158 333 12 11 0.052
154 386 28 24 0.052
1 120 8 20 0.052
32 332 11 13 0.051
406 338 21 19 0.050
563 412 22 24 0.050
460 329 9 9 0.049
444 90 7 8 0.048
576 404 15 23 0.048
154 396 15 23 0.048
51 136 7 8 0.047
830 312 12 16 0.047
320 130 6 7 0.047
50 363 12 20 0.047
627 293 15 14 0.047
655 356 12 17 0.047
110 330 19 18 0.046
416 333 23 15 0.046
366 312 7 28 0.046
264 113 7 9 0.045
854 413 14 15 0.042
701 290 9 11 0.042
358 324 19 30 0.042
311 319 23 15 0.042
703 282 12 23 0.041
517 92 7 9 0.040
568 83 8 10 0.040
645 63 10 11 0.040
836 329 10 14 0.039
380 374 13 19 0.039
558 361 10 14 0.039
366 329 23 48 0.039
256 122 12 20 0.039
817 344 13 14 0.038
214 303 6 8 0.038
5 342 15 24 0.038
221 328 26 20 0.038
525 403 14 19 0.037
529 475 27 24 0.037
493 109 7 7 0.037
435 320 17 9 0.037
184 384 14 20 0.037
471 94 7 8 0.037
529 383 12 15 0.037
235 141 7 8 0.037
278 129 26 8 0.036
511 87 7 8 0.036
400 385 19 15 0.035
830 337 13 20 0.035
107 328 11 16 0.035
220 312 12 32 0.035
569 426 19 22 0.035
517 385 17 23 0.035
669 390 12 18 0.034
137 122 13 11 0.034
213 398 14 16 0.033
47 371 12 16 0.033
28 308 11 14 0.033
663 314 12 12 0.033
335 117 6 20 0.032
608 336 11 12 0.032
260 114 9 16 0.032
323 332 13 14 0.032
36 336 11 12 0.032
232 324 27 9 0.032
151 408 16 20 0.031
305 376 23 24 0.031
144 332 24 79 0.031
232 122 10 26 0.031
794 45 9 13 0.031
754 371 13 17 0.031
128 332 11 20 0.030
720 323 9 12 0.030
182 339 18 17 0.030
621 396 16 20 0.030
304 391 12 19 0.029
131 109 10 8 0.029
365 311 7 15 0.029
688 343 10 13 0.029
760 58 10 12 0.028
442 320 13 11 0.028
610 334 16 11 0.028
559 469 24 26 0.027
39 103 24 10 0.027
39 119 10 20 0.027
219 332 14 16 0.027
133 310 12 88 0.027
211 124 11 17 0.027
829 346 11 14 0.026
12 111 9 13 0.026
294 391 18 20 0.026
295 124 7 8 0.026
652 343 11 16 0.026
304 262 7 7 0.025
911 50 9 12 0.025
12 338 16 18 0.025
638 286 8 8 0.025
185 329 9 9 0.024
11 117 14 13 0.024
693 58 14 12 0.024
154 329 31 53 0.023
535 387 16 17 0.023
642 294 11 14 0.023
12 336 12 16 0.023
281 322 16 8 0.023
438 413 14 20 0.023
781 335 10 14 0.023
91 385 12 15 0.023
476 321 13 143 0.023
569 336 17 40 0.023
856 407 14 17 0.023
118 116 11 9 0.022
318 112 7 6 0.022
533 362 10 15 0.022
603 317 28 74 0.022
373 152 7 7 0.022
341 97 7 7 0.022
412 105 8 8 0.021
627 384 14 52 0.021
438 91 14 9 0.021
331 397 14 18 0.021
718 315 10 19 0.021
818 345 16 43 0.021
888 344 12 15 0.021
298 157 7 8 0.021
594 77 10 11 0.021
775 343 12 14 0.020
253 93 7 8 0.020
308 317 13 39 0.020
276 299 20 122 0.020
