11_Meeting_Meeting_11_Meeting_Meeting_11_574
129
956 332 37 43 0.822
850 295 29 35 0.815
304 257 17 22 0.808
262 298 22 29 0.800
713 321 31 38 0.800
198 291 22 28 0.774
802 264 21 29 0.772
349 301 22 28 0.767
688 261 19 26 0.759
400 278 19 23 0.757
640 285 24 30 0.755
357 257 16 22 0.753
971 289 32 34 0.752
455 220 15 20 0.737
865 241 19 23 0.726
510 237 13 18 0.726
534 244 15 21 0.721
435 217 14 19 0.717
123 295 21 25 0.716
495 224 14 18 0.706
729 240 15 19 0.699
45 336 42 71 0.698
483 259 18 24 0.697
515 207 13 18 0.661
741 288 25 30 0.658
753 218 13 17 0.651
659 205 11 15 0.650
588 193 11 15 0.641
592 231 13 16 0.635
771 208 12 15 0.635
873 216 15 18 0.631
805 236 15 18 0.627
626 219 11 14 0.620
553 232 15 19 0.620
354 235 16 19 0.618
783 255 19 26 0.593
920 195 11 14 0.572
556 198 10 14 0.546
952 259 18 24 0.544
931 204 14 17 0.527
926 220 16 19 0.525
784 208 11 15 0.523
127 55 19 31 0.520
400 253 17 21 0.500
612 200 11 13 0.473
635 187 9 12 0.460
603 192 12 14 0.438
823 210 12 15 0.432
528 207 11 14 0.431
561 197 13 16 0.428
820 188 10 12 0.422
468 244 15 18 0.406
413 237 15 19 0.400
569 199 11 16 0.388
304 133 11 16 0.382
707 189 10 14 0.377
569 209 13 16 0.376
706 251 17 21 0.367
694 194 10 13 0.357
643 192 12 13 0.337
942 234 17 18 0.315
833 231 15 19 0.229
665 186 10 13 0.215
883 194 10 12 0.202
545 224 13 15 0.202
678 192 11 14 0.200
548 228 16 21 0.197
771 207 27 14 0.196
405 243 17 22 0.191
833 196 12 15 0.188
401 258 17 48 0.176
624 271 17 22 0.165
646 220 10 13 0.157
793 194 8 10 0.147
703 182 10 12 0.137
614 187 9 12 0.134
637 244 15 18 0.131
823 204 15 27 0.113
786 252 17 20 0.112
608 193 14 21 0.112
637 186 12 14 0.106
665 185 9 9 0.097
676 235 15 16 0.095
690 192 25 16 0.094
927 192 15 54 0.093
690 312 20 28 0.080
957 242 15 25 0.078
705 185 12 15 0.077
746 216 41 18 0.070
692 173 9 10 0.070
735 230 13 17 0.065
701 316 38 36 0.063
847 205 11 15 0.059
735 290 22 27 0.056
559 192 41 26 0.051
830 225 16 24 0.049
822 191 22 12 0.049
686 177 10 13 0.048
872 208 15 18 0.048
805 203 12 22 0.046
377 152 8 10 0.044
770 261 15 20 0.044
200 146 11 13 0.041
736 226 13 16 0.040
807 195 17 17 0.039
567 196 12 12 0.036
664 184 18 35 0.035
529 203 9 13 0.034
745 256 14 20 0.034
604 207 13 18 0.032
884 292 17 22 0.032
936 235 18 20 0.031
726 235 16 19 0.030
140 156 10 11 0.030
799 217 13 15 0.029
759 177 8 10 0.027
838 188 8 10 0.027
0 349 25 59 0.027
790 191 9 10 0.027
803 214 13 19 0.027
556 196 10 12 0.027
451 218 15 20 0.024
886 194 10 13 0.024
961 242 15 19 0.024
614 226 11 16 0.024
895 212 14 16 0.022
927 205 19 25 0.021
619 187 25 15 0.021
483 190 27 128 0.020
