11_Meeting_Meeting_11_Meeting_Meeting_11_587
254
222 314 17 25 0.775
805 320 15 23 0.736
723 296 15 20 0.696
590 302 15 19 0.696
418 307 16 20 0.685
960 238 12 15 0.684
544 219 10 14 0.677
735 251 14 18 0.660
562 320 16 22 0.658
8 181 12 14 0.656
191 240 12 15 0.651
275 309 17 20 0.649
261 239 11 15 0.649
436 324 14 19 0.647
316 237 12 16 0.639
159 254 12 17 0.631
773 272 12 17 0.621
492 218 11 14 0.615
877 226 11 14 0.614
651 283 17 21 0.595
658 202 11 13 0.595
347 292 14 21 0.567
241 129 7 9 0.563
862 161 7 8 0.559
193 185 12 14 0.555
569 232 11 16 0.552
46 170 10 12 0.540
1009 245 13 15 0.532
560 299 14 18 0.522
921 232 10 13 0.521
645 139 7 9 0.518
234 190 10 12 0.516
102 180 9 13 0.516
518 202 9 12 0.514
764 251 11 14 0.512
851 288 14 18 0.510
916 259 12 16 0.509
736 155 8 9 0.509
58 183 9 11 0.506
384 175 10 14 0.505
556 187 9 11 0.500
491 185 9 12 0.498
429 354 15 20 0.498
643 215 11 13 0.493
727 205 10 11 0.490
255 278 12 17 0.487
911 161 8 10 0.487
461 164 7 9 0.485
805 352 17 23 0.481
817 255 13 17 0.480
517 181 9 11 0.468
240 172 8 9 0.467
114 157 8 10 0.462
418 178 8 10 0.455
444 180 11 14 0.431
202 274 11 15 0.426
262 189 8 11 0.426
776 174 8 10 0.418
322 154 7 9 0.415
475 193 8 10 0.414
761 150 7 9 0.413
999 400 25 38 0.405
363 168 9 12 0.404
1015 157 7 9 0.402
497 128 7 8 0.397
587 136 6 9 0.389
304 149 6 8 0.387
632 163 7 9 0.384
216 153 6 8 0.379
557 139 7 9 0.370
476 171 9 13 0.350
142 156 8 9 0.346
790 159 7 7 0.344
870 264 13 16 0.341
908 276 11 16 0.335
123 170 9 11 0.317
322 172 9 10 0.317
282 155 7 9 0.315
747 186 7 10 0.309
603 179 7 10 0.300
95 171 9 10 0.294
276 169 9 11 0.288
333 255 11 15 0.285
750 209 9 14 0.282
999 159 8 9 0.278
205 160 7 10 0.275
761 171 7 9 0.260
353 199 9 12 0.259
530 174 8 10 0.255
459 193 10 12 0.254
525 165 7 9 0.253
426 159 8 9 0.246
614 182 9 11 0.241
305 169 7 10 0.240
192 162 8 10 0.239
381 390 18 33 0.219
679 224 11 13 0.217
322 200 11 13 0.216
556 168 8 10 0.215
318 191 8 11 0.213
870 252 12 14 0.203
611 365 15 25 0.200
502 165 8 11 0.197
888 293 13 16 0.181
527 168 9 12 0.175
320 196 12 16 0.174
611 137 7 7 0.171
420 235 11 15 0.168
165 164 8 11 0.167
602 202 11 14 0.163
694 141 7 9 0.158
751 213 11 13 0.158
324 256 17 15 0.156
255 207 7 9 0.152
911 261 14 27 0.147
920 231 12 25 0.146
275 163 9 13 0.144
439 217 12 13 0.143
481 161 8 10 0.141
574 172 9 11 0.138
199 161 12 11 0.137
315 240 19 20 0.132
485 163 9 10 0.129
762 156 13 9 0.129
474 129 8 8 0.127
313 259 11 16 0.127
676 221 11 13 0.126
321 170 10 17 0.125
387 177 10 12 0.123
747 213 12 15 0.122
703 199 8 10 0.117
872 259 13 16 0.116
524 163 6 9 0.116
238 177 9 13 0.114
53 179 12 15 0.113
258 227 11 71 0.112
641 213 20 16 0.110
462 193 20 10 0.109
560 138 8 8 0.109
212 155 9 9 0.105
713 369 15 22 0.103
205 157 19 9 0.096
476 175 8 32 0.095
237 151 8 10 0.095
764 215 9 11 0.094
737 224 10 12 0.094
543 254 11 13 0.093
903 277 16 19 0.091
574 188 8 9 0.091
423 228 14 20 0.089
600 180 18 10 0.088
419 169 10 21 0.087
370 148 7 9 0.087
279 172 9 10 0.087
429 206 9 11 0.086
705 192 8 16 0.084
231 190 10 12 0.082
431 338 15 30 0.081
432 218 18 14 0.080
427 220 12 17 0.077
708 189 8 11 0.077
126 172 10 11 0.077
869 248 12 13 0.075
572 227 11 16 0.074
431 207 11 15 0.073
1016 262 8 17 0.073
302 143 7 26 0.072
799 246 9 13 0.072
550 252 12 14 0.072
191 161 7 12 0.071
752 205 9 12 0.069
572 183 9 14 0.068
191 166 9 10 0.065
560 187 12 11 0.063
241 163 10 17 0.063
630 163 5 9 0.060
553 169 23 10 0.058
696 145 10 9 0.058
308 365 12 22 0.057
188 148 6 9 0.056
314 184 10 19 0.055
659 170 8 9 0.055
860 160 7 9 0.054
195 188 12 15 0.054
137 172 10 13 0.053
251 162 8 10 0.052
107 175 11 14 0.051
535 147 6 8 0.051
255 170 14 11 0.051
791 158 7 8 0.050
713 224 9 11 0.050
604 141 12 8 0.050
161 162 15 11 0.050
320 182 11 59 0.049
559 254 9 13 0.048
526 246 12 13 0.047
710 181 8 11 0.045
738 189 9 10 0.045
532 177 6 10 0.044
682 229 10 11 0.043
432 320 22 26 0.043
445 173 9 16 0.042
847 235 9 14 0.042
119 163 11 15 0.041
659 286 15 20 0.039
316 261 12 15 0.039
519 249 11 15 0.039
321 187 12 29 0.038
474 167 30 20 0.037
861 157 10 13 0.036
145 188 9 11 0.035
787 156 8 9 0.035
320 155 21 10 0.033
440 185 10 19 0.033
720 302 15 19 0.033
348 284 13 20 0.033
229 242 10 13 0.032
142 180 10 18 0.031
678 218 9 12 0.031
931 260 16 14 0.031
911 226 9 14 0.030
433 221 13 14 0.030
841 199 8 9 0.029
263 238 15 17 0.029
907 252 12 17 0.028
963 267 11 12 0.028
703 160 9 16 0.028
701 158 9 14 0.027
422 222 24 22 0.027
707 294 11 17 0.027
704 148 8 24 0.027
857 131 7 11 0.026
190 235 12 16 0.026
168 192 12 14 0.026
677 137 7 9 0.026
275 299 20 22 0.025
426 158 7 8 0.025
906 137 7 7 0.025
384 172 20 13 0.025
639 216 12 14 0.024
517 253 10 13 0.024
751 179 8 11 0.024
587 133 6 7 0.023
837 130 6 9 0.023
842 346 15 20 0.023
584 300 17 20 0.022
520 247 19 16 0.022
630 166 11 8 0.022
303 144 22 26 0.022
1009 251 11 16 0.022
600 194 10 12 0.021
999 158 7 8 0.021
675 226 12 14 0.021
488 189 16 11 0.020
