58_Hockey_icehockey_puck_58_212
141
595 77 57 75 0.852
141 161 24 32 0.791
179 156 26 33 0.787
499 40 21 27 0.779
219 72 24 30 0.746
991 157 21 27 0.742
853 158 19 24 0.739
379 73 21 28 0.727
63 173 23 30 0.725
650 49 18 24 0.719
139 74 24 32 0.718
943 156 21 25 0.717
238 28 22 28 0.710
287 34 22 28 0.708
514 82 23 28 0.707
254 116 22 31 0.704
877 16 18 23 0.675
402 9 18 21 0.665
914 119 19 24 0.654
204 31 22 29 0.646
37 34 23 28 0.637
970 112 19 24 0.635
775 49 17 23 0.626
429 83 22 26 0.623
958 91 18 21 0.616
361 132 20 28 0.613
964 56 18 23 0.607
0 173 9 31 0.575
431 6 20 25 0.554
868 53 19 23 0.549
375 47 17 23 0.548
62 83 21 30 0.540
129 40 21 24 0.529
420 54 19 23 0.504
789 94 17 22 0.497
437 122 20 25 0.479
827 61 17 19 0.464
506 131 22 26 0.444
929 85 19 25 0.404
808 172 20 25 0.395
841 30 16 16 0.395
598 11 18 20 0.394
348 74 22 26 0.392
939 14 14 20 0.390
998 44 16 21 0.389
832 86 21 24 0.388
256 12 19 24 0.377
795 50 17 21 0.376
991 20 16 20 0.354
936 63 16 20 0.346
470 72 19 25 0.346
270 89 21 25 0.314
716 44 16 20 0.314
165 37 20 25 0.258
456 144 21 27 0.248
996 99 15 19 0.222
14 76 27 32 0.200
431 73 20 53 0.194
141 3 23 25 0.194
731 52 19 24 0.188
249 19 21 25 0.163
321 34 16 24 0.155
875 11 17 53 0.152
331 102 21 28 0.146
190 0 19 19 0.146
821 132 16 20 0.132
666 44 18 22 0.132
377 194 24 24 0.128
354 32 15 19 0.127
347 7 15 18 0.124
26 0 22 18 0.122
426 164 21 27 0.119
720 66 21 27 0.119
789 88 16 20 0.117
107 38 24 25 0.114
725 59 21 28 0.108
797 37 15 20 0.104
262 121 26 31 0.100
9 37 21 26 0.098
150 3 20 21 0.095
61 64 23 33 0.094
771 9 17 19 0.091
972 22 17 22 0.087
1013 22 11 19 0.085
234 177 29 32 0.078
994 77 23 20 0.078
984 3 15 18 0.074
856 85 15 19 0.073
752 74 18 21 0.072
122 132 20 25 0.063
336 3 19 20 0.054
940 53 18 23 0.054
532 2 18 21 0.054
1003 78 18 21 0.054
157 2 17 20 0.052
943 38 18 21 0.051
427 122 22 25 0.050
981 0 29 69 0.049
1009 105 12 19 0.049
319 38 20 29 0.049
812 180 22 25 0.048
271 125 26 31 0.046
883 81 16 22 0.045
942 28 17 24 0.045
1016 111 8 19 0.044
324 26 16 21 0.042
906 186 16 18 0.040
327 57 17 24 0.040
308 1 18 21 0.039
115 30 17 24 0.039
910 52 19 21 0.039
330 0 14 12 0.038
423 162 18 23 0.035
715 74 21 25 0.035
501 0 15 12 0.034
747 84 22 31 0.034
288 126 24 29 0.033
818 87 22 22 0.033
602 6 16 19 0.031
824 73 19 23 0.031
835 32 20 21 0.030
575 0 19 19 0.028
645 0 18 19 0.028
597 20 21 25 0.027
715 47 20 28 0.027
907 106 15 21 0.026
697 11 17 23 0.026
66 75 23 35 0.025
557 26 21 26 0.025
323 45 17 25 0.025
735 48 17 21 0.024
999 132 16 21 0.023
804 95 21 28 0.023
326 12 18 25 0.023
972 31 16 21 0.022
262 91 22 24 0.022
640 36 18 20 0.022
448 123 26 27 0.021
260 24 18 25 0.021
24 4 23 24 0.020
821 13 22 28 0.020
