58_Hockey_icehockey_puck_58_493
30
471 83 74 93 0.852
610 139 38 48 0.833
113 129 36 46 0.831
251 45 35 45 0.820
655 54 32 43 0.819
238 106 40 50 0.811
110 13 29 40 0.808
905 125 37 45 0.808
597 0 38 34 0.802
719 0 32 32 0.770
228 0 32 32 0.749
316 171 72 77 0.748
348 0 34 27 0.747
774 139 40 44 0.742
2 0 35 35 0.736
441 53 30 42 0.715
0 115 15 48 0.685
810 0 31 34 0.680
483 0 31 32 0.658
161 129 29 37 0.635
749 60 34 39 0.353
936 19 27 33 0.327
875 23 19 23 0.319
1012 131 12 37 0.095
447 50 38 52 0.053
903 64 30 36 0.047
826 88 26 30 0.027
307 83 27 32 0.024
303 2 23 24 0.022
585 32 27 30 0.021
