58_Hockey_icehockey_puck_58_290
44
491 63 22 30 0.805
660 37 23 29 0.801
743 32 23 31 0.794
358 71 25 33 0.792
560 45 25 30 0.788
864 1 23 27 0.781
423 64 25 34 0.778
808 19 24 28 0.771
301 81 24 32 0.770
363 0 24 26 0.745
603 42 19 27 0.743
101 113 23 28 0.738
44 178 20 25 0.735
180 15 21 24 0.732
125 22 22 28 0.718
62 18 26 34 0.717
493 469 23 40 0.706
33 35 18 30 0.694
4 125 23 30 0.686
325 342 31 34 0.658
908 235 27 23 0.596
915 0 21 22 0.584
243 8 23 27 0.459
49 138 23 25 0.306
741 4 18 21 0.234
74 92 20 23 0.146
245 19 23 28 0.138
727 246 23 31 0.122
265 69 24 32 0.103
161 85 24 30 0.081
724 463 22 26 0.066
899 233 27 24 0.044
437 1 19 15 0.041
436 159 21 24 0.041
207 77 22 24 0.040
170 94 22 27 0.032
919 236 23 22 0.029
731 248 41 30 0.027
752 251 21 27 0.026
103 179 25 29 0.024
155 81 24 27 0.023
898 214 34 31 0.022
153 21 17 22 0.021
314 334 36 36 0.020
