58_Hockey_icehockey_puck_58_753
38
885 377 59 94 0.772
896 187 19 26 0.516
560 288 23 34 0.480
179 541 53 80 0.441
764 159 15 18 0.432
334 487 32 49 0.430
741 228 28 35 0.379
816 241 27 31 0.363
1006 159 17 26 0.331
522 155 13 17 0.312
449 121 13 14 0.307
170 109 11 14 0.254
825 491 51 73 0.147
248 83 7 9 0.131
525 379 34 45 0.129
709 318 39 53 0.125
989 205 33 60 0.079
663 297 26 33 0.069
708 340 32 44 0.057
930 142 21 27 0.054
558 269 26 40 0.049
166 110 10 13 0.047
811 244 24 33 0.043
962 176 30 37 0.041
933 133 21 26 0.040
940 97 13 17 0.039
446 119 12 14 0.037
708 305 34 40 0.035
734 423 49 60 0.032
522 356 34 52 0.032
664 293 21 26 0.030
1012 168 12 39 0.028
564 282 28 37 0.028
963 178 38 53 0.027
739 237 21 26 0.027
925 149 18 26 0.026
1000 219 23 54 0.024
996 160 24 27 0.020
