58_Hockey_icehockey_puck_58_469
104
550 210 37 44 0.813
370 238 37 42 0.786
23 82 22 26 0.752
398 85 21 24 0.751
217 58 18 23 0.750
305 55 16 21 0.748
415 24 16 22 0.741
549 139 21 24 0.721
480 86 18 22 0.713
163 82 18 22 0.713
620 111 21 25 0.712
783 156 17 22 0.702
648 113 17 21 0.701
499 21 14 18 0.700
67 92 21 25 0.698
102 83 20 24 0.695
360 62 15 19 0.678
88 1 17 20 0.667
336 72 17 20 0.661
259 47 16 20 0.652
465 12 16 20 0.651
338 112 17 20 0.649
575 103 18 22 0.649
888 66 16 20 0.643
738 132 17 22 0.626
721 21 17 21 0.620
133 10 16 22 0.577
829 115 18 21 0.571
868 114 16 20 0.567
6 44 18 26 0.561
951 74 15 19 0.546
839 160 14 19 0.539
621 0 15 10 0.526
521 160 18 22 0.513
682 22 16 20 0.502
925 152 17 21 0.476
903 165 13 19 0.454
162 27 14 19 0.423
864 157 14 20 0.354
268 92 22 26 0.255
711 305 26 32 0.210
264 68 15 16 0.144
130 6 16 21 0.142
629 175 18 22 0.136
853 15 12 15 0.131
856 185 15 18 0.128
286 122 15 18 0.119
682 175 14 19 0.116
713 7 11 16 0.116
218 24 13 16 0.114
904 106 15 21 0.112
678 152 15 18 0.111
201 9 18 21 0.094
662 137 15 22 0.089
470 6 17 20 0.086
915 174 14 18 0.086
878 92 14 18 0.085
936 183 14 17 0.080
923 117 14 17 0.079
203 11 26 21 0.068
949 174 13 18 0.068
810 163 10 15 0.068
477 0 14 15 0.062
940 178 20 18 0.062
884 70 17 24 0.061
911 153 26 22 0.058
266 71 19 29 0.057
858 150 18 23 0.055
680 149 15 45 0.054
235 30 16 17 0.050
949 113 16 21 0.050
872 101 17 23 0.048
279 97 20 53 0.048
721 299 39 38 0.048
545 0 13 8 0.047
900 109 38 21 0.045
236 51 13 17 0.042
782 95 18 23 0.042
370 88 15 18 0.041
589 0 14 14 0.040
853 5 16 20 0.040
129 2 14 16 0.039
789 158 18 20 0.037
234 38 15 19 0.035
743 0 14 10 0.033
540 38 15 17 0.033
703 174 19 23 0.032
706 165 20 25 0.031
779 88 18 18 0.031
683 151 17 21 0.030
312 111 17 21 0.030
784 101 18 23 0.030
931 158 14 34 0.029
719 298 28 31 0.027
1 113 16 25 0.025
602 21 17 19 0.025
548 10 21 22 0.024
302 92 15 17 0.024
595 0 45 12 0.023
978 167 16 19 0.023
788 192 14 18 0.023
1 59 17 25 0.021
569 2 16 16 0.020
930 0 18 20 0.020
