58_Hockey_icehockey_puck_58_221
45
0 697 54 70 0.826
654 460 52 65 0.811
5 456 49 63 0.805
252 333 45 61 0.791
0 195 31 56 0.788
456 526 69 86 0.785
207 473 50 71 0.783
740 160 36 52 0.759
111 456 49 67 0.756
577 35 44 53 0.751
96 362 54 64 0.746
81 581 52 66 0.738
201 200 40 55 0.728
119 89 35 54 0.719
0 69 33 54 0.705
53 68 41 53 0.679
541 482 45 59 0.678
832 146 30 42 0.669
898 475 38 60 0.598
481 304 44 49 0.578
473 458 51 63 0.550
53 198 40 49 0.517
361 287 45 56 0.502
312 247 44 50 0.350
225 390 44 58 0.317
131 327 39 48 0.230
177 579 48 60 0.159
462 376 48 60 0.136
224 677 43 53 0.080
481 237 45 56 0.072
296 654 53 63 0.056
137 703 52 64 0.052
591 382 53 61 0.051
297 258 47 58 0.041
264 568 55 63 0.041
487 226 42 47 0.040
417 0 58 36 0.036
71 200 44 47 0.035
823 471 44 59 0.032
599 350 52 64 0.029
251 557 51 60 0.028
503 359 46 60 0.023
518 238 49 55 0.022
128 421 38 53 0.020
441 364 52 65 0.020
