58_Hockey_icehockey_puck_58_262
279
270 321 13 17 0.712
350 248 12 16 0.706
51 328 13 18 0.703
205 332 14 19 0.691
321 411 13 18 0.687
538 248 13 17 0.681
322 329 14 17 0.673
346 273 13 17 0.668
470 187 11 14 0.662
470 254 12 15 0.659
551 227 12 15 0.656
568 213 11 14 0.640
430 202 11 14 0.627
633 71 8 10 0.618
385 238 11 15 0.617
800 81 9 12 0.611
206 237 13 16 0.598
722 45 9 11 0.597
858 29 9 11 0.581
775 84 10 12 0.579
325 352 13 17 0.578
836 5 9 11 0.577
495 50 10 12 0.574
558 45 8 11 0.563
695 50 9 11 0.560
778 488 14 21 0.551
833 75 11 12 0.549
763 47 10 12 0.549
790 47 9 12 0.545
324 236 12 15 0.542
747 72 10 12 0.540
529 29 9 11 0.524
967 93 9 11 0.519
184 50 8 11 0.513
625 38 10 12 0.508
367 37 9 11 0.480
754 20 11 13 0.475
101 308 11 14 0.468
24 51 9 10 0.468
536 7 8 11 0.458
662 66 10 12 0.457
729 0 9 9 0.446
776 25 10 11 0.445
865 90 12 13 0.437
183 15 7 10 0.425
445 75 10 12 0.423
912 34 9 12 0.405
334 43 8 10 0.404
718 83 8 10 0.386
604 68 8 10 0.384
880 71 10 12 0.382
896 39 9 9 0.382
217 35 8 11 0.380
267 56 7 9 0.380
259 12 8 10 0.377
609 19 9 10 0.367
927 29 9 11 0.357
447 44 8 9 0.351
868 0 9 8 0.334
252 52 7 10 0.326
231 25 9 10 0.322
702 0 9 8 0.320
510 32 8 9 0.318
341 2 8 10 0.311
50 50 8 11 0.301
808 0 9 9 0.299
641 13 10 11 0.288
578 31 7 11 0.280
208 24 7 9 0.278
676 40 10 12 0.259
561 21 9 11 0.253
769 5 10 10 0.251
439 92 10 12 0.251
806 15 10 11 0.246
220 10 8 10 0.241
3 31 8 10 0.224
947 0 8 9 0.212
591 46 9 11 0.207
667 19 9 11 0.203
307 17 8 11 0.201
785 238 12 12 0.199
501 23 7 10 0.185
287 35 7 10 0.181
329 352 14 18 0.180
983 4 8 11 0.179
33 16 7 9 0.169
669 314 7 8 0.168
687 0 9 10 0.164
563 2 11 9 0.162
755 4 9 10 0.162
674 43 9 12 0.162
906 86 10 13 0.158
786 68 9 13 0.153
710 305 9 11 0.152
720 84 9 12 0.152
293 1 8 9 0.150
483 8 9 11 0.149
650 42 9 11 0.146
838 25 8 10 0.146
324 1 10 9 0.138
932 70 10 11 0.135
613 79 8 9 0.134
807 8 9 22 0.129
591 22 8 13 0.128
15 304 8 11 0.126
907 81 9 13 0.120
913 49 9 11 0.118
448 23 9 10 0.116
784 67 8 20 0.115
78 51 8 9 0.107
657 2 10 10 0.106
552 221 20 16 0.106
44 40 8 10 0.106
778 1 15 10 0.105
778 3 10 14 0.105
981 3 14 10 0.104
1 6 6 15 0.104
1017 14 7 10 0.097
594 44 8 12 0.095
579 1 12 11 0.095
733 57 8 10 0.092
43 50 9 11 0.092
838 27 21 11 0.089
465 1 8 10 0.088
998 1 12 8 0.087
222 10 8 11 0.084
911 50 9 12 0.083
510 48 9 10 0.082
150 49 10 10 0.082
218 5 8 18 0.080
602 69 8 10 0.079
511 0 8 8 0.079
155 53 10 11 0.077
846 83 9 14 0.076
462 1 16 9 0.076
906 73 10 13 0.075
948 0 7 6 0.074
755 6 12 32 0.074
891 0 11 9 0.072
34 17 8 11 0.072
115 57 8 8 0.071
496 83 7 10 0.071
569 4 18 14 0.070
556 2 8 16 0.070
610 8 10 22 0.069
147 30 7 9 0.069
867 93 12 17 0.068
607 3 15 11 0.068
593 15 10 14 0.067
286 38 8 14 0.067
105 55 9 9 0.067
864 0 8 10 0.066
703 24 11 13 0.065
154 41 8 11 0.064
941 2 7 10 0.064
579 46 16 11 0.063
861 26 10 12 0.063
154 45 8 19 0.062
203 2 7 8 0.062
1016 52 7 10 0.061
351 83 8 9 0.061
501 233 10 13 0.061
41 36 12 15 0.060
900 90 10 12 0.059
871 39 8 11 0.058
1005 40 7 9 0.058
761 107 9 11 0.057
550 2 20 9 0.056
483 7 9 10 0.056
610 1 18 11 0.055
426 44 9 10 0.054
287 47 8 11 0.054
265 34 9 12 0.052
467 1 18 9 0.051
689 38 18 35 0.051
442 44 10 10 0.050
731 19 13 15 0.050
232 23 14 10 0.050
353 409 11 13 0.049
437 89 8 12 0.048
706 25 9 18 0.048
1010 1 11 8 0.048
602 25 11 26 0.047
242 45 8 10 0.047
661 2 20 11 0.045
2 46 9 12 0.044
763 27 11 42 0.044
460 221 10 14 0.043
757 49 11 21 0.042
742 3 19 14 0.042
727 93 9 12 0.041
536 44 11 15 0.041
447 11 9 22 0.040
32 13 14 13 0.040
125 2 7 7 0.040
589 22 12 37 0.039
564 0 10 38 0.039
430 10 9 11 0.039
147 32 9 13 0.038
579 52 7 10 0.038
873 110 11 13 0.038
649 5 16 21 0.038
680 1 16 14 0.037
284 23 11 24 0.037
722 665 14 16 0.036
893 15 7 22 0.036
892 18 10 12 0.036
104 308 11 13 0.036
531 41 9 13 0.036
340 32 9 12 0.036
579 230 12 13 0.035
690 308 11 12 0.034
620 624 18 19 0.034
111 59 13 9 0.034
3 629 12 14 0.033
736 1 23 9 0.033
636 2 16 9 0.033
691 0 15 16 0.032
835 1 11 22 0.032
0 649 9 25 0.031
162 327 8 10 0.031
504 237 11 13 0.031
999 0 7 6 0.031
337 44 8 10 0.031
625 17 11 30 0.030
286 51 8 9 0.030
882 74 12 16 0.030
724 31 8 19 0.030
893 10 10 18 0.030
750 100 9 12 0.030
755 99 17 21 0.029
908 34 17 13 0.029
667 19 15 15 0.029
335 354 13 17 0.029
50 3 9 11 0.028
722 91 11 14 0.028
430 13 8 11 0.028
719 17 12 18 0.027
769 6 13 14 0.027
159 59 10 12 0.027
905 88 11 20 0.027
595 58 13 19 0.027
847 0 20 9 0.026
328 344 13 18 0.026
641 8 12 26 0.026
417 238 10 14 0.025
647 17 23 19 0.025
605 79 15 10 0.025
1014 90 9 11 0.025
623 40 11 12 0.025
452 48 8 8 0.025
969 94 11 15 0.025
876 115 9 11 0.024
26 331 10 12 0.024
588 670 15 13 0.024
703 85 7 10 0.024
462 189 14 16 0.023
871 66 12 14 0.023
860 0 10 7 0.023
288 76 7 10 0.023
698 21 12 15 0.022
765 48 11 21 0.022
302 345 12 15 0.022
19 28 19 28 0.022
710 303 10 11 0.022
215 33 12 15 0.022
781 265 11 14 0.022
428 8 20 15 0.022
848 91 10 14 0.021
631 70 11 14 0.021
424 664 10 11 0.021
9 16 9 24 0.021
266 15 15 26 0.021
344 24 8 13 0.021
439 7 10 9 0.021
571 217 15 18 0.021
474 0 9 6 0.021
1007 36 14 15 0.020
292 0 16 28 0.020
