58_Hockey_icehockey_puck_58_835
53
52 306 37 48 0.841
438 411 39 52 0.840
162 399 39 46 0.839
769 256 32 41 0.827
310 412 37 43 0.826
246 243 33 41 0.826
444 239 33 39 0.825
677 248 31 39 0.822
561 404 37 47 0.821
552 183 30 34 0.810
357 176 30 37 0.810
599 246 31 36 0.808
289 175 31 38 0.808
702 404 36 43 0.806
149 243 32 40 0.805
515 240 31 38 0.798
626 195 27 34 0.797
877 312 30 34 0.797
355 238 34 42 0.794
450 180 28 33 0.790
762 212 28 34 0.789
216 181 31 38 0.768
693 200 28 33 0.766
852 408 38 46 0.742
919 209 7 8 0.085
992 213 7 7 0.076
958 211 6 8 0.076
894 209 7 7 0.071
37 184 6 7 0.055
916 209 8 8 0.050
52 184 6 8 0.050
879 208 7 8 0.047
139 186 7 8 0.045
816 205 8 8 0.042
95 186 8 8 0.039
853 217 6 7 0.039
844 207 7 8 0.038
938 211 9 8 0.035
66 186 7 8 0.034
949 211 9 8 0.030
521 199 17 26 0.028
881 208 10 8 0.027
362 541 29 34 0.025
167 186 7 8 0.025
915 107 7 10 0.025
136 185 7 9 0.024
6 184 7 8 0.024
19 184 9 8 0.022
915 203 10 26 0.021
948 210 20 12 0.021
901 216 7 10 0.020
531 197 16 22 0.020
28 193 8 10 0.020
