58_Hockey_icehockey_puck_58_113
39
522 50 49 64 0.766
82 40 28 32 0.763
305 125 50 59 0.722
273 34 28 32 0.704
659 52 23 28 0.702
226 41 18 22 0.560
184 39 20 23 0.554
490 54 15 21 0.512
448 49 14 18 0.508
842 1 24 26 0.484
362 45 19 25 0.447
313 45 22 25 0.403
129 48 20 23 0.334
396 49 19 21 0.308
245 19 11 12 0.188
956 4 24 28 0.153
434 37 13 18 0.137
371 33 16 19 0.113
394 39 23 27 0.104
1003 101 21 32 0.101
393 30 19 23 0.068
0 16 18 20 0.067
436 48 20 20 0.059
113 49 42 25 0.058
953 2 18 26 0.046
995 43 19 26 0.044
1014 415 10 31 0.038
363 37 17 21 0.038
375 32 29 19 0.036
432 43 15 20 0.034
191 42 17 20 0.030
128 55 19 23 0.029
311 53 23 29 0.025
318 41 18 20 0.024
437 34 13 15 0.023
125 43 16 20 0.022
512 57 28 40 0.022
224 34 17 21 0.022
996 98 22 34 0.021
