58_Hockey_icehockey_puck_58_384
53
530 441 32 36 0.815
224 204 33 35 0.787
606 225 29 33 0.787
423 492 28 36 0.766
543 253 26 27 0.715
600 193 22 27 0.671
773 59 23 27 0.657
552 301 24 32 0.610
348 574 34 41 0.605
630 75 25 21 0.587
737 121 26 31 0.562
431 356 26 27 0.560
135 532 37 30 0.454
846 21 22 24 0.452
657 189 25 25 0.444
510 336 29 32 0.352
3 499 33 32 0.284
235 488 34 27 0.248
530 138 27 29 0.214
285 461 28 22 0.146
1 497 24 30 0.143
435 245 23 24 0.128
559 101 21 21 0.085
148 533 33 28 0.082
523 135 25 26 0.075
394 409 28 25 0.074
246 485 31 27 0.071
391 294 26 27 0.057
830 54 22 27 0.056
684 74 24 21 0.055
295 457 26 24 0.051
469 206 20 20 0.050
535 147 21 23 0.049
400 404 26 26 0.045
505 335 22 29 0.042
838 23 21 26 0.039
353 332 24 25 0.037
834 79 23 29 0.036
227 495 36 25 0.032
516 341 33 34 0.028
389 416 26 23 0.027
812 138 26 28 0.025
540 137 27 31 0.025
15 508 23 24 0.025
545 106 33 35 0.025
521 128 20 24 0.025
302 452 22 24 0.024
676 67 30 25 0.023
699 66 24 21 0.022
22 502 24 26 0.022
743 125 29 30 0.022
633 123 24 24 0.020
399 294 29 27 0.020
