4_Dancing_Dancing_4_41
25
599 104 51 74 0.787
21 403 22 26 0.741
551 100 42 79 0.738
95 399 23 29 0.735
149 395 21 27 0.734
130 376 16 21 0.711
176 368 17 22 0.705
38 379 19 26 0.694
57 363 16 20 0.683
197 392 17 21 0.672
229 369 15 20 0.671
256 387 17 20 0.655
103 352 16 20 0.625
310 322 11 15 0.173
142 342 12 18 0.167
211 442 18 20 0.078
260 442 17 19 0.047
313 359 11 17 0.043
390 376 13 15 0.043
193 329 10 12 0.039
392 356 16 18 0.035
82 358 14 18 0.030
309 324 12 19 0.029
0 371 14 19 0.027
391 351 16 40 0.022
