4_Dancing_Dancing_4_319
42
963 79 39 46 0.842
553 34 33 42 0.839
487 61 32 39 0.836
148 60 31 41 0.821
594 3 35 36 0.818
733 51 32 44 0.817
444 141 27 33 0.817
411 73 29 39 0.811
87 71 48 53 0.804
344 44 31 40 0.802
955 28 28 35 0.801
688 60 27 38 0.801
1 15 26 37 0.800
198 88 27 33 0.797
617 141 54 52 0.790
214 158 37 42 0.768
213 26 22 27 0.766
657 49 27 39 0.764
329 244 32 39 0.736
448 54 30 35 0.734
321 9 25 30 0.720
192 54 30 35 0.687
710 34 30 39 0.625
273 42 25 32 0.601
428 49 25 33 0.600
302 44 32 34 0.548
24 72 30 38 0.315
818 0 33 16 0.188
44 2 21 25 0.159
279 40 32 36 0.153
743 513 75 56 0.114
432 46 33 39 0.065
248 89 28 30 0.052
431 60 21 29 0.035
48 4 26 27 0.032
384 244 37 39 0.028
812 3 35 21 0.027
409 257 29 34 0.027
398 249 36 39 0.025
26 63 27 30 0.025
472 94 25 30 0.023
277 49 27 33 0.021
