7_Cheering_Cheering_7_536
61
998 241 26 38 0.756
852 281 30 38 0.750
329 304 27 34 0.746
178 255 24 31 0.723
333 258 28 33 0.722
205 224 25 29 0.677
518 333 37 63 0.674
245 231 28 34 0.666
313 224 29 31 0.660
934 294 39 38 0.627
729 279 66 90 0.604
0 231 22 30 0.602
523 262 34 41 0.592
877 262 27 33 0.587
255 312 24 33 0.581
460 270 26 33 0.577
897 244 29 32 0.570
98 239 27 29 0.527
217 261 28 33 0.513
0 341 19 36 0.427
133 233 28 30 0.342
133 240 28 37 0.299
649 258 42 50 0.211
504 264 34 37 0.210
22 295 25 33 0.175
49 225 25 31 0.150
600 243 29 33 0.128
1 276 23 32 0.120
844 240 26 33 0.117
501 271 24 28 0.117
126 314 25 32 0.116
399 249 31 32 0.115
131 336 20 25 0.109
263 255 28 32 0.101
726 228 41 45 0.065
433 247 27 31 0.063
202 238 27 30 0.061
246 390 23 28 0.056
83 312 22 29 0.049
269 251 24 28 0.045
699 277 67 74 0.043
721 243 56 70 0.043
138 252 22 28 0.041
410 250 28 31 0.035
595 290 25 36 0.034
458 272 48 34 0.033
605 262 26 31 0.030
47 237 23 27 0.030
117 294 36 43 0.029
202 256 26 32 0.029
90 357 22 28 0.027
399 244 23 28 0.027
996 390 28 39 0.027
199 268 26 28 0.027
605 254 23 28 0.026
396 237 25 27 0.025
513 252 32 39 0.025
562 262 26 33 0.023
839 248 61 39 0.021
84 310 22 56 0.020
846 234 24 28 0.020
