7_Cheering_Cheering_7_391
39
710 176 16 19 0.745
204 435 54 75 0.745
313 325 15 24 0.609
220 349 18 27 0.544
479 338 12 22 0.537
361 354 19 30 0.401
301 366 18 23 0.314
422 315 12 17 0.295
702 288 15 23 0.218
462 311 13 19 0.178
339 640 73 127 0.152
662 270 14 20 0.120
368 305 13 19 0.117
365 348 18 27 0.086
195 342 16 23 0.079
95 389 28 39 0.073
354 361 18 27 0.071
540 334 14 24 0.069
660 328 21 15 0.069
56 411 37 52 0.067
418 319 15 21 0.063
296 363 18 23 0.058
465 312 15 20 0.055
2 417 28 45 0.047
557 282 10 11 0.044
565 392 20 44 0.043
761 255 13 18 0.043
214 351 17 24 0.041
727 148 9 11 0.036
415 323 16 22 0.034
360 340 19 33 0.032
371 353 16 25 0.031
112 271 24 33 0.030
595 198 10 11 0.029
356 326 14 22 0.028
411 315 15 17 0.028
647 168 12 13 0.027
556 283 9 12 0.021
483 313 14 27 0.020
