7_Cheering_Cheering_7_345
54
449 155 30 42 0.779
353 400 25 31 0.761
582 393 26 28 0.748
263 393 25 31 0.748
2 312 21 29 0.744
229 376 22 31 0.707
554 353 24 27 0.705
253 370 24 29 0.685
792 395 28 33 0.677
602 188 27 36 0.670
89 378 21 25 0.630
878 376 22 27 0.609
858 357 24 31 0.563
465 392 22 29 0.553
759 374 22 27 0.480
680 233 17 27 0.458
752 417 14 28 0.437
332 422 17 31 0.364
42 414 20 25 0.347
944 309 22 28 0.346
160 407 23 29 0.333
233 431 23 33 0.321
52 398 16 22 0.270
433 258 26 40 0.247
49 403 17 24 0.239
256 364 24 52 0.235
290 412 22 28 0.232
862 403 20 29 0.211
27 369 17 21 0.210
26 388 17 20 0.162
335 382 20 28 0.156
432 191 27 33 0.133
197 395 26 33 0.112
166 403 22 29 0.100
28 381 17 23 0.097
811 433 22 30 0.093
188 399 24 28 0.090
246 425 18 29 0.078
158 360 22 22 0.068
207 403 22 29 0.067
40 391 22 58 0.065
164 379 21 24 0.057
640 304 22 29 0.049
39 420 19 22 0.048
166 392 21 29 0.042
197 387 24 26 0.039
107 415 31 36 0.038
940 305 19 27 0.030
718 70 26 26 0.027
172 396 23 29 0.025
163 382 52 33 0.023
227 445 23 27 0.023
0 463 17 35 0.022
507 299 23 26 0.021
