7_Cheering_Cheering_7_171
475
426 310 17 24 0.780
88 89 14 19 0.757
321 241 16 20 0.753
58 82 14 18 0.750
611 237 14 18 0.748
882 294 12 17 0.748
293 268 16 21 0.745
349 237 15 20 0.744
463 228 16 19 0.743
340 318 15 19 0.741
131 142 14 19 0.739
474 180 14 17 0.738
556 294 15 18 0.737
516 104 13 16 0.735
330 2 12 16 0.734
262 182 14 19 0.732
659 211 12 16 0.731
386 64 13 17 0.731
391 250 13 18 0.729
437 281 16 21 0.729
535 244 13 18 0.729
554 219 14 18 0.728
877 169 13 15 0.726
476 206 13 17 0.726
603 261 16 18 0.720
955 327 13 17 0.715
133 170 16 20 0.715
161 30 13 18 0.715
424 62 14 17 0.715
535 186 14 18 0.714
420 147 13 18 0.713
523 207 14 18 0.713
571 133 11 14 0.713
222 60 14 17 0.712
97 160 17 20 0.712
350 269 15 20 0.710
420 15 11 16 0.710
363 30 13 16 0.708
490 123 14 17 0.708
624 69 11 14 0.707
691 248 14 18 0.707
737 83 10 14 0.707
157 205 15 21 0.703
552 262 14 17 0.703
651 246 14 18 0.702
629 227 13 16 0.702
400 156 13 16 0.699
619 86 10 14 0.697
24 387 18 23 0.697
975 297 14 18 0.696
291 75 13 17 0.695
118 5 13 17 0.694
753 209 14 18 0.694
106 67 13 16 0.693
306 218 14 18 0.693
753 256 14 18 0.689
104 116 14 17 0.687
158 91 15 20 0.687
290 38 14 19 0.687
511 127 12 16 0.686
500 158 14 18 0.686
594 180 11 15 0.685
513 259 14 18 0.685
385 405 19 24 0.684
443 144 12 15 0.683
497 214 13 17 0.682
485 100 13 16 0.681
620 296 13 17 0.680
53 17 14 17 0.679
201 34 13 16 0.679
500 237 13 17 0.679
386 121 14 18 0.678
907 250 13 15 0.677
603 220 12 16 0.677
640 298 14 18 0.674
926 235 12 15 0.674
478 80 12 15 0.674
275 87 13 18 0.670
582 249 12 16 0.670
729 284 14 16 0.670
901 325 13 16 0.667
33 160 14 19 0.667
330 54 14 17 0.664
526 65 12 15 0.664
515 32 11 15 0.663
955 241 11 15 0.662
636 203 12 16 0.662
597 45 10 12 0.662
60 58 15 19 0.660
451 212 14 16 0.658
699 275 12 17 0.655
1010 266 11 15 0.655
585 161 14 16 0.654
930 260 11 16 0.654
327 79 12 16 0.652
401 109 13 16 0.652
997 244 11 14 0.652
471 25 12 15 0.648
491 68 12 15 0.647
963 259 11 14 0.647
959 277 13 15 0.647
755 317 12 16 0.645
894 365 15 17 0.645
176 8 12 16 0.645
937 217 12 14 0.643
652 162 14 16 0.641
710 253 13 16 0.637
460 102 12 15 0.636
573 47 10 14 0.634
723 306 14 19 0.633
156 148 14 17 0.633
150 115 16 18 0.633
552 124 13 18 0.632
297 15 12 15 0.632
346 94 14 18 0.632
886 226 12 15 0.631
271 304 16 24 0.631
366 10 11 15 0.630
477 47 12 15 0.629
548 101 13 17 0.628
606 84 11 15 0.628
743 119 10 14 0.626
541 166 12 15 0.625
701 233 12 16 0.624
636 108 10 14 0.624
588 298 15 17 0.624
189 0 12 12 0.621
426 110 12 16 0.621
747 237 12 15 0.620
809 131 11 13 0.620
358 52 14 18 0.619
386 332 13 17 0.619
936 329 12 15 0.619
855 211 11 14 0.618
463 127 13 18 0.617
156 7 13 16 0.617
716 233 13 16 0.616
665 143 12 15 0.614
305 0 11 14 0.612
794 167 12 15 0.609
762 119 11 14 0.607
810 180 12 15 0.606
796 194 14 17 0.606
0 80 10 17 0.605
812 162 13 16 0.605
690 91 12 14 0.605
493 33 11 13 0.603
991 307 13 17 0.602
21 77 16 19 0.595
5 11 13 16 0.595
752 174 12 15 0.593
861 226 12 14 0.592
239 40 13 16 0.591
728 157 12 14 0.591
444 76 13 16 0.590
283 377 15 21 0.588
614 184 15 18 0.588
873 194 11 13 0.587
724 213 12 15 0.584
722 107 11 16 0.582
68 140 16 20 0.581
385 28 13 15 0.575
454 47 11 13 0.575
885 248 14 16 0.569
853 172 12 16 0.568
240 77 14 17 0.566
994 286 11 15 0.562
557 246 13 16 0.558
619 154 13 16 0.557
250 24 13 16 0.556
221 8 13 17 0.556
668 187 13 15 0.552
662 88 11 13 0.550
985 372 14 15 0.548
800 147 12 14 0.542
644 91 12 15 0.542
509 186 14 16 0.539
855 290 11 15 0.538
597 136 13 15 0.538
774 162 13 16 0.536
726 191 13 15 0.536
559 57 13 15 0.535
757 163 9 13 0.535
668 57 12 15 0.535
942 274 13 16 0.534
272 68 13 15 0.519
636 331 13 18 0.513
853 322 14 16 0.511
635 181 13 15 0.507
743 136 12 14 0.502
650 75 11 14 0.499
761 104 11 15 0.497
697 194 12 15 0.487
718 134 11 14 0.486
698 131 12 16 0.485
682 80 12 15 0.484
74 420 20 25 0.472
751 278 13 15 0.467
423 38 11 14 0.465
529 42 13 14 0.461
877 216 12 14 0.459
785 140 11 14 0.458
106 93 13 16 0.448
978 266 11 13 0.446
646 51 10 12 0.439
344 216 16 18 0.431
587 70 11 13 0.428
700 117 10 12 0.424
469 65 12 15 0.413
139 0 12 10 0.411
332 26 12 15 0.408
975 246 12 13 0.408
244 60 13 14 0.404
417 187 12 15 0.401
952 361 13 14 0.398
167 418 19 24 0.395
123 416 17 23 0.383
786 125 10 13 0.380
447 56 11 14 0.379
179 5 14 17 0.379
784 189 13 16 0.378
313 91 12 15 0.375
450 26 11 14 0.374
419 95 13 16 0.361
607 2 10 12 0.359
126 221 15 19 0.339
579 113 13 17 0.331
675 26 9 11 0.331
783 310 13 17 0.330
901 214 11 15 0.315
458 220 17 23 0.314
852 375 13 17 0.301
611 86 19 15 0.296
537 177 13 29 0.294
643 6 11 12 0.287
251 0 11 8 0.284
393 17 11 17 0.278
473 69 13 18 0.272
946 273 21 19 0.264
583 212 9 13 0.254
1003 264 18 15 0.247
908 234 12 15 0.244
699 252 30 17 0.244
430 94 14 14 0.237
322 80 20 17 0.233
860 194 11 15 0.230
425 60 21 17 0.227
227 0 13 11 0.227
688 65 10 14 0.224
992 285 12 45 0.222
421 96 16 19 0.220
1015 320 9 18 0.219
995 268 12 20 0.219
967 226 10 12 0.208
784 305 13 16 0.205
241 30 14 29 0.200
391 314 15 20 0.199
821 146 11 15 0.197
963 263 29 13 0.195
762 100 10 32 0.194
243 33 15 17 0.193
1001 353 13 15 0.193
475 186 13 39 0.193
785 167 14 17 0.180
773 285 13 16 0.176
815 360 20 26 0.174
434 270 16 54 0.174
698 117 11 34 0.170
980 265 23 13 0.169
859 215 12 25 0.165
617 296 31 18 0.165
857 154 12 14 0.150
749 350 8 10 0.148
593 170 12 27 0.148
389 305 14 18 0.148
599 115 12 15 0.148
789 276 13 15 0.146
445 22 11 15 0.146
886 219 12 36 0.145
219 36 12 14 0.143
989 366 16 20 0.139
753 371 15 20 0.137
883 240 12 40 0.136
273 60 13 34 0.126
836 361 17 20 0.125
918 361 13 15 0.123
405 206 12 16 0.122
545 219 26 16 0.121
692 176 14 14 0.117
140 398 16 19 0.116
695 183 13 17 0.115
569 103 12 14 0.114
753 164 12 27 0.114
418 59 13 17 0.114
654 130 10 12 0.112
616 157 12 59 0.110
81 420 22 26 0.110
751 249 14 19 0.109
611 229 25 24 0.109
778 318 13 16 0.106
411 188 15 21 0.104
161 398 19 22 0.101
771 327 10 13 0.101
389 112 12 54 0.099
769 345 11 14 0.099
585 134 13 63 0.098
654 242 15 19 0.098
439 81 13 19 0.095
600 185 34 18 0.095
127 56 10 15 0.094
562 198 11 15 0.094
186 396 21 27 0.094
662 296 12 20 0.090
985 248 19 15 0.089
795 369 14 20 0.088
485 78 11 51 0.087
0 57 8 16 0.086
177 39 12 15 0.085
229 37 19 17 0.085
568 45 37 14 0.084
499 207 13 59 0.084
222 55 19 26 0.084
380 199 12 14 0.083
550 86 13 64 0.083
966 299 36 23 0.081
786 425 18 23 0.080
440 179 12 15 0.080
744 119 12 44 0.079
161 199 14 21 0.079
335 46 12 16 0.078
692 239 24 29 0.076
461 116 20 32 0.075
783 292 14 37 0.074
392 13 12 15 0.073
347 125 14 17 0.073
360 18 12 64 0.072
817 401 21 30 0.071
642 248 63 16 0.070
291 56 13 46 0.070
27 57 12 15 0.069
831 358 18 21 0.068
659 135 15 17 0.068
808 115 14 49 0.067
428 49 12 15 0.066
661 241 14 15 0.066
497 163 14 109 0.064
726 180 12 47 0.064
876 152 10 75 0.063
532 120 13 16 0.062
577 358 15 21 0.061
629 374 21 26 0.060
251 258 13 20 0.059
848 324 14 16 0.059
722 450 20 22 0.059
95 115 33 87 0.058
597 40 12 20 0.057
91 425 19 22 0.057
798 244 13 18 0.057
588 115 18 15 0.057
813 168 14 19 0.056
253 241 11 15 0.056
536 120 15 16 0.055
677 115 10 13 0.055
187 407 19 22 0.053
143 398 29 21 0.053
415 185 11 15 0.052
17 135 15 19 0.052
418 47 13 17 0.051
513 212 17 96 0.051
230 319 15 26 0.050
444 53 16 73 0.049
427 34 20 16 0.049
421 281 12 19 0.048
790 420 19 23 0.048
713 211 16 75 0.047
758 374 13 18 0.047
381 199 23 16 0.047
76 29 18 18 0.047
338 285 12 16 0.045
689 56 12 51 0.044
336 32 10 15 0.043
632 173 18 96 0.042
161 86 14 18 0.042
559 42 31 36 0.042
799 358 25 26 0.041
831 232 14 18 0.041
292 262 20 22 0.040
154 111 15 21 0.040
124 53 19 20 0.039
851 175 11 15 0.039
590 253 15 18 0.038
347 220 15 17 0.038
226 373 17 27 0.037
268 248 13 16 0.037
841 357 15 19 0.037
626 44 9 12 0.036
495 59 15 19 0.036
253 242 14 33 0.036
103 158 16 19 0.036
847 380 17 19 0.036
212 24 21 60 0.036
641 70 26 51 0.035
751 309 11 18 0.035
133 401 17 23 0.034
695 228 14 15 0.034
441 18 9 12 0.034
168 35 16 18 0.034
750 347 17 11 0.033
870 371 11 15 0.033
721 69 10 98 0.033
156 397 16 19 0.032
771 342 12 16 0.031
478 284 13 16 0.031
613 158 36 75 0.031
109 438 14 18 0.031
93 401 14 18 0.030
659 56 17 15 0.030
769 147 24 47 0.030
660 124 14 103 0.030
896 3 8 8 0.030
734 196 9 13 0.030
658 75 53 36 0.030
537 95 10 14 0.029
104 61 16 17 0.029
690 275 17 21 0.029
966 225 12 19 0.029
23 152 16 22 0.028
335 24 11 16 0.028
720 95 10 12 0.028
114 427 17 25 0.028
851 293 12 16 0.028
129 409 17 25 0.027
172 423 18 22 0.027
782 234 10 15 0.027
938 220 15 15 0.027
780 137 12 16 0.027
1017 331 7 21 0.027
1015 312 9 16 0.027
376 97 11 16 0.027
267 35 12 15 0.026
830 364 18 22 0.026
913 358 14 16 0.026
945 248 29 64 0.026
419 184 15 16 0.026
339 281 19 20 0.026
450 0 11 112 0.026
814 2 10 11 0.025
244 79 14 17 0.025
678 177 21 14 0.025
502 190 16 18 0.025
250 252 12 20 0.025
294 64 12 15 0.025
353 130 15 17 0.025
699 61 10 124 0.025
222 310 23 38 0.025
699 23 9 11 0.024
533 14 10 15 0.024
784 431 14 20 0.024
753 243 10 140 0.024
245 71 13 18 0.023
538 103 21 17 0.023
727 38 10 13 0.023
345 291 12 16 0.023
180 135 14 16 0.023
369 431 14 22 0.023
375 101 14 21 0.022
404 116 13 16 0.022
746 348 12 16 0.022
850 351 12 15 0.022
843 330 10 15 0.021
852 163 13 19 0.021
794 203 14 23 0.021
703 52 10 15 0.021
416 279 28 22 0.021
616 420 17 26 0.021
