7_Cheering_Cheering_7_530
36
10 105 22 24 0.763
403 26 31 59 0.721
304 163 13 17 0.704
957 210 15 18 0.686
139 142 14 16 0.664
81 135 13 16 0.662
725 145 19 27 0.656
260 174 11 13 0.610
816 173 16 26 0.577
364 182 9 10 0.516
550 194 9 11 0.496
913 233 7 10 0.460
523 188 10 13 0.433
623 112 19 39 0.410
221 186 8 10 0.332
685 188 11 13 0.315
246 191 8 10 0.250
925 242 9 11 0.230
589 219 7 8 0.149
361 196 8 9 0.104
244 189 8 10 0.054
554 194 7 10 0.046
331 227 7 9 0.038
906 231 15 11 0.037
218 189 8 9 0.036
687 189 13 16 0.032
363 192 9 13 0.032
108 168 10 12 0.028
913 232 12 14 0.027
927 243 11 19 0.026
249 188 9 11 0.024
883 235 12 13 0.024
615 113 20 42 0.024
56 2 9 8 0.022
263 169 9 14 0.022
932 260 9 11 0.020
