23_Shoppers_Shoppers_23_43
25
168 233 58 71 0.871
356 235 62 73 0.857
157 396 64 82 0.834
573 146 45 58 0.812
926 203 50 60 0.769
941 121 27 33 0.768
67 147 37 45 0.723
790 135 34 47 0.707
605 121 31 45 0.701
723 340 40 47 0.582
64 210 46 64 0.493
384 138 25 43 0.427
866 148 30 43 0.373
102 151 20 34 0.187
440 325 41 60 0.149
973 120 19 26 0.144
233 146 22 29 0.139
551 132 21 31 0.125
25 149 22 28 0.087
48 218 54 67 0.076
171 163 36 49 0.072
980 122 18 23 0.035
1015 125 9 17 0.031
422 387 51 65 0.029
742 182 12 19 0.027
