23_Shoppers_Shoppers_23_459
120
325 416 8 11 0.603
254 489 9 12 0.601
106 113 16 17 0.540
306 418 8 9 0.528
133 122 12 15 0.510
782 127 8 9 0.506
255 431 7 9 0.492
276 432 8 9 0.478
9 751 13 16 0.413
222 409 8 10 0.329
35 106 12 14 0.320
775 107 7 8 0.310
49 123 12 20 0.304
377 652 7 9 0.288
887 481 8 12 0.280
165 120 10 12 0.279
375 128 7 9 0.258
798 360 6 8 0.236
800 123 7 9 0.233
671 504 7 9 0.176
309 135 9 9 0.153
675 549 6 7 0.147
3 123 12 15 0.141
339 135 7 9 0.136
130 550 11 13 0.132
762 431 6 8 0.131
625 617 6 8 0.130
699 366 7 8 0.122
702 673 6 9 0.122
554 561 6 7 0.120
363 344 6 7 0.119
817 137 7 9 0.108
448 528 8 10 0.103
470 748 6 9 0.102
726 325 5 6 0.098
458 489 6 9 0.097
836 454 8 12 0.093
35 136 14 17 0.086
255 484 10 13 0.085
492 481 6 6 0.084
699 120 6 7 0.084
662 613 7 8 0.082
171 417 10 9 0.073
276 137 8 11 0.073
759 122 7 9 0.073
659 488 6 9 0.072
445 512 8 8 0.070
308 133 8 9 0.069
652 527 11 12 0.068
175 415 10 10 0.067
154 493 7 9 0.065
701 366 7 9 0.065
820 370 6 9 0.063
459 493 6 8 0.063
428 528 8 10 0.062
757 123 9 13 0.062
690 639 6 9 0.061
754 133 8 10 0.060
500 544 7 8 0.058
796 359 6 7 0.056
554 558 6 16 0.049
1 132 13 23 0.046
525 457 6 8 0.045
601 531 8 9 0.045
451 304 6 9 0.044
128 552 9 12 0.043
623 618 6 9 0.043
30 107 14 16 0.040
62 131 14 17 0.040
394 304 7 9 0.039
55 129 18 18 0.039
799 363 6 6 0.038
673 593 7 8 0.038
171 483 7 9 0.038
459 488 6 6 0.038
563 477 6 7 0.036
468 309 6 8 0.035
650 475 6 6 0.035
552 563 7 8 0.034
130 546 11 12 0.034
478 552 8 9 0.033
689 591 8 9 0.033
812 112 7 9 0.032
6 751 11 17 0.032
170 118 10 13 0.032
813 117 7 9 0.031
198 107 14 17 0.030
102 114 12 17 0.030
699 354 7 8 0.029
552 573 6 7 0.028
478 554 7 8 0.027
820 481 8 11 0.027
436 528 26 10 0.027
200 101 12 17 0.027
641 496 6 10 0.026
511 542 8 9 0.026
151 492 8 9 0.026
726 650 7 8 0.025
652 474 6 7 0.025
622 614 6 8 0.024
471 637 7 9 0.024
711 323 6 7 0.023
314 133 10 12 0.023
500 542 15 9 0.023
563 475 6 6 0.023
803 121 19 16 0.023
668 659 7 8 0.023
519 513 7 9 0.022
519 509 7 8 0.022
625 614 6 8 0.022
651 473 7 13 0.022
472 637 8 8 0.022
266 484 7 9 0.021
654 512 9 22 0.021
319 444 6 9 0.021
703 121 6 6 0.021
0 140 11 21 0.021
396 292 7 9 0.020
778 468 7 9 0.020
747 315 7 8 0.020
