23_Shoppers_Shoppers_23_450
38
245 432 20 26 0.635
659 356 20 25 0.521
430 680 20 29 0.511
536 625 24 32 0.247
783 581 17 24 0.242
577 617 16 23 0.096
424 623 15 22 0.078
613 619 19 27 0.075
446 332 12 16 0.074
852 629 21 30 0.066
359 319 14 18 0.065
833 294 12 16 0.062
731 613 20 24 0.051
578 777 16 19 0.045
779 587 19 25 0.045
945 281 13 18 0.038
780 265 11 14 0.036
679 581 26 30 0.035
628 284 11 13 0.035
613 766 18 21 0.034
316 772 26 33 0.033
359 313 12 15 0.033
86 481 21 26 0.032
423 630 20 28 0.031
785 584 23 28 0.029
437 675 19 28 0.029
830 320 14 18 0.029
850 246 15 16 0.027
491 621 22 26 0.027
675 581 20 29 0.025
753 251 15 15 0.024
885 262 14 17 0.024
727 612 17 21 0.023
854 244 18 17 0.021
830 303 13 31 0.021
713 284 11 15 0.021
851 619 21 26 0.021
502 274 9 12 0.020
