59_peopledrivingcar_peopledrivingcar_59_532
41
0 74 24 31 0.780
132 51 22 30 0.776
233 52 22 30 0.738
65 90 24 31 0.711
173 93 21 27 0.707
96 50 24 28 0.683
300 74 19 22 0.643
381 96 17 21 0.635
209 105 18 21 0.605
502 88 15 19 0.522
737 72 25 32 0.455
402 84 16 18 0.404
374 177 18 23 0.245
672 100 12 13 0.188
536 85 16 18 0.165
654 326 8 10 0.146
643 333 9 11 0.143
592 84 15 17 0.125
843 105 8 9 0.124
513 112 15 17 0.118
456 31 14 17 0.100
460 75 17 20 0.077
652 327 9 12 0.075
292 94 16 19 0.068
559 89 11 14 0.067
296 76 18 24 0.066
818 329 7 10 0.058
549 87 20 17 0.057
257 123 17 20 0.048
677 103 11 13 0.041
946 132 9 10 0.040
708 99 12 13 0.038
785 129 15 19 0.036
715 128 13 16 0.031
624 188 12 13 0.028
536 77 16 19 0.027
879 86 12 13 0.025
352 193 14 18 0.024
541 81 14 17 0.022
529 81 16 18 0.021
459 29 15 67 0.020
