10_People_Marching_People_Marching_2_898
29
678 589 53 64 0.814
512 710 47 57 0.814
261 798 50 61 0.733
796 650 32 35 0.503
448 786 32 39 0.211
244 684 15 19 0.206
385 691 16 21 0.150
326 721 17 21 0.135
382 770 38 43 0.119
445 702 13 17 0.094
874 654 29 33 0.065
303 684 15 19 0.061
283 663 14 19 0.052
559 618 16 16 0.050
327 710 18 24 0.050
343 775 18 26 0.040
864 576 23 32 0.040
913 584 21 26 0.032
880 650 37 38 0.031
173 653 17 22 0.030
801 635 36 45 0.028
547 648 14 19 0.026
212 631 12 15 0.026
591 632 17 19 0.023
566 560 10 13 0.023
359 724 16 16 0.023
299 682 28 29 0.022
328 691 16 26 0.022
544 656 21 29 0.022
