10_People_Marching_People_Marching_2_40
201
666 202 41 56 0.823
714 267 54 67 0.815
401 155 30 34 0.809
989 340 35 64 0.806
356 125 28 34 0.803
46 133 40 47 0.793
586 271 41 51 0.791
90 460 82 108 0.781
165 218 38 51 0.771
944 242 45 59 0.767
828 236 58 74 0.764
266 116 28 33 0.760
517 518 98 97 0.760
97 135 29 35 0.752
230 92 21 24 0.750
949 296 53 69 0.745
94 88 24 28 0.743
683 247 41 54 0.740
709 351 43 66 0.735
711 82 15 20 0.726
420 100 21 27 0.721
516 85 19 24 0.716
475 108 18 24 0.696
591 125 23 35 0.687
681 97 18 23 0.683
137 78 21 26 0.682
411 44 13 16 0.675
764 209 41 38 0.675
817 144 21 33 0.671
853 52 13 17 0.661
796 65 13 17 0.657
53 347 53 61 0.653
564 63 16 18 0.650
496 144 30 34 0.641
716 52 13 16 0.635
758 47 13 17 0.630
573 44 13 16 0.627
742 63 12 15 0.604
380 87 21 25 0.598
822 53 13 16 0.598
226 198 33 36 0.596
252 83 20 22 0.574
699 41 14 16 0.566
316 144 24 34 0.564
789 117 24 32 0.524
0 349 38 118 0.523
750 110 18 23 0.519
768 88 17 19 0.518
512 48 13 16 0.481
155 44 10 12 0.474
193 78 18 24 0.472
58 36 10 14 0.472
654 54 14 20 0.465
95 40 10 13 0.450
666 99 16 22 0.444
885 101 15 22 0.424
800 109 23 32 0.414
99 7 8 9 0.412
188 38 9 10 0.405
322 146 26 35 0.395
113 25 8 9 0.393
907 115 15 23 0.387
168 56 14 16 0.387
946 203 31 41 0.386
465 46 14 15 0.355
519 43 13 17 0.348
142 39 9 12 0.342
17 2 10 11 0.339
936 159 20 28 0.315
882 78 14 18 0.314
958 197 23 34 0.310
492 56 11 16 0.296
669 152 22 35 0.292
668 47 12 16 0.282
811 53 13 16 0.268
0 17 8 10 0.254
56 32 10 13 0.232
580 105 25 35 0.231
582 70 11 14 0.215
585 110 26 43 0.209
154 26 7 9 0.205
436 82 17 21 0.203
558 48 11 13 0.194
664 106 19 24 0.191
11 29 10 12 0.190
158 48 13 15 0.180
469 44 11 13 0.172
321 137 61 34 0.165
8 55 14 20 0.164
488 53 13 16 0.161
760 90 21 37 0.157
882 83 16 34 0.156
811 31 11 14 0.152
462 50 13 16 0.152
915 452 45 81 0.139
602 214 35 40 0.136
828 206 35 48 0.131
461 3 8 10 0.131
852 73 14 17 0.127
743 55 27 17 0.124
618 45 13 17 0.121
94 37 19 14 0.120
122 382 71 82 0.117
0 75 8 29 0.115
0 323 25 76 0.110
113 23 9 17 0.110
283 51 12 13 0.103
64 60 11 14 0.102
59 85 20 24 0.099
680 38 10 13 0.092
660 142 25 37 0.089
199 99 18 23 0.086
855 103 20 27 0.082
848 54 30 26 0.080
197 75 16 21 0.078
443 87 13 20 0.078
566 53 15 25 0.078
749 114 23 29 0.071
320 37 11 11 0.069
272 427 59 104 0.069
494 61 13 17 0.068
134 38 17 12 0.068
433 86 22 23 0.066
114 23 6 8 0.066
239 198 27 37 0.061
617 47 21 19 0.061
720 140 22 27 0.061
189 88 25 30 0.061
163 53 14 17 0.060
320 86 20 22 0.059
497 70 12 16 0.059
667 39 13 14 0.058
754 106 21 26 0.056
847 74 16 18 0.055
283 69 14 18 0.055
629 52 18 18 0.054
174 81 24 31 0.051
822 220 44 73 0.050
1 53 14 21 0.050
459 70 10 13 0.050
765 132 20 25 0.049
939 211 26 37 0.048
283 55 14 24 0.047
363 56 15 19 0.047
525 61 11 13 0.047
784 124 23 28 0.043
305 84 18 20 0.042
676 154 21 33 0.042
95 22 10 40 0.042
639 53 17 18 0.040
355 102 23 26 0.040
855 80 18 55 0.039
800 42 24 39 0.039
616 10 9 13 0.039
331 147 21 30 0.039
91 38 15 23 0.038
458 49 13 16 0.038
563 44 13 14 0.038
906 88 16 20 0.036
569 4 11 15 0.036
109 41 21 14 0.036
876 138 25 32 0.033
120 44 19 11 0.032
541 106 23 30 0.032
280 50 11 12 0.031
692 253 42 61 0.031
56 26 10 12 0.031
685 65 14 17 0.029
752 133 23 26 0.029
657 163 25 34 0.029
613 89 20 30 0.029
577 44 12 15 0.028
325 8 11 16 0.028
793 64 19 25 0.027
755 210 35 40 0.027
753 81 20 21 0.027
900 82 21 20 0.026
960 190 18 26 0.026
621 37 13 16 0.026
485 40 12 15 0.025
557 44 10 12 0.025
664 37 11 13 0.024
814 27 11 14 0.024
517 37 12 20 0.024
125 33 8 9 0.024
744 68 15 17 0.023
62 26 12 87 0.023
0 122 11 44 0.023
302 83 15 17 0.023
535 312 56 62 0.022
802 102 20 27 0.022
924 51 9 15 0.022
621 90 16 24 0.022
320 29 13 22 0.022
681 56 14 20 0.021
877 78 14 18 0.021
362 56 11 16 0.021
885 140 33 34 0.021
215 189 36 44 0.021
782 163 26 34 0.021
740 117 20 25 0.020
