10_People_Marching_People_Marching_2_259
200
52 364 15 20 0.740
563 460 15 20 0.724
394 465 16 20 0.719
166 460 17 20 0.718
450 470 16 19 0.707
678 462 16 20 0.704
748 416 13 16 0.692
533 413 13 17 0.685
613 365 13 17 0.682
327 250 13 15 0.675
734 462 16 19 0.674
802 405 15 18 0.671
283 469 16 20 0.667
689 412 14 16 0.667
621 466 14 18 0.666
836 467 15 19 0.661
506 465 16 19 0.656
475 407 14 18 0.655
226 461 16 19 0.655
347 361 14 17 0.654
147 402 16 21 0.654
177 366 14 16 0.647
470 325 12 16 0.647
338 471 15 19 0.643
943 411 13 18 0.641
208 406 14 19 0.640
557 352 13 16 0.634
370 407 15 18 0.630
364 203 11 13 0.624
233 366 13 16 0.623
640 423 13 17 0.622
445 357 14 17 0.620
883 462 16 19 0.611
496 364 15 17 0.611
420 408 16 19 0.610
92 465 16 19 0.609
398 367 14 17 0.601
683 357 14 17 0.601
297 361 13 16 0.600
262 405 15 18 0.599
787 464 15 19 0.599
707 218 10 14 0.586
624 205 11 14 0.586
500 286 13 16 0.585
342 309 15 17 0.584
589 198 12 15 0.573
558 285 12 15 0.568
629 258 12 15 0.567
640 321 13 16 0.567
451 286 13 16 0.563
666 205 11 14 0.563
314 407 14 17 0.560
854 404 14 17 0.558
592 321 13 16 0.555
122 280 13 16 0.553
329 208 11 13 0.552
747 354 13 17 0.550
283 314 14 18 0.547
167 227 11 13 0.543
428 194 11 14 0.541
712 277 12 16 0.532
444 173 11 13 0.529
281 205 10 12 0.514
589 419 15 18 0.514
485 155 12 14 0.501
607 284 13 16 0.499
403 173 10 13 0.494
568 171 10 14 0.487
707 321 13 16 0.469
285 300 13 16 0.466
763 194 10 13 0.463
521 173 11 14 0.459
894 397 13 18 0.459
920 360 13 17 0.452
364 278 13 17 0.450
208 204 11 13 0.444
859 314 15 17 0.401
535 255 11 13 0.385
422 280 12 16 0.364
433 263 11 14 0.355
116 319 13 17 0.352
272 272 11 15 0.329
529 323 12 15 0.315
665 283 14 16 0.291
310 464 14 18 0.206
851 378 12 16 0.202
554 199 11 15 0.196
700 303 12 15 0.194
364 275 11 15 0.192
253 382 12 15 0.192
394 305 12 14 0.185
627 338 12 16 0.179
515 308 12 16 0.176
685 256 13 14 0.173
457 422 14 15 0.159
797 220 11 13 0.159
621 205 21 14 0.159
258 294 11 14 0.153
804 357 15 18 0.152
423 304 11 14 0.147
534 253 15 20 0.138
704 311 14 25 0.134
857 295 12 15 0.125
409 288 11 15 0.123
258 401 16 20 0.117
576 281 11 14 0.113
351 285 12 14 0.112
673 416 13 15 0.104
624 440 12 16 0.102
251 373 15 17 0.097
812 257 12 15 0.095
492 338 11 14 0.094
853 375 13 17 0.092
596 224 13 15 0.088
293 409 14 16 0.083
321 284 14 15 0.083
732 454 14 17 0.074
482 305 13 14 0.073
496 437 16 20 0.072
804 351 14 15 0.071
807 260 14 17 0.069
413 314 14 17 0.067
347 311 14 16 0.066
852 291 16 16 0.063
467 306 10 13 0.062
1013 474 11 14 0.060
474 263 15 17 0.059
95 360 16 19 0.054
494 469 14 18 0.054
419 400 16 22 0.054
705 282 14 20 0.053
94 316 14 18 0.052
105 318 20 19 0.052
752 284 13 17 0.051
414 303 18 27 0.051
124 332 14 17 0.051
922 361 16 20 0.050
606 275 13 15 0.049
121 327 16 19 0.049
759 197 13 17 0.048
934 470 16 19 0.048
123 277 13 14 0.047
465 305 26 14 0.046
850 330 13 15 0.046
284 263 14 17 0.046
426 273 11 16 0.045
749 350 13 18 0.044
855 318 15 19 0.044
252 386 14 19 0.044
465 380 11 16 0.043
114 319 18 28 0.042
522 166 56 23 0.041
273 266 23 16 0.041
633 422 18 25 0.040
665 210 11 13 0.040
801 264 14 15 0.039
851 380 12 25 0.039
792 242 12 16 0.039
638 409 13 16 0.037
431 374 10 16 0.036
843 291 14 16 0.034
593 303 13 22 0.034
205 400 16 20 0.033
585 192 14 17 0.033
703 399 11 15 0.032
208 469 15 18 0.032
596 390 14 17 0.032
468 316 12 18 0.031
309 471 15 19 0.031
290 408 13 16 0.031
501 281 13 17 0.029
906 358 13 15 0.029
389 196 8 12 0.029
565 195 14 18 0.028
732 418 12 14 0.028
471 191 11 14 0.027
171 250 12 15 0.026
837 286 12 16 0.026
439 363 18 16 0.026
814 471 13 14 0.025
289 260 12 14 0.025
208 209 11 14 0.024
860 304 14 19 0.024
289 223 11 12 0.024
847 294 14 16 0.023
589 201 11 26 0.023
621 434 15 17 0.022
291 364 15 17 0.022
228 430 16 19 0.022
680 295 15 17 0.022
618 278 11 15 0.022
641 426 16 16 0.022
831 348 12 15 0.022
521 177 12 14 0.021
114 313 15 18 0.021
580 328 13 19 0.021
902 467 14 16 0.021
855 288 12 14 0.021
232 354 14 18 0.021
766 312 13 20 0.020
