10_People_Marching_People_Marching_2_404
73
38 263 23 27 0.736
605 231 26 31 0.713
271 264 22 26 0.684
199 231 23 30 0.682
340 279 14 18 0.647
1012 264 12 31 0.561
840 284 16 19 0.531
157 296 16 18 0.510
391 296 12 16 0.497
932 246 21 25 0.393
781 292 13 16 0.289
732 286 12 14 0.277
410 297 13 16 0.235
317 273 14 17 0.234
494 306 11 13 0.167
453 288 11 14 0.158
920 243 21 24 0.156
413 296 13 16 0.144
388 296 35 16 0.127
761 282 11 15 0.112
874 257 16 20 0.109
490 303 13 13 0.104
373 283 15 17 0.102
381 279 13 15 0.092
779 276 13 17 0.087
714 294 10 12 0.082
474 278 11 14 0.081
759 279 12 16 0.080
421 291 12 16 0.079
453 293 12 14 0.073
816 264 15 17 0.069
795 271 11 14 0.069
370 290 13 15 0.068
829 267 14 18 0.067
144 294 14 17 0.063
743 296 11 13 0.062
912 240 20 23 0.060
313 279 14 16 0.059
378 278 18 24 0.058
815 264 21 24 0.048
567 243 14 17 0.044
841 274 17 22 0.041
478 281 10 15 0.040
818 280 13 16 0.040
697 294 8 10 0.040
374 279 17 15 0.037
360 274 12 16 0.035
362 279 14 22 0.035
363 295 13 14 0.034
752 291 17 13 0.033
803 268 25 19 0.032
713 288 15 18 0.031
473 295 16 16 0.029
879 260 16 22 0.029
764 268 20 26 0.029
453 268 10 12 0.028
499 313 11 11 0.027
679 286 10 12 0.026
413 304 12 12 0.025
434 295 17 15 0.025
979 265 17 19 0.025
792 266 12 15 0.024
566 249 11 13 0.024
496 307 13 15 0.024
454 264 9 29 0.024
967 258 17 19 0.024
107 296 12 14 0.023
768 257 12 21 0.022
161 223 18 25 0.021
453 270 19 17 0.021
818 286 14 16 0.021
910 247 16 20 0.020
158 241 18 21 0.020
