10_People_Marching_People_Marching_2_173
107
796 511 24 33 0.757
859 514 16 19 0.680
760 498 10 13 0.664
366 495 12 16 0.599
210 484 8 9 0.554
520 502 12 14 0.554
319 486 10 14 0.543
249 492 10 12 0.536
674 503 11 13 0.523
731 503 13 14 0.499
675 534 11 16 0.472
454 494 11 14 0.462
171 490 8 9 0.421
191 486 8 9 0.409
495 503 11 14 0.408
541 494 9 11 0.352
421 495 10 12 0.339
282 496 10 11 0.292
643 497 10 12 0.251
273 493 10 11 0.239
491 503 12 13 0.228
482 502 10 11 0.219
134 484 7 9 0.197
813 497 10 14 0.195
583 502 13 14 0.187
273 235 7 9 0.186
346 486 12 14 0.182
383 491 11 14 0.182
976 487 9 12 0.178
341 498 10 12 0.177
947 500 20 23 0.175
145 491 8 9 0.175
941 498 18 22 0.175
779 518 12 15 0.164
343 493 11 14 0.160
614 504 10 15 0.156
231 493 9 12 0.139
701 518 9 12 0.132
231 477 9 10 0.125
346 484 10 11 0.120
644 498 15 12 0.118
673 489 11 52 0.117
1014 503 10 20 0.117
569 500 11 13 0.111
170 486 9 9 0.099
229 496 9 10 0.098
285 496 9 12 0.098
692 495 11 13 0.097
115 489 8 9 0.096
464 502 9 11 0.093
114 488 8 9 0.090
190 489 8 10 0.084
574 501 24 15 0.083
179 485 23 11 0.083
142 486 10 9 0.078
416 495 11 13 0.076
232 482 8 27 0.076
185 486 8 9 0.067
938 500 16 20 0.067
656 497 9 11 0.066
803 503 18 26 0.059
154 490 9 9 0.059
207 483 13 13 0.058
567 503 12 16 0.057
994 518 13 18 0.055
144 489 23 10 0.052
632 517 10 16 0.051
973 487 9 12 0.051
825 474 13 16 0.051
746 543 18 25 0.051
374 482 9 11 0.050
135 489 24 9 0.048
155 486 10 9 0.047
544 492 13 10 0.046
278 492 14 15 0.045
1015 512 9 26 0.044
570 500 21 21 0.043
185 490 8 9 0.041
503 498 12 12 0.039
440 495 18 12 0.037
577 501 18 24 0.037
253 490 15 14 0.037
574 519 12 15 0.037
978 519 15 18 0.035
973 486 14 18 0.034
389 490 14 13 0.034
950 508 37 23 0.034
864 513 16 18 0.034
536 494 12 14 0.033
511 495 11 14 0.031
983 518 18 16 0.030
728 506 13 13 0.030
638 495 27 17 0.028
454 497 24 14 0.027
818 483 13 20 0.027
696 495 11 15 0.027
978 522 21 25 0.026
772 516 15 15 0.026
414 502 8 11 0.025
421 490 12 14 0.023
986 525 20 22 0.022
343 501 12 13 0.022
342 479 11 11 0.022
632 510 11 19 0.022
658 501 10 12 0.021
567 481 10 12 0.021
858 498 13 17 0.021
