10_People_Marching_People_Marching_10_People_Marching_People_Marching_10_People_Marching_People_Marching_10_162
53
389 307 25 28 0.780
334 271 23 27 0.572
138 269 24 27 0.511
440 291 24 26 0.473
305 266 21 26 0.305
696 279 23 29 0.230
273 288 21 27 0.223
668 289 21 30 0.211
384 223 29 32 0.202
517 273 25 28 0.164
175 256 23 26 0.107
257 213 28 33 0.100
53 307 33 28 0.093
410 222 25 26 0.091
135 258 26 29 0.087
65 313 23 25 0.082
968 205 13 17 0.082
39 309 24 25 0.076
229 286 27 32 0.075
823 303 36 41 0.075
706 284 23 25 0.067
266 213 32 32 0.064
728 237 26 24 0.064
835 78 21 28 0.056
363 262 18 25 0.055
93 280 25 29 0.052
410 110 19 23 0.052
58 289 25 31 0.040
54 219 25 29 0.038
870 133 28 31 0.036
778 90 19 20 0.036
523 268 27 29 0.035
329 257 26 35 0.035
169 260 22 26 0.032
432 285 26 30 0.032
400 112 28 25 0.030
354 256 24 32 0.026
268 293 21 26 0.025
346 146 19 22 0.025
492 140 24 29 0.025
94 288 18 24 0.025
280 215 24 28 0.024
273 271 28 32 0.024
658 39 21 21 0.023
37 315 19 25 0.023
227 275 28 34 0.022
132 253 22 28 0.022
298 274 23 30 0.021
391 121 19 25 0.021
53 286 23 28 0.021
831 321 31 41 0.021
672 138 23 25 0.020
414 215 26 29 0.020
