10_People_Marching_People_Marching_10_People_Marching_People_Marching_10_People_Marching_People_Marching_10_674
244
843 284 11 14 0.717
831 397 16 18 0.663
980 316 11 14 0.656
259 300 12 15 0.629
275 457 18 26 0.613
822 272 10 14 0.611
866 310 11 13 0.592
516 252 8 11 0.586
596 335 12 15 0.574
318 266 7 10 0.571
639 340 13 16 0.560
919 309 11 13 0.554
867 285 11 14 0.554
796 315 10 12 0.554
233 270 10 12 0.552
510 354 14 17 0.547
575 362 13 15 0.533
679 382 13 14 0.517
297 260 9 11 0.503
19 368 10 13 0.494
880 337 12 16 0.493
208 312 11 13 0.479
463 343 13 14 0.472
797 332 12 14 0.465
527 338 11 12 0.463
673 272 8 10 0.461
508 288 9 10 0.456
894 308 11 13 0.439
194 345 13 16 0.431
393 340 10 14 0.422
1001 328 10 13 0.419
696 267 9 11 0.406
408 377 15 17 0.404
487 305 11 13 0.403
788 294 10 13 0.401
43 441 13 21 0.374
106 332 11 13 0.374
400 256 8 10 0.368
963 315 11 13 0.357
775 288 10 12 0.344
416 256 9 12 0.332
168 228 6 9 0.320
347 296 12 15 0.315
635 269 9 10 0.310
143 409 14 18 0.302
9 279 10 12 0.301
733 285 10 12 0.301
631 382 13 17 0.297
371 267 9 11 0.290
561 281 9 10 0.288
563 338 11 13 0.284
595 271 8 10 0.276
117 285 9 13 0.274
23 243 10 11 0.270
252 254 9 12 0.269
432 261 8 8 0.263
724 355 15 16 0.246
939 375 12 14 0.244
596 269 9 11 0.243
587 302 9 12 0.242
758 317 9 12 0.236
102 294 9 12 0.234
145 290 10 13 0.229
969 314 18 15 0.225
384 258 8 10 0.225
612 261 8 9 0.223
130 271 10 12 0.222
450 329 9 12 0.212
71 286 9 11 0.202
750 367 13 15 0.194
796 319 12 25 0.184
410 311 12 14 0.179
176 395 12 18 0.168
617 375 15 17 0.162
190 202 9 11 0.159
186 288 10 12 0.153
425 259 14 10 0.149
866 297 11 30 0.148
442 341 10 13 0.146
329 332 11 13 0.140
371 256 8 10 0.140
89 389 17 19 0.136
619 362 15 17 0.130
413 314 11 14 0.125
349 293 11 14 0.124
983 317 13 14 0.120
606 263 10 10 0.117
576 267 8 9 0.116
158 302 11 13 0.112
598 265 20 10 0.111
556 365 12 14 0.109
410 330 11 13 0.102
995 323 17 20 0.101
0 415 9 16 0.100
115 395 13 17 0.100
436 297 9 12 0.097
776 289 14 14 0.096
658 351 11 14 0.096
775 336 10 12 0.094
421 469 16 26 0.092
195 258 11 11 0.090
299 286 10 11 0.090
708 381 12 14 0.088
343 479 14 19 0.086
949 295 12 14 0.086
369 257 18 11 0.085
428 332 10 12 0.083
350 326 11 13 0.082
592 324 11 14 0.082
628 263 8 10 0.080
110 286 17 16 0.077
52 250 10 11 0.075
216 324 9 12 0.074
102 273 9 11 0.073
627 304 8 10 0.072
796 284 10 12 0.071
147 402 14 20 0.070
777 297 10 12 0.070
125 415 12 16 0.067
475 358 11 14 0.067
279 305 11 14 0.066
677 386 13 14 0.065
891 308 35 15 0.063
534 287 8 10 0.063
747 371 13 14 0.061
135 280 12 14 0.059
200 257 11 10 0.059
112 254 9 11 0.057
406 307 11 13 0.056
729 287 10 12 0.054
77 402 20 19 0.051
876 332 15 17 0.050
321 333 16 15 0.050
721 352 13 17 0.049
345 322 14 16 0.049
370 264 13 15 0.049
447 354 12 21 0.048
191 286 9 13 0.048
722 346 10 13 0.048
496 379 15 18 0.048
509 360 13 15 0.048
336 476 13 19 0.047
478 314 12 14 0.047
735 283 13 12 0.047
472 354 13 16 0.046
314 305 10 13 0.045
448 361 12 17 0.044
191 343 11 16 0.044
76 375 13 15 0.044
386 334 12 16 0.043
93 307 9 14 0.042
54 285 10 12 0.041
652 327 11 15 0.041
380 323 9 13 0.041
167 225 9 24 0.041
850 357 10 13 0.040
338 317 11 14 0.040
863 341 10 15 0.040
388 338 13 20 0.040
0 421 9 25 0.039
752 362 12 15 0.039
1013 324 9 13 0.039
79 406 17 24 0.038
441 327 15 30 0.038
100 287 31 15 0.038
148 396 47 18 0.037
179 283 12 15 0.037
646 280 8 11 0.037
531 287 8 10 0.037
576 264 7 9 0.037
679 376 14 16 0.036
515 353 15 18 0.035
122 407 15 21 0.035
345 293 11 13 0.035
757 300 12 36 0.035
670 270 20 13 0.034
167 243 11 12 0.034
798 287 8 11 0.034
154 396 15 17 0.034
105 391 21 19 0.034
250 274 9 12 0.033
228 253 9 10 0.033
126 265 14 16 0.032
479 322 9 14 0.032
92 303 12 15 0.032
635 330 12 15 0.032
60 422 13 15 0.031
255 302 17 22 0.030
970 370 11 12 0.030
311 492 13 23 0.030
0 432 15 23 0.030
230 271 10 13 0.030
50 430 13 21 0.029
381 360 12 14 0.029
273 312 11 13 0.029
183 293 11 12 0.029
368 285 9 11 0.029
832 332 9 11 0.028
356 522 13 25 0.028
696 263 9 11 0.028
920 302 8 11 0.028
492 313 11 13 0.027
85 423 14 20 0.027
155 282 11 12 0.027
296 262 25 13 0.027
315 336 12 14 0.027
249 314 11 12 0.027
126 404 20 22 0.026
375 515 16 24 0.026
384 349 12 22 0.026
308 271 12 16 0.026
464 381 13 15 0.026
959 315 11 14 0.025
521 338 14 16 0.025
941 370 11 15 0.024
281 500 12 20 0.024
72 398 14 19 0.023
281 250 9 10 0.023
598 266 12 13 0.023
713 325 9 14 0.023
283 355 11 15 0.023
119 262 13 15 0.022
466 279 9 12 0.022
71 393 19 32 0.022
431 301 14 14 0.022
190 263 11 13 0.022
161 393 17 18 0.022
378 320 10 14 0.022
63 245 10 11 0.022
211 307 14 17 0.022
374 350 14 15 0.021
464 282 9 10 0.021
712 377 15 19 0.021
731 372 12 15 0.021
79 387 21 24 0.021
420 463 16 21 0.021
952 293 19 17 0.021
372 347 11 13 0.020
349 261 9 10 0.020
171 242 9 12 0.020
168 278 15 11 0.020
224 314 10 10 0.020
279 249 16 15 0.020
499 340 10 14 0.020
