10_People_Marching_People_Marching_10_People_Marching_People_Marching_10_People_Marching_People_Marching_10_619
72
431 459 14 17 0.657
502 441 9 12 0.529
589 438 13 16 0.524
667 442 13 16 0.508
354 456 9 11 0.495
258 457 11 15 0.478
193 464 13 17 0.472
415 446 8 10 0.454
305 459 10 13 0.385
233 467 11 14 0.365
554 445 16 19 0.362
401 467 9 11 0.345
521 447 15 17 0.339
437 435 8 10 0.338
497 457 8 11 0.333
161 479 15 17 0.308
52 484 16 17 0.305
90 479 14 16 0.241
539 451 13 16 0.146
615 441 13 14 0.142
406 428 10 10 0.142
402 429 10 10 0.136
785 416 12 16 0.133
463 453 11 13 0.129
95 482 14 16 0.128
358 442 8 9 0.118
94 475 13 18 0.101
700 431 13 16 0.093
60 476 13 19 0.089
589 443 14 17 0.088
497 454 12 14 0.086
268 474 9 11 0.081
252 458 14 17 0.075
215 460 12 15 0.071
264 468 11 14 0.070
444 444 17 16 0.069
458 433 8 10 0.065
524 443 14 17 0.065
330 458 8 11 0.062
516 450 12 14 0.060
169 482 10 14 0.058
188 467 14 18 0.056
623 442 13 14 0.053
442 435 17 18 0.052
575 442 18 16 0.052
409 453 12 18 0.052
432 443 18 33 0.052
470 454 11 12 0.049
458 430 8 23 0.045
453 433 9 10 0.043
657 425 9 11 0.039
157 481 15 17 0.038
394 387 7 8 0.038
218 456 12 14 0.038
496 448 11 17 0.036
459 451 19 17 0.035
594 460 13 15 0.035
414 426 7 10 0.035
296 452 13 18 0.035
654 424 11 27 0.033
226 461 22 17 0.033
531 436 11 14 0.032
636 426 9 12 0.029
394 445 10 16 0.029
157 474 14 18 0.026
390 446 12 13 0.026
643 445 16 13 0.025
48 485 15 16 0.025
782 422 14 18 0.025
326 454 9 13 0.022
530 434 9 11 0.021
87 476 12 16 0.021
