10_People_Marching_People_Marching_2_171
67
201 363 20 25 0.796
32 432 23 27 0.796
455 75 23 28 0.794
748 273 21 29 0.790
307 356 22 26 0.787
839 99 21 28 0.784
64 360 22 28 0.781
672 88 22 29 0.775
265 491 21 29 0.772
441 426 22 26 0.770
324 298 19 24 0.768
392 356 20 25 0.765
573 69 19 28 0.764
306 437 22 27 0.764
468 352 21 24 0.761
723 342 21 29 0.756
114 126 22 27 0.756
560 578 20 28 0.754
976 264 23 28 0.754
248 104 18 24 0.749
5 143 20 23 0.747
216 433 23 28 0.747
420 491 21 30 0.746
13 632 23 28 0.735
346 112 20 25 0.719
103 544 21 27 0.716
454 532 20 28 0.716
608 381 20 30 0.715
554 351 21 28 0.698
126 440 22 27 0.695
342 619 17 28 0.678
906 334 22 29 0.670
193 303 19 25 0.669
565 427 22 26 0.666
222 583 19 27 0.650
99 655 19 25 0.644
770 69 21 29 0.642
663 370 21 29 0.641
441 292 19 22 0.641
570 276 18 24 0.537
431 650 23 29 0.534
590 251 18 22 0.335
637 310 20 28 0.295
465 323 21 24 0.271
193 457 19 26 0.269
160 324 21 24 0.247
583 362 20 25 0.163
767 62 21 28 0.132
452 293 19 23 0.122
337 374 20 25 0.093
1009 274 15 23 0.093
655 344 22 29 0.084
421 155 12 15 0.084
789 110 20 25 0.077
672 278 21 31 0.073
438 648 24 29 0.054
157 169 17 19 0.049
635 355 19 24 0.041
283 449 19 23 0.039
460 327 20 24 0.037
0 463 7 24 0.036
717 320 18 26 0.033
566 273 17 24 0.030
460 473 18 25 0.027
457 319 22 26 0.022
570 290 17 21 0.021
665 376 24 28 0.020
