10_People_Marching_People_Marching_2_678
63
723 272 26 32 0.826
351 277 26 29 0.808
306 291 22 25 0.801
449 295 24 28 0.782
886 293 20 25 0.781
622 294 20 24 0.768
513 302 22 25 0.750
255 290 27 30 0.721
844 303 20 25 0.719
217 296 24 29 0.719
786 304 20 23 0.675
946 209 12 15 0.631
902 209 10 14 0.618
66 253 11 15 0.604
21 316 13 20 0.578
117 335 13 16 0.517
565 328 11 15 0.428
39 318 13 18 0.414
204 297 12 16 0.391
379 304 16 18 0.379
758 318 18 23 0.349
157 336 11 15 0.344
419 323 14 16 0.256
111 300 12 13 0.253
1000 246 13 17 0.214
68 365 12 16 0.200
592 315 11 14 0.191
176 342 12 13 0.178
842 183 13 14 0.152
105 346 12 17 0.141
189 317 10 13 0.131
165 308 12 15 0.128
797 307 19 23 0.126
70 354 13 16 0.111
162 320 11 15 0.094
163 314 13 17 0.093
60 323 9 14 0.090
432 287 14 17 0.081
548 319 15 14 0.074
86 334 14 16 0.063
304 273 14 18 0.053
977 265 18 20 0.045
306 274 10 13 0.044
166 303 10 14 0.038
76 339 15 25 0.035
474 294 13 17 0.034
759 312 16 20 0.034
378 309 16 20 0.032
563 322 15 16 0.031
122 321 12 12 0.028
612 185 6 10 0.027
1013 189 9 11 0.026
108 299 12 15 0.025
1 334 11 15 0.025
797 252 8 9 0.024
107 335 21 17 0.024
988 249 24 23 0.023
837 183 14 14 0.023
431 282 14 17 0.023
102 350 13 19 0.022
1017 271 7 16 0.021
847 182 12 14 0.021
417 317 20 25 0.021
