10_People_Marching_People_Marching_2_2
110
952 466 37 61 0.787
761 424 30 39 0.758
664 478 28 52 0.727
487 483 25 39 0.715
1002 421 22 32 0.664
661 433 19 36 0.642
962 394 15 23 0.621
656 394 20 28 0.599
903 404 16 23 0.579
792 387 11 15 0.578
827 348 9 14 0.516
629 382 13 16 0.449
718 395 16 21 0.403
295 392 11 17 0.360
702 368 11 13 0.349
995 354 10 14 0.320
909 353 9 13 0.308
619 359 9 10 0.307
38 387 11 19 0.296
313 391 9 13 0.287
762 392 14 16 0.280
589 356 8 10 0.248
252 384 9 12 0.246
340 388 8 10 0.241
976 348 7 11 0.240
541 373 8 9 0.220
521 414 12 20 0.212
813 397 13 17 0.205
233 406 12 16 0.203
557 385 12 16 0.181
572 419 13 22 0.172
433 403 10 14 0.168
453 461 15 26 0.164
524 355 7 9 0.138
636 360 8 11 0.130
877 346 9 12 0.110
521 396 10 16 0.104
363 374 8 10 0.099
163 427 13 20 0.091
684 364 9 9 0.085
697 354 8 9 0.084
478 396 8 12 0.083
979 347 13 13 0.073
514 382 9 13 0.071
859 372 10 14 0.070
247 383 11 12 0.069
100 392 10 14 0.068
358 390 9 10 0.065
86 400 12 22 0.063
805 393 18 19 0.063
617 360 11 14 0.058
642 412 14 23 0.057
857 393 12 20 0.054
912 353 10 13 0.054
518 406 12 24 0.052
297 399 12 16 0.046
478 370 7 9 0.045
315 388 9 13 0.045
496 385 9 11 0.044
565 358 8 9 0.043
374 387 10 12 0.043
637 363 9 26 0.043
1008 149 8 11 0.042
519 389 9 15 0.042
999 414 19 30 0.041
344 451 15 32 0.040
514 522 22 49 0.039
564 360 14 8 0.038
941 359 10 13 0.037
332 373 7 9 0.037
254 386 12 14 0.036
644 417 15 24 0.036
541 399 10 15 0.036
362 372 10 24 0.035
89 391 18 29 0.034
520 393 13 28 0.033
420 360 7 8 0.033
815 389 13 18 0.033
405 389 9 12 0.033
219 396 7 10 0.032
45 390 12 20 0.032
97 391 16 19 0.032
230 406 11 16 0.031
751 393 20 31 0.031
576 362 8 10 0.031
394 367 8 9 0.030
629 358 9 9 0.029
576 400 12 27 0.029
1003 409 19 30 0.029
687 356 18 16 0.029
117 401 12 13 0.028
832 421 13 24 0.026
302 408 12 16 0.026
975 347 12 13 0.026
380 380 8 13 0.025
270 384 10 12 0.025
746 413 19 27 0.024
540 373 11 15 0.024
268 395 10 16 0.023
744 403 15 24 0.023
748 403 18 26 0.022
92 391 12 16 0.022
333 374 10 10 0.022
338 388 11 14 0.021
558 402 18 21 0.021
243 383 9 11 0.021
707 367 10 12 0.021
423 384 10 13 0.021
550 402 16 19 0.021
479 369 14 17 0.020
