26_Soldier_Drilling_Soldiers_Drilling_26_262
130
758 325 24 30 0.823
575 273 23 29 0.805
919 283 27 33 0.805
475 310 23 27 0.801
619 316 24 30 0.799
802 285 24 30 0.789
274 295 23 27 0.785
954 292 25 30 0.781
692 277 24 27 0.779
852 292 23 27 0.778
448 273 22 27 0.768
224 263 19 25 0.767
762 248 21 25 0.761
610 274 21 27 0.761
966 236 20 25 0.760
127 263 21 25 0.754
724 282 24 29 0.751
781 273 21 26 0.750
636 282 22 26 0.739
218 231 17 20 0.728
77 261 24 27 0.723
37 273 21 23 0.721
1003 266 21 34 0.721
865 253 21 24 0.718
533 268 27 27 0.717
169 265 24 30 0.712
343 258 22 26 0.705
300 264 21 23 0.703
60 259 18 24 0.700
250 216 13 17 0.694
404 194 14 16 0.692
486 243 14 18 0.690
372 219 13 17 0.684
390 262 18 24 0.681
439 218 17 19 0.681
218 210 15 17 0.673
302 214 15 18 0.668
474 229 14 18 0.660
6 263 21 25 0.658
168 212 14 16 0.653
650 234 14 18 0.644
508 266 19 25 0.636
497 224 14 16 0.632
591 243 15 18 0.623
528 218 13 16 0.615
426 262 21 24 0.601
90 215 14 16 0.600
124 237 16 20 0.599
601 222 15 20 0.596
584 229 13 15 0.583
324 216 16 20 0.574
684 221 17 19 0.536
244 262 17 21 0.514
353 228 14 17 0.472
152 251 17 22 0.460
398 226 14 18 0.452
421 258 19 23 0.451
113 222 12 17 0.441
714 237 19 23 0.436
803 246 16 21 0.429
206 252 14 17 0.425
588 232 16 24 0.396
481 237 17 20 0.360
103 260 15 19 0.352
690 251 20 19 0.325
180 225 15 17 0.322
831 251 18 19 0.317
927 248 22 25 0.296
218 214 15 33 0.296
977 279 17 23 0.290
332 267 17 23 0.260
46 233 15 16 0.257
505 265 37 27 0.252
386 220 13 15 0.246
264 236 15 19 0.188
521 242 17 16 0.186
410 255 17 20 0.169
824 288 20 23 0.140
960 289 21 27 0.139
899 274 16 24 0.135
472 228 26 20 0.126
0 258 11 24 0.122
678 219 12 17 0.111
327 215 15 16 0.100
323 259 12 18 0.099
48 223 16 24 0.097
37 251 17 19 0.090
56 212 14 16 0.088
685 211 17 45 0.087
524 234 17 21 0.079
367 286 25 27 0.079
913 250 19 24 0.079
743 259 18 21 0.078
167 192 19 62 0.075
529 271 22 24 0.071
51 211 14 15 0.068
840 274 18 27 0.065
24 207 12 14 0.061
833 280 21 27 0.059
915 253 25 27 0.058
991 251 20 22 0.056
360 285 23 26 0.054
899 283 14 21 0.053
40 237 17 30 0.051
903 260 22 28 0.050
265 216 12 20 0.048
125 253 20 27 0.046
319 263 21 19 0.046
37 206 14 16 0.045
378 288 18 26 0.044
902 247 21 24 0.044
542 241 15 15 0.043
919 248 22 22 0.040
216 207 13 17 0.040
900 248 35 40 0.040
810 248 20 22 0.035
256 257 18 22 0.034
839 265 19 27 0.034
300 212 13 16 0.029
384 272 17 25 0.028
28 204 17 17 0.027
129 45 9 11 0.027
140 231 14 18 0.026
2 265 17 24 0.026
281 241 13 21 0.025
653 231 15 20 0.025
134 71 31 40 0.025
264 249 15 24 0.024
899 243 16 23 0.023
170 218 16 16 0.023
