26_Soldier_Drilling_Soldiers_Drilling_26_991
55
346 102 15 18 0.695
587 85 11 16 0.685
305 94 14 16 0.679
215 120 11 15 0.671
630 83 12 16 0.669
244 121 12 14 0.657
437 102 13 17 0.646
701 77 12 14 0.638
479 97 13 17 0.631
785 65 12 14 0.608
173 122 10 13 0.565
274 112 13 16 0.537
731 82 11 13 0.533
664 79 11 14 0.531
836 62 13 16 0.508
389 111 12 15 0.473
51 142 9 11 0.460
946 54 12 14 0.452
551 94 12 15 0.430
129 133 11 12 0.314
70 148 9 10 0.271
673 77 12 15 0.229
212 118 23 16 0.218
609 91 11 13 0.179
510 91 11 16 0.166
884 107 7 8 0.126
930 54 10 14 0.114
867 93 8 9 0.109
705 79 41 14 0.107
110 132 10 13 0.087
840 64 13 17 0.084
753 53 10 14 0.073
561 100 11 13 0.070
130 135 11 12 0.068
540 99 11 13 0.067
277 115 13 17 0.057
937 104 8 10 0.057
143 100 10 15 0.045
617 89 13 13 0.044
504 92 33 17 0.044
934 52 14 16 0.041
354 80 11 14 0.038
304 121 15 18 0.036
789 65 12 15 0.033
508 87 11 15 0.032
411 115 14 14 0.032
605 91 12 14 0.031
106 121 13 22 0.030
175 119 10 13 0.027
829 62 13 16 0.026
338 154 14 17 0.022
523 93 20 17 0.022
825 62 12 16 0.022
389 106 11 15 0.022
416 116 12 16 0.021
