26_Soldier_Drilling_Soldiers_Drilling_26_204
117
372 255 26 36 0.747
599 117 11 14 0.674
438 196 20 26 0.631
450 140 16 21 0.613
944 170 12 17 0.505
499 105 13 14 0.470
664 237 21 27 0.447
584 84 11 13 0.438
194 79 10 12 0.431
239 69 9 11 0.377
965 149 15 17 0.372
988 163 11 14 0.368
621 152 16 21 0.358
1015 125 9 14 0.332
900 178 16 21 0.326
739 109 14 17 0.321
346 50 7 9 0.320
168 64 9 11 0.277
583 139 16 22 0.252
660 111 13 16 0.247
989 119 10 14 0.232
629 77 9 12 0.223
494 81 9 10 0.207
834 137 13 15 0.198
858 121 12 15 0.191
982 203 16 19 0.182
922 230 16 22 0.180
286 54 9 10 0.173
896 186 16 22 0.170
942 113 12 14 0.164
892 354 17 22 0.163
994 186 14 16 0.154
662 115 13 20 0.153
1012 297 12 30 0.149
851 322 16 25 0.133
968 195 13 17 0.132
924 109 10 12 0.128
713 124 13 16 0.127
884 147 14 17 0.116
985 207 18 20 0.111
664 126 12 15 0.110
1014 179 9 17 0.104
652 78 11 14 0.100
990 211 16 19 0.098
774 111 13 15 0.094
475 131 12 15 0.077
831 133 24 18 0.075
972 112 14 13 0.073
931 113 26 13 0.068
703 89 10 13 0.067
968 117 11 14 0.063
730 325 16 20 0.062
987 123 11 13 0.061
582 82 10 13 0.060
1011 144 12 13 0.060
639 163 16 21 0.059
894 273 16 19 0.058
919 233 14 18 0.058
971 113 13 22 0.055
933 370 20 31 0.054
714 176 13 18 0.054
923 222 17 23 0.053
793 214 18 24 0.053
907 207 18 20 0.051
519 50 7 9 0.051
684 174 16 19 0.049
650 73 12 14 0.048
946 258 12 18 0.047
666 89 13 15 0.047
747 104 15 18 0.046
548 57 8 9 0.045
882 142 14 17 0.045
755 100 12 16 0.045
835 187 21 24 0.045
685 120 14 16 0.044
656 91 14 45 0.043
972 127 12 15 0.043
275 55 8 9 0.042
851 309 18 29 0.040
371 57 7 8 0.039
797 216 19 26 0.039
968 202 14 21 0.038
622 160 19 22 0.037
699 189 14 20 0.036
916 112 13 14 0.035
1009 235 15 23 0.033
492 72 10 22 0.033
930 137 12 15 0.032
893 191 15 21 0.032
899 185 18 30 0.031
178 71 18 14 0.031
914 207 18 23 0.031
687 180 21 23 0.030
517 50 8 13 0.029
803 113 13 15 0.029
1017 313 7 32 0.027
821 138 13 15 0.027
690 117 13 15 0.026
313 55 8 9 0.026
911 115 12 15 0.026
903 207 15 20 0.026
486 65 9 15 0.025
850 295 26 34 0.025
671 92 13 15 0.025
692 179 22 33 0.025
788 211 14 20 0.024
288 50 9 12 0.024
662 82 16 63 0.024
164 66 11 13 0.023
710 81 12 14 0.023
796 130 15 19 0.023
643 165 17 22 0.023
948 170 14 18 0.023
839 313 27 29 0.023
991 173 14 20 0.022
506 83 8 10 0.021
932 126 15 25 0.020
