26_Soldier_Drilling_Soldiers_Drilling_26_1022
40
87 495 21 25 0.722
29 455 24 29 0.670
256 420 28 38 0.598
79 303 19 25 0.484
22 505 22 27 0.381
580 445 11 12 0.239
643 449 9 12 0.216
607 448 10 12 0.201
106 300 22 26 0.197
282 335 19 22 0.161
623 443 10 11 0.151
389 349 12 15 0.125
682 462 12 15 0.121
696 450 9 14 0.106
111 296 21 25 0.101
168 519 21 27 0.086
472 344 11 13 0.070
247 309 21 25 0.068
298 27 168 222 0.064
340 348 13 14 0.057
255 306 22 23 0.051
125 525 24 28 0.050
253 411 25 33 0.047
117 292 19 24 0.037
720 453 11 13 0.037
697 450 8 9 0.037
262 303 17 22 0.035
170 294 21 25 0.033
165 515 19 23 0.031
318 328 14 17 0.026
740 451 8 11 0.026
761 451 9 12 0.025
266 418 23 32 0.024
664 446 9 11 0.024
243 314 20 25 0.024
411 356 10 12 0.024
211 309 22 25 0.023
336 332 13 16 0.023
260 435 25 32 0.021
550 431 9 9 0.020
