12_Group_Team_Organized_Group_12_Group_Team_Organized_Group_12_28
28
215 0 57 47 0.873
601 270 27 33 0.827
520 256 40 49 0.824
682 50 43 62 0.821
432 261 29 38 0.817
927 241 26 35 0.804
986 285 31 41 0.796
467 260 25 28 0.777
825 275 23 34 0.702
332 251 27 34 0.697
142 267 24 31 0.696
965 255 27 31 0.672
870 274 26 29 0.649
1000 245 21 27 0.630
11 221 27 26 0.452
676 259 18 31 0.440
778 266 20 28 0.242
6 220 21 26 0.202
107 207 18 30 0.159
155 241 16 22 0.078
962 269 26 31 0.069
100 214 20 33 0.049
965 278 19 25 0.049
880 273 24 31 0.039
974 247 30 31 0.038
1001 362 18 30 0.031
779 260 18 25 0.030
22 221 22 26 0.026
