12_Group_Team_Organized_Group_12_Group_Team_Organized_Group_12_171
22
94 182 52 67 0.844
581 235 24 31 0.819
490 247 25 30 0.764
412 256 25 29 0.758
358 290 29 32 0.757
282 245 30 34 0.733
647 224 26 28 0.704
848 235 16 24 0.646
193 253 30 33 0.620
725 232 16 21 0.597
378 260 20 25 0.207
44 233 31 43 0.093
0 311 24 41 0.078
46 247 30 38 0.053
16 221 26 34 0.034
464 269 11 16 0.034
205 259 26 28 0.028
322 137 9 9 0.026
54 229 37 42 0.025
575 206 20 28 0.024
795 206 14 17 0.023
487 245 21 28 0.021
