12_Group_Team_Organized_Group_12_Group_Team_Organized_Group_12_186
47
70 157 30 38 0.861
860 326 30 39 0.853
901 194 28 33 0.845
971 341 30 40 0.843
560 196 25 32 0.842
224 203 28 37 0.840
825 198 29 36 0.840
14 179 30 38 0.838
192 175 28 35 0.838
657 367 28 36 0.838
469 308 29 35 0.837
200 359 33 39 0.835
368 193 26 33 0.834
401 144 26 37 0.833
598 361 28 36 0.833
147 192 28 35 0.833
531 344 27 34 0.831
309 381 29 36 0.830
754 223 28 36 0.828
163 146 28 33 0.826
297 271 27 34 0.826
251 146 26 30 0.825
340 312 27 32 0.823
268 195 27 32 0.823
112 172 28 37 0.822
576 111 21 29 0.822
696 217 28 35 0.822
516 192 24 32 0.819
675 194 25 32 0.819
716 354 29 35 0.818
763 154 24 30 0.818
461 190 25 31 0.817
625 204 26 30 0.816
496 165 24 29 0.816
448 393 31 38 0.812
327 156 25 33 0.810
584 153 25 32 0.805
719 175 25 31 0.800
723 143 23 26 0.800
449 163 22 26 0.797
602 186 23 30 0.792
364 157 26 31 0.785
675 154 22 28 0.784
283 168 25 28 0.784
513 101 21 26 0.778
396 368 28 35 0.774
428 152 23 26 0.025
