12_Group_Team_Organized_Group_12_Group_Team_Organized_Group_12_583
43
814 294 61 74 0.827
526 278 39 53 0.825
922 247 38 44 0.817
571 222 25 32 0.770
257 228 52 55 0.770
830 226 28 32 0.762
992 154 26 31 0.756
434 216 26 34 0.739
703 145 20 25 0.717
830 176 23 27 0.716
667 191 25 33 0.713
535 136 26 32 0.669
362 74 21 27 0.628
394 177 21 26 0.575
144 43 32 41 0.564
456 236 33 38 0.537
491 97 28 34 0.491
758 139 22 26 0.284
258 63 22 26 0.233
544 225 23 29 0.229
688 305 48 49 0.218
614 155 27 28 0.203
926 206 23 27 0.114
850 199 21 28 0.109
612 125 23 26 0.103
448 254 30 35 0.102
686 288 44 51 0.095
899 153 18 21 0.092
759 146 25 28 0.090
505 26 15 19 0.057
465 222 26 32 0.047
497 89 24 33 0.046
610 142 26 31 0.040
483 59 22 27 0.040
420 131 21 27 0.039
992 231 25 39 0.033
851 70 18 23 0.030
785 209 22 31 0.028
819 116 20 25 0.023
929 202 20 23 0.022
761 133 19 22 0.021
377 130 28 35 0.021
926 215 18 24 0.020
