12_Group_Team_Organized_Group_12_Group_Team_Organized_Group_12_461
28
37 295 33 41 0.785
402 284 26 33 0.753
635 294 27 36 0.751
908 425 22 24 0.747
247 282 31 34 0.713
183 318 14 20 0.679
485 296 45 61 0.658
359 310 14 19 0.652
344 410 24 41 0.647
315 307 10 13 0.582
286 301 11 14 0.579
908 327 11 14 0.498
156 307 13 16 0.487
328 326 17 21 0.404
944 439 18 24 0.382
121 312 10 14 0.293
931 327 11 14 0.090
1015 326 8 11 0.082
1007 291 10 11 0.068
438 279 23 35 0.067
962 344 9 9 0.029
1001 291 10 11 0.027
440 275 38 52 0.027
435 283 18 25 0.025
961 343 7 9 0.024
981 346 9 10 0.024
994 290 10 11 0.024
981 352 9 13 0.024
