12_Group_Team_Organized_Group_12_Group_Team_Organized_Group_12_83
44
729 374 170 240 0.871
808 222 63 71 0.831
300 239 36 48 0.800
144 282 29 39 0.797
109 238 28 34 0.762
400 243 33 42 0.760
91 278 28 35 0.750
39 258 22 25 0.746
30 323 22 26 0.745
998 191 17 22 0.721
0 343 17 35 0.687
904 242 21 29 0.687
960 191 16 21 0.676
732 224 16 19 0.658
10 260 20 26 0.657
209 269 20 27 0.652
555 269 42 38 0.622
918 204 14 17 0.610
955 245 17 20 0.576
196 291 22 31 0.394
181 257 22 29 0.381
61 261 18 23 0.344
999 239 17 21 0.303
142 261 19 25 0.249
1005 237 14 20 0.202
760 209 20 28 0.197
996 245 15 19 0.194
754 245 35 59 0.157
188 266 20 30 0.122
896 210 15 19 0.121
973 388 47 106 0.102
120 247 24 28 0.096
760 207 16 21 0.092
967 285 17 24 0.087
760 218 21 34 0.073
203 301 22 32 0.058
15 296 17 28 0.041
390 282 26 32 0.039
892 212 17 22 0.029
210 308 17 26 0.026
195 246 17 21 0.023
760 228 23 43 0.023
752 261 28 43 0.021
144 249 20 27 0.021
