12_Group_Large_Group_12_Group_Large_Group_12_736
33
937 455 25 30 0.763
398 389 17 23 0.754
424 389 18 27 0.733
142 389 24 29 0.647
633 360 18 26 0.643
575 399 29 36 0.608
300 384 25 28 0.607
71 311 11 13 0.597
155 333 19 30 0.554
229 368 18 22 0.531
13 358 22 30 0.515
748 382 17 28 0.247
411 389 35 26 0.153
185 362 18 22 0.145
18 304 12 15 0.141
0 310 10 15 0.125
311 383 24 27 0.100
581 380 25 33 0.079
0 353 9 22 0.053
629 352 19 27 0.042
751 393 15 25 0.042
588 387 22 31 0.041
226 394 19 27 0.039
452 393 13 19 0.034
6 348 20 35 0.032
227 384 19 27 0.031
39 351 23 30 0.029
34 361 22 24 0.029
0 336 11 27 0.029
101 375 18 24 0.028
300 373 23 27 0.022
15 308 14 16 0.022
295 379 20 26 0.022
