12_Group_Group_12_Group_Group_12_268
26
458 325 38 48 0.855
343 356 41 54 0.854
444 215 35 46 0.848
702 191 33 42 0.846
810 394 42 49 0.841
486 191 34 46 0.838
246 349 36 44 0.838
586 363 38 47 0.838
368 208 34 40 0.836
220 209 34 40 0.834
854 229 34 41 0.834
727 262 35 43 0.833
914 320 37 46 0.832
757 210 34 45 0.831
104 245 37 44 0.829
150 262 33 39 0.829
707 384 38 46 0.828
895 208 37 47 0.825
625 219 35 45 0.816
305 244 30 34 0.814
156 347 40 50 0.806
807 224 30 39 0.801
571 221 34 44 0.795
240 91 24 29 0.742
603 199 31 39 0.676
425 164 28 32 0.645
