12_Group_Large_Group_12_Group_Large_Group_12_315
150
807 386 38 47 0.850
579 406 34 44 0.835
693 411 35 40 0.831
794 259 28 35 0.830
753 267 33 38 0.830
182 408 24 31 0.819
158 342 20 25 0.813
258 409 24 31 0.813
926 408 21 25 0.812
117 424 26 32 0.812
682 274 27 34 0.810
368 360 26 30 0.800
371 319 18 23 0.796
294 360 20 24 0.795
119 346 22 25 0.793
495 379 31 37 0.792
335 381 22 28 0.792
601 302 26 31 0.790
430 348 20 24 0.790
447 330 19 23 0.790
187 341 21 26 0.789
647 305 31 37 0.787
504 314 21 27 0.786
479 329 23 30 0.782
536 331 22 29 0.781
954 386 18 21 0.777
881 393 21 25 0.776
355 279 15 20 0.763
312 279 16 21 0.763
885 419 19 24 0.761
406 296 17 20 0.757
899 351 16 22 0.757
387 288 16 20 0.754
500 270 17 21 0.753
475 262 16 19 0.751
229 333 20 25 0.749
193 316 19 23 0.748
288 316 16 21 0.739
537 253 15 19 0.735
554 235 15 19 0.731
446 260 13 17 0.730
456 215 12 15 0.730
397 258 14 18 0.730
949 449 22 27 0.726
390 314 16 21 0.724
453 282 16 18 0.724
414 266 14 18 0.723
381 269 15 18 0.721
863 411 20 25 0.720
490 304 18 21 0.719
571 237 14 19 0.718
436 225 14 17 0.716
348 308 19 22 0.714
322 351 18 21 0.712
482 219 13 16 0.710
320 323 18 22 0.709
134 328 17 20 0.703
210 339 19 24 0.695
430 315 17 19 0.694
266 339 19 25 0.693
456 232 13 16 0.692
420 239 14 17 0.691
496 242 14 17 0.672
519 209 12 14 0.655
708 144 9 12 0.647
498 214 12 14 0.646
507 229 12 15 0.641
593 188 11 13 0.629
657 162 10 12 0.628
527 233 13 15 0.625
658 183 11 14 0.622
580 217 12 17 0.616
554 212 12 15 0.612
566 200 10 13 0.580
536 208 10 14 0.563
475 241 13 16 0.552
723 136 9 10 0.549
773 137 8 10 0.549
608 204 10 14 0.536
752 132 9 11 0.535
611 167 11 12 0.524
666 144 9 11 0.513
811 129 10 11 0.507
798 135 9 11 0.497
612 184 9 13 0.488
693 170 11 13 0.480
680 147 9 12 0.478
680 164 11 12 0.454
614 218 11 15 0.452
838 59 10 13 0.438
729 147 8 12 0.391
482 216 20 16 0.323
837 114 9 11 0.316
367 318 37 22 0.283
695 142 12 12 0.276
974 434 18 22 0.275
867 416 39 26 0.273
693 193 10 12 0.250
883 396 22 36 0.241
380 263 28 20 0.218
832 76 10 11 0.218
577 216 28 16 0.213
596 216 20 14 0.209
384 272 16 38 0.198
828 125 9 13 0.197
558 237 31 18 0.189
595 192 12 16 0.180
593 215 13 15 0.176
564 201 18 14 0.161
751 134 7 10 0.154
681 148 10 31 0.152
451 270 16 30 0.137
911 395 16 17 0.136
412 257 13 56 0.126
332 364 22 52 0.106
611 166 10 39 0.103
776 157 9 11 0.094
436 221 24 15 0.093
650 164 33 11 0.093
445 212 27 33 0.091
823 125 10 13 0.083
706 140 25 19 0.076
436 323 19 21 0.072
678 143 11 39 0.071
831 142 8 10 0.064
188 315 41 34 0.063
664 144 20 15 0.062
386 287 30 43 0.057
416 223 13 82 0.055
799 133 18 13 0.049
806 128 17 14 0.049
835 92 11 14 0.048
555 187 13 102 0.047
836 59 12 23 0.046
588 218 15 15 0.043
717 191 10 12 0.042
595 182 27 54 0.039
768 137 17 13 0.037
445 199 12 109 0.037
684 141 16 33 0.033
572 174 15 125 0.033
612 161 10 12 0.032
207 331 19 25 0.031
834 86 10 23 0.030
488 211 23 13 0.030
792 153 9 10 0.028
272 331 13 21 0.026
449 259 17 17 0.026
351 288 40 72 0.025
610 256 18 25 0.022
