12_Group_Team_Organized_Group_12_Group_Team_Organized_Group_12_442
28
455 210 20 29 0.801
759 182 23 30 0.799
199 185 22 29 0.786
523 180 23 33 0.784
809 165 24 37 0.716
247 202 20 30 0.696
28 220 24 29 0.654
968 219 25 26 0.648
381 205 15 29 0.571
676 205 27 31 0.508
550 165 15 22 0.217
606 137 23 30 0.213
562 198 14 21 0.151
128 186 17 26 0.128
1008 175 15 28 0.116
976 217 25 26 0.092
630 156 17 30 0.091
663 209 29 28 0.088
28 210 21 30 0.087
131 198 20 28 0.048
1015 236 9 31 0.045
1001 177 18 26 0.040
661 213 18 24 0.035
257 167 13 21 0.034
151 183 22 28 0.033
604 144 18 28 0.029
556 186 16 26 0.023
806 160 21 33 0.022
