12_Group_Team_Organized_Group_12_Group_Team_Organized_Group_12_778
73
586 299 24 31 0.840
646 298 25 30 0.839
582 97 21 29 0.838
849 189 26 30 0.837
330 226 20 26 0.833
782 302 26 30 0.832
556 227 21 26 0.830
178 211 21 26 0.826
235 221 21 27 0.826
467 294 23 30 0.825
765 116 24 29 0.825
710 304 25 29 0.823
61 282 23 29 0.822
109 282 25 30 0.821
227 279 25 31 0.821
517 293 25 31 0.820
344 288 23 29 0.820
441 226 20 27 0.818
931 148 30 36 0.817
406 308 23 29 0.817
171 284 24 30 0.816
384 226 20 26 0.814
612 229 21 25 0.814
413 55 20 25 0.812
892 166 25 31 0.811
848 129 24 30 0.811
500 88 21 27 0.811
719 119 23 29 0.811
435 82 22 27 0.810
818 140 25 29 0.804
294 100 22 26 0.803
288 291 23 27 0.803
231 96 20 24 0.803
495 223 21 27 0.803
467 64 19 26 0.802
654 228 20 26 0.802
580 58 20 25 0.801
346 53 20 26 0.798
664 89 22 26 0.798
694 121 22 27 0.798
717 87 21 24 0.797
277 227 21 26 0.796
164 92 21 25 0.795
877 131 23 28 0.793
370 80 21 28 0.791
319 71 20 26 0.789
831 97 22 28 0.788
807 75 20 26 0.786
789 92 20 25 0.785
689 74 20 25 0.785
283 61 20 24 0.782
748 91 21 27 0.778
210 50 20 26 0.778
539 65 21 26 0.777
624 90 20 24 0.771
251 76 20 24 0.766
512 58 20 25 0.763
805 115 22 24 0.761
707 52 21 25 0.750
904 137 24 28 0.748
389 66 21 26 0.740
743 66 21 25 0.737
598 75 16 22 0.717
644 79 19 23 0.635
660 70 16 19 0.507
293 83 20 46 0.209
408 61 37 30 0.170
635 80 39 27 0.150
890 134 30 28 0.111
861 111 21 24 0.052
244 81 23 28 0.038
531 214 16 21 0.035
586 83 22 26 0.026
