12_Group_Large_Group_12_Group_Large_Group_12_295
42
430 318 35 55 0.748
667 277 12 14 0.640
614 294 13 15 0.618
275 291 15 18 0.601
506 305 13 15 0.593
541 300 11 13 0.581
585 290 8 12 0.557
555 293 10 13 0.538
504 335 15 19 0.524
537 268 7 8 0.484
579 276 8 9 0.452
498 287 11 14 0.442
405 279 12 15 0.373
486 269 10 11 0.282
511 269 7 10 0.227
437 274 11 12 0.188
618 354 28 45 0.175
540 298 20 14 0.173
454 280 10 14 0.140
562 276 6 9 0.103
507 298 13 64 0.096
439 302 30 61 0.066
610 316 9 12 0.063
317 312 10 13 0.063
453 282 14 18 0.059
551 293 24 14 0.058
537 266 6 7 0.053
692 317 9 12 0.046
562 272 7 19 0.041
623 340 26 49 0.041
613 295 15 24 0.038
313 311 11 13 0.035
483 288 10 13 0.029
563 276 24 9 0.028
581 287 11 16 0.027
482 271 14 16 0.026
406 276 12 12 0.026
620 316 10 13 0.026
449 261 17 68 0.023
613 318 12 12 0.021
557 349 14 25 0.020
502 288 11 15 0.020
