12_Group_Group_12_Group_Group_12_519
35
449 206 40 52 0.833
712 222 36 47 0.830
823 203 31 40 0.822
568 197 38 49 0.820
903 208 29 37 0.813
1002 63 11 13 0.257
997 99 14 17 0.163
825 94 12 15 0.155
718 131 27 35 0.146
802 176 21 28 0.144
721 79 12 14 0.138
760 72 12 15 0.134
965 57 13 16 0.111
799 65 13 15 0.093
980 37 11 15 0.078
708 48 13 16 0.071
823 41 12 14 0.069
745 98 13 17 0.063
918 71 13 16 0.057
841 164 16 20 0.055
892 18 10 12 0.055
772 30 12 15 0.054
936 58 16 19 0.048
956 56 24 18 0.043
747 48 13 14 0.042
855 39 15 18 0.040
926 29 14 21 0.034
779 54 11 15 0.033
686 122 15 18 0.032
301 78 29 39 0.031
798 126 14 17 0.030
899 63 14 19 0.029
928 18 13 15 0.029
893 61 17 20 0.026
809 51 18 28 0.022
