12_Group_Team_Organized_Group_12_Group_Team_Organized_Group_12_927
37
167 175 36 45 0.851
910 149 31 38 0.841
512 285 28 35 0.833
288 171 28 33 0.832
404 194 27 33 0.825
668 370 28 37 0.820
844 165 27 34 0.818
606 209 21 28 0.816
583 274 28 38 0.813
795 187 25 32 0.813
633 156 26 31 0.811
442 171 26 33 0.811
969 164 27 33 0.810
864 339 23 31 0.809
724 340 28 32 0.808
745 152 26 33 0.808
505 179 24 34 0.807
1001 195 23 36 0.805
669 290 26 34 0.805
479 154 23 28 0.804
678 174 25 32 0.803
347 178 28 36 0.803
555 207 25 31 0.802
785 314 23 32 0.801
582 179 22 30 0.800
402 166 26 31 0.799
713 154 23 29 0.799
214 197 28 34 0.783
740 425 23 28 0.778
548 174 21 27 0.761
797 162 22 26 0.758
124 188 28 37 0.746
811 337 23 27 0.728
527 183 22 29 0.593
363 164 23 29 0.549
755 330 16 22 0.345
24 138 17 21 0.048
