12_Group_Large_Group_12_Group_Large_Group_12_94
27
404 137 72 86 0.877
203 112 74 89 0.868
647 192 65 87 0.865
656 112 55 66 0.863
828 106 55 73 0.860
377 63 57 75 0.847
698 55 46 60 0.844
709 0 44 46 0.839
872 54 52 66 0.792
171 78 48 68 0.789
358 6 50 61 0.767
327 0 30 36 0.742
1007 109 17 73 0.302
842 296 57 73 0.274
174 0 60 39 0.219
131 0 38 49 0.097
0 12 52 75 0.050
0 87 22 68 0.050
529 5 51 60 0.049
1 74 18 55 0.046
1012 131 12 79 0.041
46 19 47 58 0.030
830 312 38 49 0.025
866 0 38 39 0.022
537 0 61 49 0.021
567 0 60 51 0.021
0 60 29 60 0.020
