12_Group_Group_12_Group_Group_12_28
24
128 124 44 57 0.869
703 83 44 55 0.861
170 37 33 44 0.858
386 196 41 56 0.857
613 97 41 53 0.854
246 255 42 52 0.853
461 232 35 46 0.849
260 148 41 54 0.849
303 132 36 47 0.849
551 110 39 47 0.849
521 253 39 49 0.848
210 102 35 51 0.838
72 21 39 49 0.838
515 57 34 45 0.836
791 75 38 52 0.833
108 68 38 47 0.830
234 76 36 50 0.828
178 198 37 46 0.828
905 111 43 52 0.826
664 54 38 52 0.825
800 131 43 58 0.767
618 49 36 43 0.760
922 68 38 46 0.745
689 72 49 54 0.064
