12_Group_Team_Organized_Group_12_Group_Team_Organized_Group_12_412
26
704 200 40 45 0.869
387 219 39 49 0.840
556 233 34 43 0.837
494 224 38 53 0.837
578 401 45 57 0.833
761 178 35 42 0.828
604 331 36 49 0.826
116 189 35 43 0.823
233 199 37 53 0.821
780 59 32 36 0.813
330 215 37 47 0.812
966 132 40 55 0.803
141 214 36 52 0.788
892 219 39 50 0.782
5 208 40 43 0.781
495 171 31 39 0.757
661 222 35 44 0.748
907 207 34 44 0.595
592 223 27 39 0.583
813 227 35 44 0.487
633 227 28 39 0.452
205 203 22 29 0.441
474 231 27 39 0.256
862 255 28 36 0.113
52 240 34 42 0.054
617 226 34 36 0.022
