12_Group_Group_12_Group_Group_12_379
31
896 227 32 43 0.868
426 247 33 43 0.862
733 217 34 41 0.861
156 243 31 40 0.860
800 241 32 40 0.855
845 115 31 38 0.853
331 241 33 43 0.852
80 231 34 41 0.851
190 99 32 43 0.851
630 231 36 39 0.849
580 134 30 34 0.848
295 166 29 37 0.848
431 153 33 40 0.845
534 164 32 38 0.842
156 187 30 36 0.837
286 110 28 35 0.837
792 105 28 35 0.835
360 154 30 37 0.835
870 169 30 37 0.833
536 234 33 41 0.833
764 153 29 39 0.832
614 109 29 36 0.830
638 178 28 35 0.828
383 114 29 36 0.828
242 233 32 38 0.828
728 132 29 33 0.821
417 98 29 31 0.819
482 117 30 39 0.818
523 111 29 38 0.815
664 123 30 37 0.813
225 171 30 37 0.813
