9_Press_Conference_Press_Conference_9_40
48
221 230 37 52 0.820
750 116 29 36 0.804
716 157 31 40 0.793
529 168 19 26 0.767
51 223 19 24 0.766
12 169 19 22 0.761
464 178 19 23 0.750
369 235 20 24 0.747
246 169 15 17 0.711
405 162 17 22 0.710
373 176 13 17 0.706
187 180 17 19 0.700
109 186 16 20 0.698
424 165 16 21 0.694
513 167 14 21 0.685
207 171 14 18 0.680
334 180 12 14 0.679
459 157 17 19 0.679
354 169 13 15 0.673
299 175 15 19 0.672
974 172 48 45 0.645
693 159 20 29 0.621
592 126 23 30 0.614
664 173 22 28 0.606
898 172 33 37 0.556
261 216 20 24 0.515
322 229 22 47 0.505
188 177 28 21 0.325
565 170 16 20 0.215
597 167 16 21 0.201
589 135 21 25 0.185
663 172 15 24 0.136
414 162 27 24 0.114
246 174 15 19 0.102
913 136 29 33 0.086
858 173 16 19 0.057
898 169 23 29 0.052
910 167 32 35 0.047
895 163 21 27 0.037
921 131 27 33 0.034
903 150 23 26 0.033
992 181 32 39 0.032
905 143 28 27 0.032
562 152 16 21 0.027
247 182 13 17 0.025
914 147 27 28 0.022
921 167 27 31 0.021
852 172 49 23 0.020
