47_Matador_Bullfighter_matadorbullfighting_47_536
74
777 288 20 24 0.693
476 318 21 25 0.684
334 282 21 26 0.651
966 336 20 22 0.607
898 336 20 23 0.556
109 406 26 29 0.547
624 269 19 23 0.520
400 286 19 23 0.464
831 323 19 23 0.462
723 319 22 25 0.439
938 349 22 25 0.407
448 198 10 14 0.263
74 188 13 14 0.253
646 294 19 25 0.251
628 271 22 27 0.216
171 309 20 24 0.193
154 426 22 28 0.171
580 300 20 25 0.166
700 192 11 13 0.162
904 342 24 26 0.156
521 287 15 18 0.156
160 307 17 24 0.146
403 219 18 20 0.133
1010 346 14 19 0.132
566 328 21 25 0.132
569 316 23 31 0.110
404 191 11 14 0.095
694 333 16 17 0.089
8 394 25 30 0.086
914 353 33 22 0.085
6 435 24 30 0.084
1 191 10 15 0.074
665 238 15 19 0.074
986 353 17 18 0.058
542 292 21 26 0.057
888 342 78 26 0.055
1006 335 18 25 0.050
717 290 16 20 0.049
118 367 23 27 0.048
938 312 15 17 0.044
8 379 23 88 0.041
1 195 14 15 0.039
115 252 14 16 0.038
409 369 22 27 0.037
368 293 19 21 0.036
402 199 14 23 0.035
989 351 24 21 0.035
12 197 10 14 0.033
894 327 23 25 0.032
958 325 20 32 0.032
909 322 16 20 0.032
854 195 10 12 0.031
645 235 12 16 0.030
2 187 10 13 0.029
951 312 17 19 0.029
3 225 12 14 0.029
499 306 18 25 0.028
650 300 18 22 0.028
1007 325 17 24 0.027
501 299 22 26 0.027
247 354 20 21 0.026
90 195 11 14 0.026
650 238 29 17 0.026
537 294 19 24 0.024
273 415 24 27 0.024
638 274 20 28 0.024
569 299 26 24 0.023
487 303 40 24 0.023
335 274 20 24 0.023
15 198 11 17 0.023
569 255 16 18 0.022
821 325 24 23 0.022
647 232 17 18 0.022
119 409 28 28 0.020
