47_Matador_Bullfighter_matadorbullfighting_47_511
582
764 274 10 11 0.627
67 107 9 10 0.573
637 297 10 11 0.526
166 22 7 8 0.514
69 80 8 10 0.502
242 131 7 8 0.499
413 256 8 11 0.496
63 16 8 9 0.484
499 61 7 8 0.481
992 97 7 9 0.479
884 49 6 8 0.466
471 48 6 7 0.461
125 78 6 8 0.452
236 67 6 9 0.449
58 51 8 10 0.448
36 163 8 9 0.446
160 99 7 9 0.437
972 133 8 10 0.437
957 76 6 8 0.436
177 58 7 9 0.432
216 75 7 9 0.432
383 49 7 8 0.430
532 79 7 9 0.429
114 103 7 8 0.428
273 34 6 8 0.424
572 97 8 9 0.421
937 577 11 17 0.421
7 75 7 9 0.419
907 84 6 8 0.414
771 100 7 9 0.413
857 187 8 10 0.411
267 67 7 9 0.410
181 32 7 8 0.404
702 45 6 8 0.399
226 134 7 8 0.399
33 54 7 9 0.395
14 53 7 10 0.395
555 66 6 8 0.394
246 36 7 8 0.390
787 510 12 13 0.384
409 84 6 8 0.384
32 70 8 9 0.383
144 14 6 7 0.376
90 51 7 9 0.371
951 152 7 9 0.369
320 124 7 8 0.368
145 39 9 11 0.367
873 77 7 8 0.366
299 54 7 9 0.365
198 5 7 8 0.358
384 80 7 8 0.357
846 57 6 8 0.353
935 18 8 9 0.352
666 91 7 9 0.351
959 170 7 9 0.342
565 36 6 8 0.338
162 76 7 10 0.338
1006 147 8 9 0.337
281 127 7 7 0.337
918 109 7 7 0.337
792 87 7 7 0.335
1 164 7 9 0.335
604 49 6 7 0.332
177 0 7 8 0.331
749 65 6 8 0.331
862 98 6 7 0.327
987 494 11 16 0.326
450 48 6 8 0.324
799 107 6 8 0.322
544 51 7 9 0.320
398 121 7 8 0.319
178 124 7 9 0.314
555 20 7 8 0.312
153 66 8 9 0.311
323 60 7 9 0.311
860 524 11 18 0.310
913 145 7 9 0.306
884 2 7 7 0.305
90 1 7 8 0.302
68 564 12 16 0.300
210 50 6 8 0.300
983 79 7 9 0.296
101 86 7 9 0.296
937 76 6 7 0.294
196 110 7 8 0.293
0 115 7 9 0.293
21 136 8 10 0.291
757 92 6 8 0.288
935 191 9 10 0.287
21 591 10 16 0.287
666 34 6 8 0.287
958 113 7 8 0.286
678 60 6 7 0.286
810 91 7 8 0.285
232 25 7 7 0.283
969 40 6 8 0.282
719 76 7 10 0.280
411 121 7 8 0.280
222 38 7 8 0.278
943 53 7 8 0.277
937 36 7 8 0.274
1 0 7 8 0.274
249 164 7 9 0.273
345 121 7 9 0.273
225 91 7 8 0.272
89 25 8 10 0.271
430 16 7 9 0.270
851 115 7 10 0.268
34 91 7 9 0.268
773 129 7 8 0.268
833 89 7 9 0.265
474 66 6 8 0.260
361 435 11 14 0.259
804 36 7 8 0.258
135 107 7 9 0.256
479 14 7 8 0.256
670 10 7 9 0.254
698 76 6 7 0.254
687 135 7 8 0.254
62 3 8 7 0.254
104 381 9 13 0.252
965 116 7 8 0.249
368 5 6 7 0.246
363 32 6 8 0.246
128 28 7 9 0.241
103 84 7 9 0.241
33 13 8 9 0.236
872 120 8 9 0.235
963 95 6 8 0.233
991 42 6 9 0.233
118 44 8 9 0.233
517 48 7 8 0.231
343 58 7 9 0.227
1004 615 17 25 0.226
1003 123 7 9 0.225
406 26 7 9 0.225
726 48 6 7 0.223
247 163 8 10 0.223
107 59 7 9 0.221
32 113 8 9 0.221
252 22 7 8 0.219
829 53 6 8 0.218
498 8 7 8 0.218
764 2 7 7 0.217
576 50 6 8 0.213
824 113 7 8 0.211
137 129 7 9 0.210
88 27 8 10 0.209
964 18 6 9 0.207
907 51 7 9 0.205
623 6 7 9 0.204
781 0 6 8 0.200
311 32 7 8 0.200
972 170 7 8 0.200
250 86 7 8 0.196
108 26 8 9 0.196
646 59 6 7 0.195
602 104 8 9 0.195
390 5 7 7 0.195
323 7 6 8 0.194
459 16 6 8 0.192
724 30 6 9 0.192
176 86 8 9 0.192
960 115 8 9 0.191
245 7 10 8 0.191
458 113 6 8 0.190
698 24 7 9 0.189
217 7 8 10 0.188
1 33 7 11 0.188
895 128 8 9 0.187
553 103 7 8 0.187
324 20 6 9 0.184
498 24 7 9 0.184
520 107 8 8 0.181
625 72 6 8 0.181
936 108 8 9 0.180
230 22 7 12 0.180
964 62 5 9 0.178
783 54 7 8 0.175
915 143 8 8 0.174
827 53 7 7 0.173
894 445 10 16 0.172
1010 6 9 10 0.171
180 33 7 11 0.170
535 81 6 8 0.170
551 103 6 8 0.168
159 0 8 7 0.168
294 2 7 8 0.165
416 4 8 8 0.165
944 139 8 9 0.164
158 74 10 11 0.163
70 561 15 15 0.161
856 73 7 8 0.160
885 96 8 9 0.160
825 26 7 8 0.159
110 2 8 9 0.158
493 50 6 9 0.158
207 92 8 8 0.157
807 59 7 9 0.156
613 22 6 9 0.156
940 34 6 9 0.156
8 152 8 9 0.155
914 44 8 9 0.155
705 123 6 8 0.154
18 34 10 9 0.153
339 89 7 8 0.153
739 83 7 9 0.151
659 48 6 12 0.151
898 3 8 8 0.150
654 119 7 8 0.150
143 577 14 18 0.149
628 39 6 7 0.149
184 89 8 9 0.149
966 100 7 8 0.148
808 51 5 17 0.145
306 77 7 8 0.144
369 106 8 10 0.143
391 34 7 9 0.142
888 32 7 8 0.142
23 34 11 8 0.140
442 3 6 7 0.139
333 142 7 9 0.137
780 147 7 8 0.136
248 83 8 9 0.135
105 21 8 15 0.134
886 113 11 8 0.134
306 80 7 10 0.132
485 119 6 8 0.131
450 44 7 15 0.131
321 60 7 10 0.130
746 6 7 7 0.126
268 6 9 9 0.125
884 42 7 20 0.125
977 218 8 10 0.124
578 2 9 8 0.124
390 30 6 13 0.123
160 139 7 9 0.123
1008 35 7 11 0.123
189 45 8 10 0.120
368 97 8 14 0.117
420 60 8 9 0.117
440 84 8 8 0.116
956 73 6 16 0.115
183 562 15 17 0.114
298 43 6 22 0.114
223 86 9 14 0.114
604 45 7 14 0.113
415 2 7 16 0.113
1009 86 6 8 0.112
454 68 7 10 0.111
203 24 6 8 0.110
293 2 12 9 0.110
459 8 6 24 0.110
176 46 7 16 0.109
217 39 8 11 0.109
477 27 5 24 0.108
383 123 8 8 0.108
345 115 7 19 0.106
3 159 9 11 0.106
119 167 8 9 0.105
568 5 7 17 0.105
787 32 7 12 0.104
455 71 9 9 0.104
459 69 7 16 0.103
697 75 11 10 0.103
519 43 8 18 0.102
698 69 7 16 0.102
356 85 9 11 0.102
806 2 9 7 0.101
358 83 7 9 0.101
89 106 8 11 0.100
625 37 8 11 0.099
833 84 8 13 0.098
79 67 7 12 0.097
50 31 7 15 0.097
507 123 6 8 0.097
824 4 8 11 0.097
240 576 13 15 0.096
863 43 10 11 0.096
324 106 6 7 0.096
888 111 13 11 0.096
575 49 7 16 0.096
859 20 6 24 0.095
841 83 8 10 0.095
364 29 7 15 0.095
147 43 7 9 0.094
441 121 7 8 0.094
962 96 8 11 0.093
499 3 6 22 0.093
482 81 6 8 0.092
465 79 7 7 0.092
349 3 12 10 0.092
728 628 12 19 0.091
851 109 8 11 0.091
268 113 6 8 0.090
638 113 7 8 0.090
434 30 6 17 0.090
33 87 8 22 0.090
306 83 8 9 0.090
910 45 10 16 0.089
141 0 7 5 0.089
946 138 7 16 0.089
258 8 9 8 0.089
572 6 9 9 0.088
480 7 7 17 0.087
114 0 9 22 0.087
139 129 8 9 0.087
101 116 7 9 0.087
501 27 6 23 0.086
33 56 7 13 0.086
85 32 11 9 0.085
892 452 9 13 0.085
827 6 7 11 0.084
723 572 14 14 0.084
637 111 7 12 0.083
679 116 9 7 0.083
604 125 8 7 0.083
729 58 8 22 0.082
16 107 8 10 0.081
1004 83 7 9 0.081
857 68 7 18 0.080
98 149 8 10 0.080
179 78 9 20 0.079
124 62 7 13 0.078
110 0 15 14 0.078
82 560 13 15 0.077
823 104 7 21 0.077
688 89 8 8 0.077
643 5 5 7 0.077
422 59 11 12 0.077
6 68 8 18 0.077
803 1 10 11 0.076
177 0 7 5 0.076
0 194 7 9 0.075
608 485 10 14 0.075
517 64 7 17 0.075
132 0 16 7 0.074
1004 212 8 9 0.074
857 23 8 15 0.072
753 14 7 21 0.072
156 131 11 10 0.072
245 164 7 9 0.072
294 34 9 22 0.072
785 26 9 20 0.071
889 31 8 10 0.071
814 560 16 17 0.071
663 54 12 17 0.071
591 73 10 14 0.071
506 107 7 8 0.071
500 16 6 28 0.069
184 91 21 9 0.068
898 0 7 22 0.067
37 89 8 24 0.067
794 129 7 8 0.066
825 0 7 22 0.066
810 86 9 21 0.066
825 21 6 27 0.065
20 187 7 9 0.065
425 42 7 27 0.064
934 574 11 18 0.064
280 54 7 16 0.064
220 0 7 5 0.063
33 48 6 34 0.063
592 0 11 17 0.062
40 31 19 15 0.062
762 594 13 13 0.062
591 14 7 26 0.061
466 3 9 10 0.061
98 110 11 19 0.060
864 139 6 8 0.060
247 33 7 22 0.060
341 44 6 26 0.060
432 2 20 7 0.060
885 92 9 28 0.059
542 43 10 25 0.059
965 55 9 20 0.059
389 0 7 22 0.059
217 429 12 14 0.059
326 623 13 18 0.059
923 145 14 9 0.058
748 89 17 9 0.058
698 6 6 24 0.058
807 0 7 5 0.058
869 34 8 25 0.058
137 0 19 6 0.057
991 134 7 9 0.057
528 20 9 25 0.056
178 42 7 30 0.056
429 9 10 22 0.056
104 58 18 14 0.055
482 84 6 8 0.054
588 29 6 22 0.054
727 55 7 28 0.054
30 8 8 28 0.053
173 87 26 11 0.053
223 26 9 28 0.052
131 0 8 5 0.052
482 119 7 8 0.051
720 2 13 7 0.051
13 540 13 16 0.051
248 21 7 30 0.051
11 25 15 22 0.050
336 25 6 30 0.050
691 91 7 8 0.050
634 121 7 8 0.049
366 89 8 19 0.049
554 602 13 15 0.048
781 59 8 25 0.048
341 88 26 11 0.047
45 75 11 12 0.047
407 76 8 15 0.047
858 192 8 8 0.047
168 124 8 8 0.047
408 20 6 28 0.047
249 0 7 28 0.047
26 119 9 27 0.045
716 94 8 14 0.045
145 6 11 24 0.045
384 113 8 24 0.045
1004 534 11 18 0.045
1008 40 7 10 0.045
235 444 12 16 0.044
983 20 14 22 0.044
385 121 23 8 0.044
517 1 12 14 0.044
311 21 8 28 0.044
0 453 7 16 0.044
687 30 6 27 0.043
667 11 7 9 0.043
938 191 8 10 0.043
853 74 28 8 0.042
460 0 4 46 0.042
539 26 9 29 0.042
653 69 7 26 0.042
460 115 7 9 0.042
519 27 8 30 0.042
696 123 11 19 0.041
680 0 9 13 0.041
427 0 8 5 0.040
1009 96 6 15 0.040
109 548 11 14 0.040
386 32 7 31 0.040
925 2 14 11 0.040
870 119 8 17 0.040
203 155 7 8 0.039
349 570 13 14 0.039
147 575 18 17 0.039
749 12 10 28 0.039
589 108 8 8 0.038
203 16 12 24 0.038
85 106 21 17 0.038
118 144 7 9 0.037
518 31 23 14 0.037
720 0 7 5 0.037
416 1 30 7 0.037
196 5 24 7 0.036
693 75 7 25 0.036
901 48 12 20 0.036
1001 620 15 28 0.036
137 578 15 18 0.036
436 0 8 5 0.036
935 74 7 28 0.035
188 560 13 17 0.035
286 13 8 28 0.035
5 583 12 16 0.035
324 2 6 30 0.035
157 158 10 9 0.035
628 83 8 19 0.035
430 27 9 28 0.035
801 110 27 8 0.034
341 91 9 31 0.034
800 15 7 30 0.034
346 93 9 26 0.034
578 0 7 5 0.034
657 60 33 8 0.033
171 0 9 6 0.033
479 12 5 30 0.033
670 129 8 8 0.033
722 3 19 7 0.033
999 53 7 22 0.033
884 0 6 5 0.033
726 572 21 17 0.033
42 140 8 14 0.033
927 30 20 22 0.032
507 107 6 27 0.032
835 645 19 18 0.032
706 0 7 4 0.032
993 37 24 13 0.032
759 2 32 6 0.032
295 0 8 5 0.032
6 147 10 11 0.031
281 145 7 7 0.031
895 95 12 27 0.031
430 53 15 24 0.031
38 11 14 27 0.031
596 0 14 26 0.031
275 40 8 37 0.031
821 0 7 5 0.031
12 107 15 14 0.031
604 75 9 20 0.030
967 37 6 32 0.030
616 576 15 16 0.030
793 108 7 9 0.030
44 161 11 9 0.030
349 67 10 28 0.030
163 572 18 17 0.030
1008 29 9 14 0.029
966 16 23 21 0.029
958 90 9 27 0.029
617 60 15 23 0.029
805 0 6 26 0.029
601 45 15 24 0.029
969 202 10 12 0.029
265 30 32 17 0.029
348 0 8 30 0.029
860 23 6 31 0.029
730 137 7 7 0.029
699 20 5 30 0.029
592 0 8 5 0.028
594 2 11 14 0.028
900 517 11 15 0.028
861 188 8 10 0.028
521 1 17 11 0.028
994 38 18 24 0.028
804 21 8 31 0.028
762 44 7 28 0.028
648 81 12 19 0.027
594 49 8 29 0.027
433 84 11 9 0.027
974 199 7 18 0.027
357 118 12 13 0.027
91 114 14 16 0.027
12 77 14 10 0.027
108 25 24 15 0.027
728 569 14 15 0.026
438 102 8 15 0.026
797 0 7 4 0.026
386 4 21 8 0.026
787 506 10 13 0.026
257 62 17 19 0.025
89 0 9 32 0.025
227 91 7 9 0.025
360 0 17 24 0.025
258 89 7 8 0.025
290 14 17 26 0.025
254 168 6 7 0.025
297 590 13 16 0.025
49 85 18 11 0.025
683 85 10 21 0.025
841 31 20 22 0.025
854 96 36 14 0.025
219 102 7 19 0.024
525 650 12 17 0.024
791 30 24 20 0.024
214 435 14 15 0.023
781 0 10 22 0.023
907 45 15 29 0.023
441 118 14 10 0.023
670 115 20 9 0.023
529 16 19 29 0.023
498 58 9 22 0.023
594 0 8 38 0.023
74 33 8 15 0.022
84 139 10 10 0.022
91 140 16 19 0.022
595 68 19 23 0.022
973 199 7 9 0.022
973 7 13 26 0.022
79 97 17 19 0.022
487 0 15 17 0.021
0 103 13 17 0.021
160 137 7 30 0.021
209 33 10 30 0.021
299 0 19 21 0.021
56 107 19 10 0.021
92 61 13 29 0.021
334 0 18 16 0.020
897 441 9 14 0.020
90 0 7 6 0.020
572 0 10 28 0.020
873 10 11 30 0.020
646 120 16 11 0.020
