47_Matador_Bullfighter_matadorbullfighting_47_731
594
914 110 11 14 0.668
906 133 12 14 0.644
623 130 11 13 0.638
86 99 11 14 0.635
426 172 17 19 0.634
873 111 11 14 0.634
645 119 11 13 0.633
143 79 10 13 0.631
166 159 11 13 0.627
603 116 10 13 0.626
923 90 11 14 0.624
2 148 11 13 0.624
404 134 11 13 0.621
523 125 11 15 0.621
646 149 10 13 0.619
327 141 11 15 0.617
389 149 10 12 0.616
997 128 13 15 0.614
41 127 11 13 0.614
106 137 10 14 0.614
145 132 10 13 0.610
142 11 11 14 0.609
515 72 10 12 0.607
713 108 10 13 0.604
303 135 11 13 0.599
969 91 10 12 0.597
644 92 10 13 0.593
360 117 10 12 0.591
781 136 11 13 0.590
69 94 10 13 0.584
679 115 12 14 0.581
558 81 11 13 0.580
114 11 11 14 0.580
1007 6 11 12 0.580
51 82 11 13 0.577
720 132 12 14 0.577
680 88 10 13 0.573
991 79 11 13 0.573
453 119 10 13 0.573
977 4 10 13 0.572
611 48 9 12 0.572
1014 87 10 13 0.571
783 79 10 12 0.571
305 94 9 11 0.570
312 19 10 13 0.568
963 72 10 12 0.567
10 117 10 12 0.566
35 96 10 13 0.562
833 110 11 14 0.559
210 101 9 11 0.558
588 85 10 13 0.557
625 107 12 15 0.557
617 23 9 11 0.557
404 33 10 12 0.554
279 145 10 12 0.552
265 135 10 13 0.552
85 23 9 11 0.552
908 58 10 12 0.551
183 70 9 12 0.550
20 135 11 14 0.550
767 127 10 13 0.550
870 92 11 12 0.548
973 48 10 13 0.548
397 62 9 11 0.547
950 111 12 14 0.546
445 66 10 12 0.545
536 6 10 12 0.545
309 76 10 12 0.545
59 21 10 14 0.544
179 3 9 11 0.544
29 77 10 13 0.542
565 122 11 13 0.542
832 53 10 12 0.540
324 3 10 13 0.540
477 67 10 13 0.538
126 104 10 12 0.538
363 12 10 14 0.535
274 9 9 13 0.533
864 16 10 12 0.529
64 116 11 13 0.526
170 101 10 13 0.523
714 80 10 13 0.523
665 42 10 12 0.522
839 86 11 13 0.520
377 96 9 13 0.518
29 152 12 14 0.518
74 149 11 14 0.517
26 3 9 9 0.516
196 161 11 13 0.514
688 60 11 11 0.508
83 80 10 13 0.506
462 147 11 13 0.506
439 129 11 12 0.502
947 39 10 12 0.501
819 157 11 13 0.500
83 120 13 15 0.499
296 120 10 11 0.499
13 166 12 14 0.497
654 12 10 12 0.495
692 38 10 12 0.494
485 112 9 12 0.494
599 58 10 13 0.493
190 140 10 12 0.491
547 114 11 13 0.490
463 95 10 11 0.489
987 107 11 15 0.486
862 76 9 11 0.486
412 154 11 13 0.485
124 143 11 13 0.485
341 9 10 13 0.482
642 25 10 13 0.481
263 67 10 13 0.479
247 56 9 11 0.477
750 46 10 11 0.475
265 100 11 13 0.474
858 59 9 12 0.473
287 84 10 11 0.472
44 6 10 12 0.471
250 6 11 12 0.471
496 114 12 13 0.470
579 140 18 22 0.469
492 9 10 13 0.469
913 10 9 11 0.468
164 123 10 13 0.467
182 90 10 14 0.466
416 102 10 12 0.466
191 9 10 13 0.463
594 102 10 14 0.463
780 42 9 13 0.463
803 55 9 12 0.460
883 128 10 13 0.460
1011 50 11 12 0.457
825 30 9 11 0.456
768 98 10 13 0.453
331 73 10 12 0.453
951 13 10 12 0.452
923 66 10 12 0.449
227 88 9 11 0.449
155 98 10 12 0.448
341 87 9 11 0.446
852 95 10 13 0.445
100 89 10 12 0.445
251 83 10 11 0.443
842 146 11 14 0.441
512 8 10 12 0.439
0 80 7 12 0.437
945 52 10 12 0.436
204 80 10 11 0.434
233 136 9 11 0.428
104 122 11 12 0.425
741 59 10 12 0.425
658 76 9 12 0.421
228 72 10 13 0.419
407 112 10 12 0.417
227 117 10 12 0.416
758 18 8 11 0.412
557 65 9 12 0.411
906 86 10 13 0.411
626 8 10 12 0.410
881 35 9 11 0.410
503 89 10 12 0.410
718 49 10 12 0.408
156 144 10 11 0.408
380 80 9 13 0.405
185 113 9 12 0.405
354 73 9 11 0.402
703 15 9 11 0.401
974 139 13 15 0.399
756 88 10 13 0.399
495 63 11 14 0.398
776 9 10 13 0.398
872 62 10 12 0.397
709 66 9 12 0.396
977 33 11 12 0.396
303 3 10 11 0.395
743 33 10 12 0.394
801 113 10 13 0.394
529 181 12 14 0.393
847 47 8 11 0.383
163 6 10 14 0.382
719 17 10 12 0.377
769 28 9 12 0.377
567 22 9 11 0.374
470 178 11 14 0.371
403 1 9 11 0.370
506 141 11 13 0.369
537 105 10 12 0.369
880 48 10 13 0.369
816 87 9 11 0.368
804 10 9 11 0.368
610 91 10 12 0.367
214 155 9 11 0.366
860 130 10 13 0.360
777 64 9 11 0.354
891 102 10 13 0.350
562 39 9 11 0.349
663 63 11 11 0.342
816 14 10 13 0.341
901 73 10 11 0.340
71 66 10 12 0.339
502 44 10 14 0.338
218 3 9 11 0.333
655 62 12 12 0.332
100 3 9 11 0.330
63 49 9 11 0.329
806 91 10 12 0.327
833 128 10 13 0.326
668 89 10 13 0.325
407 79 9 9 0.320
430 105 10 12 0.320
802 119 11 15 0.316
450 141 11 13 0.314
943 0 9 9 0.313
232 6 9 12 0.309
204 5 9 11 0.309
348 108 10 13 0.308
338 119 10 13 0.308
635 55 11 12 0.306
388 5 9 11 0.303
166 126 14 13 0.297
838 28 9 12 0.297
478 86 10 13 0.293
436 4 9 10 0.291
602 20 9 11 0.290
26 24 11 13 0.289
129 5 10 11 0.288
482 48 9 13 0.287
246 128 11 14 0.285
672 111 12 14 0.284
709 129 11 14 0.281
14 79 9 12 0.272
726 1 8 10 0.272
714 107 13 13 0.268
724 70 10 14 0.268
726 104 9 12 0.268
918 40 10 13 0.265
60 173 12 13 0.262
786 30 10 12 0.262
465 92 10 13 0.260
623 77 11 14 0.258
406 114 9 18 0.255
447 4 10 12 0.252
665 25 9 12 0.250
382 80 10 13 0.249
757 68 11 14 0.247
371 154 10 12 0.247
841 3 10 13 0.242
18 95 11 12 0.240
788 16 9 12 0.238
924 46 11 12 0.236
556 16 10 12 0.236
888 147 10 15 0.235
0 6 8 11 0.232
722 3 11 9 0.226
878 4 9 13 0.226
267 119 8 10 0.226
582 7 9 12 0.221
231 94 10 20 0.214
227 43 9 11 0.213
309 113 11 12 0.212
234 104 9 12 0.207
581 51 10 15 0.207
183 115 11 15 0.206
985 66 10 13 0.203
909 39 12 12 0.203
542 80 10 13 0.201
837 20 9 13 0.201
56 120 16 15 0.198
463 6 10 12 0.198
388 37 8 9 0.196
805 11 15 11 0.194
308 75 9 28 0.194
106 114 11 16 0.193
591 88 11 25 0.192
232 100 9 22 0.188
883 51 16 14 0.187
619 20 10 15 0.185
947 37 10 23 0.185
906 36 9 12 0.185
540 109 14 16 0.184
298 117 12 15 0.180
332 7 19 12 0.179
1017 25 7 11 0.178
249 58 10 12 0.175
105 76 10 11 0.175
580 39 9 12 0.175
688 6 10 12 0.174
423 104 16 11 0.173
216 133 10 13 0.168
15 79 9 20 0.165
761 1 9 10 0.165
304 75 12 13 0.162
101 83 13 16 0.161
211 69 10 12 0.161
905 60 12 17 0.160
585 67 10 15 0.159
637 43 14 15 0.158
79 4 10 12 0.156
393 89 9 11 0.154
563 31 10 19 0.154
559 61 10 25 0.153
161 7 20 12 0.153
410 104 12 16 0.151
216 72 23 11 0.149
685 153 9 15 0.149
490 9 20 13 0.148
290 78 10 13 0.147
114 81 10 11 0.147
166 79 10 12 0.144
74 71 12 15 0.144
146 121 11 30 0.144
74 133 12 41 0.143
178 132 19 14 0.143
837 16 9 26 0.140
260 141 11 13 0.140
142 114 11 13 0.140
714 45 11 14 0.139
459 139 13 24 0.139
808 31 10 12 0.139
769 82 14 16 0.135
740 7 10 12 0.135
336 111 11 16 0.135
218 2 13 14 0.133
928 48 19 12 0.133
422 4 9 10 0.133
602 15 10 15 0.132
218 133 17 12 0.132
204 120 10 12 0.132
240 155 9 13 0.132
28 142 12 30 0.130
84 83 18 14 0.130
868 35 8 12 0.129
41 81 22 14 0.129
235 99 11 15 0.128
266 87 11 12 0.126
539 58 10 12 0.126
11 4 11 9 0.126
337 161 10 13 0.126
706 204 106 63 0.125
815 184 11 14 0.125
338 118 19 15 0.123
718 15 17 14 0.120
219 16 12 13 0.120
801 74 11 15 0.118
716 118 12 31 0.118
117 103 14 14 0.116
401 30 12 18 0.114
83 120 11 33 0.113
805 86 21 15 0.113
741 114 9 13 0.113
743 4 9 10 0.112
782 29 10 27 0.112
265 65 11 14 0.111
536 84 9 12 0.111
434 4 18 12 0.111
345 96 10 23 0.108
862 0 8 8 0.108
226 9 11 15 0.108
508 167 12 15 0.107
497 49 12 18 0.107
246 6 12 14 0.106
229 109 10 14 0.104
62 1 10 11 0.103
588 72 11 34 0.103
399 80 15 13 0.102
692 36 18 13 0.101
663 143 9 14 0.101
818 60 8 22 0.101
237 130 21 16 0.100
368 156 12 15 0.099
612 20 13 15 0.099
1000 82 24 16 0.098
891 51 11 15 0.097
63 49 11 25 0.095
921 150 13 14 0.095
67 95 30 12 0.095
634 25 14 12 0.094
601 135 12 13 0.093
251 75 10 15 0.091
772 122 21 35 0.090
182 8 21 13 0.090
438 53 11 23 0.090
563 110 13 35 0.090
972 24 12 54 0.088
582 48 9 13 0.087
496 95 11 13 0.087
95 1 12 11 0.087
9 153 16 31 0.087
99 3 23 13 0.085
753 54 14 22 0.085
683 89 17 13 0.084
719 8 12 20 0.084
65 164 13 21 0.084
784 9 11 32 0.083
11 113 13 22 0.083
372 74 13 15 0.082
400 3 17 9 0.082
147 154 9 13 0.081
26 28 9 12 0.078
53 59 13 18 0.077
120 154 12 15 0.077
407 114 9 53 0.076
61 112 13 14 0.076
417 76 9 11 0.076
760 115 12 13 0.075
31 130 13 14 0.074
149 0 9 11 0.074
858 154 12 13 0.073
421 6 21 10 0.073
851 49 12 19 0.073
839 128 11 29 0.072
972 172 13 15 0.072
513 62 11 20 0.072
757 29 21 20 0.072
800 49 10 17 0.071
83 141 12 13 0.070
437 54 9 12 0.070
547 152 12 15 0.070
545 43 22 11 0.070
545 40 10 24 0.069
962 148 19 14 0.068
678 74 12 43 0.068
522 150 12 14 0.067
544 41 9 13 0.067
1008 66 9 17 0.066
397 0 14 14 0.066
683 156 12 15 0.066
465 130 10 60 0.065
43 174 12 15 0.065
960 150 13 14 0.065
378 75 10 51 0.064
801 69 15 21 0.064
536 132 11 14 0.064
100 177 11 12 0.064
96 77 19 40 0.063
48 61 9 13 0.062
827 8 24 15 0.061
64 87 11 67 0.061
835 3 14 11 0.061
961 34 21 13 0.061
282 103 11 12 0.061
332 73 14 18 0.061
771 182 11 13 0.060
25 8 11 20 0.060
85 80 12 13 0.060
336 8 22 15 0.059
885 13 12 26 0.059
40 8 15 18 0.059
771 99 11 13 0.059
205 3 12 14 0.059
707 102 13 16 0.058
615 13 13 28 0.058
441 112 26 29 0.058
866 1 18 10 0.058
964 64 11 21 0.058
447 7 10 12 0.057
556 50 11 44 0.057
961 1 12 10 0.057
215 69 11 13 0.056
527 59 16 12 0.056
945 16 12 12 0.055
370 150 10 13 0.055
957 69 15 14 0.054
244 6 39 14 0.054
35 4 21 13 0.054
817 174 10 27 0.054
572 66 22 20 0.053
46 163 10 12 0.053
880 1 16 11 0.052
644 72 11 50 0.052
362 169 14 15 0.052
137 11 12 14 0.051
257 132 29 24 0.051
763 122 13 25 0.051
582 68 16 47 0.051
363 66 11 12 0.051
146 137 9 24 0.050
892 0 12 9 0.050
908 36 16 32 0.050
793 188 13 14 0.049
69 171 12 13 0.049
883 106 12 66 0.048
889 156 12 15 0.047
307 62 10 63 0.047
253 119 22 24 0.047
677 16 18 14 0.047
502 4 10 10 0.047
210 69 10 63 0.046
690 45 11 41 0.046
686 38 15 13 0.046
401 25 11 37 0.046
85 69 15 67 0.046
644 93 13 55 0.046
131 174 13 14 0.045
273 5 11 11 0.044
646 99 10 87 0.044
711 29 11 22 0.043
0 79 20 14 0.043
648 117 11 14 0.043
644 62 12 13 0.043
53 3 15 11 0.042
561 13 13 19 0.042
409 155 11 13 0.042
1003 3 12 13 0.041
0 128 31 44 0.041
1017 154 7 13 0.041
31 97 12 18 0.041
418 80 12 13 0.041
191 111 10 74 0.041
861 166 11 14 0.040
759 157 12 17 0.040
613 150 12 13 0.040
865 152 14 14 0.040
477 41 11 62 0.039
84 100 11 24 0.039
309 110 22 14 0.039
435 56 9 12 0.039
191 5 11 11 0.039
183 117 24 14 0.039
164 177 10 12 0.039
346 3 14 11 0.038
853 154 22 17 0.038
462 94 12 22 0.037
496 9 8 13 0.037
439 4 23 13 0.037
209 9 13 15 0.036
987 61 11 86 0.036
814 189 13 16 0.036
285 68 38 29 0.036
313 75 14 13 0.035
678 61 15 14 0.034
1012 41 11 85 0.034
709 4 13 10 0.034
683 161 10 13 0.032
423 9 9 11 0.032
760 148 12 17 0.032
101 172 15 16 0.032
507 144 14 47 0.032
57 1 26 19 0.031
50 176 15 14 0.031
691 6 12 14 0.030
258 150 12 13 0.029
223 40 10 15 0.029
113 168 17 16 0.029
564 14 14 27 0.029
950 92 13 20 0.029
1013 150 11 14 0.028
535 95 11 18 0.028
405 79 10 90 0.027
405 29 11 13 0.027
741 10 23 31 0.027
912 14 13 13 0.027
993 70 22 19 0.026
777 183 15 15 0.026
278 112 41 61 0.026
276 59 10 12 0.026
33 53 13 88 0.026
811 192 14 18 0.026
65 136 14 14 0.026
872 64 19 15 0.026
0 3 12 15 0.026
889 14 21 20 0.026
241 137 19 28 0.025
477 3 12 11 0.025
951 90 11 14 0.025
163 58 8 12 0.024
552 34 17 105 0.023
508 3 14 14 0.023
39 62 9 124 0.023
558 23 13 44 0.023
726 73 11 14 0.023
520 99 55 47 0.023
591 51 12 92 0.023
298 74 12 98 0.023
86 56 9 122 0.022
385 33 8 12 0.022
714 34 11 119 0.022
951 194 14 17 0.022
840 69 14 18 0.022
828 124 12 15 0.022
824 0 14 76 0.021
969 155 15 39 0.021
693 0 15 78 0.021
0 203 12 13 0.021
431 145 16 14 0.021
561 87 11 24 0.021
758 165 13 15 0.021
873 41 9 131 0.021
615 2 12 10 0.021
829 1 10 102 0.021
878 8 13 91 0.021
407 59 10 132 0.021
802 3 12 9 0.020
351 0 15 12 0.020
