47_Matador_Bullfighter_matadorbullfighting_47_152
25
193 217 32 41 0.815
779 272 29 50 0.749
118 10 15 19 0.709
312 7 18 21 0.581
471 0 20 21 0.516
173 11 17 20 0.472
679 55 13 16 0.330
672 97 13 14 0.279
425 0 19 21 0.250
681 56 16 17 0.142
691 44 16 19 0.106
170 8 16 17 0.069
629 8 13 17 0.053
622 56 14 16 0.050
173 5 17 17 0.049
688 61 15 16 0.046
622 51 13 15 0.045
592 0 14 11 0.045
174 21 16 17 0.042
693 56 15 17 0.032
151 26 13 16 0.027
682 41 12 15 0.025
1010 4 14 12 0.023
567 2 14 16 0.022
308 97 21 25 0.021
