47_Matador_Bullfighter_matadorbullfighting_47_443
60
778 228 14 18 0.664
834 268 14 15 0.643
902 202 16 21 0.641
194 251 20 25 0.632
583 201 14 20 0.627
974 195 14 18 0.614
420 215 17 19 0.598
858 165 14 17 0.592
313 201 18 21 0.585
350 197 16 19 0.570
952 258 16 18 0.518
874 253 15 18 0.389
821 201 16 20 0.387
368 214 17 21 0.386
537 251 20 25 0.376
671 264 14 17 0.338
555 311 20 22 0.295
190 166 17 20 0.278
544 256 23 27 0.263
565 181 15 20 0.244
413 193 14 18 0.239
508 247 21 24 0.176
428 174 14 20 0.167
309 197 50 22 0.139
446 190 18 21 0.132
674 260 16 19 0.128
505 269 17 19 0.096
1013 183 10 18 0.093
928 193 13 15 0.070
568 188 15 19 0.069
686 258 13 18 0.068
793 203 14 16 0.058
620 193 12 15 0.057
358 218 18 19 0.056
515 248 23 22 0.054
554 258 21 23 0.052
510 341 25 37 0.048
827 204 16 18 0.047
1014 236 10 19 0.047
995 203 16 16 0.047
753 292 12 15 0.046
1013 200 11 25 0.045
428 183 18 23 0.044
74 187 19 21 0.041
780 205 15 15 0.039
825 207 15 17 0.038
820 211 15 18 0.036
88 226 15 21 0.036
1007 182 15 31 0.035
69 189 16 21 0.033
501 241 22 27 0.033
567 176 12 15 0.032
1006 192 16 35 0.031
901 209 15 19 0.030
80 186 17 21 0.029
174 175 15 17 0.023
798 260 12 16 0.023
1007 239 17 19 0.022
824 196 16 18 0.022
797 203 21 16 0.020
