14_Traffic_Traffic_14_170
217
499 645 9 10 0.520
370 736 9 12 0.448
515 623 7 8 0.439
314 536 8 8 0.382
303 601 7 8 0.351
352 606 7 9 0.350
532 703 9 9 0.332
370 478 6 9 0.304
853 608 7 9 0.303
332 680 8 9 0.280
747 568 8 9 0.241
419 626 8 9 0.234
363 425 6 8 0.232
353 436 8 9 0.231
516 379 8 10 0.230
418 411 8 9 0.200
252 528 7 9 0.199
154 703 8 11 0.188
448 408 7 9 0.178
255 409 6 8 0.175
968 478 7 8 0.173
373 435 9 10 0.170
429 359 7 10 0.169
551 417 9 10 0.162
924 589 7 9 0.162
410 616 7 8 0.153
803 618 6 9 0.142
487 402 10 12 0.139
832 583 7 9 0.138
983 546 7 9 0.138
604 388 9 11 0.137
487 387 8 10 0.135
542 430 10 10 0.133
705 720 8 10 0.130
377 511 7 8 0.127
476 361 7 9 0.122
849 648 7 9 0.116
477 343 8 9 0.116
854 568 7 8 0.115
952 617 7 9 0.113
193 368 9 10 0.106
429 300 7 9 0.103
336 386 6 8 0.102
370 430 9 10 0.102
612 612 6 9 0.101
301 446 7 8 0.101
358 343 6 9 0.098
515 331 8 9 0.095
646 647 7 9 0.094
353 602 6 8 0.094
508 411 9 12 0.092
954 565 8 10 0.092
436 399 8 9 0.092
581 416 8 11 0.091
549 415 9 11 0.088
216 356 9 10 0.088
430 422 8 8 0.087
576 385 9 9 0.086
344 487 6 9 0.086
968 592 11 13 0.086
549 390 7 12 0.085
505 416 8 9 0.085
536 381 8 9 0.081
963 697 9 12 0.081
572 445 9 11 0.079
335 384 7 9 0.076
305 560 6 8 0.076
688 476 6 8 0.075
336 388 8 9 0.074
647 435 8 10 0.073
429 700 8 10 0.071
346 485 7 9 0.070
600 384 13 15 0.070
505 340 7 9 0.068
438 373 8 12 0.068
426 421 10 10 0.067
487 390 9 27 0.066
320 476 8 8 0.066
377 583 8 12 0.065
466 422 9 8 0.064
989 581 8 9 0.062
931 631 9 12 0.062
917 508 6 6 0.061
446 403 9 20 0.061
614 568 10 9 0.060
405 322 7 9 0.060
674 565 7 8 0.060
751 755 7 9 0.059
705 706 6 7 0.059
576 367 7 9 0.058
429 646 8 10 0.057
417 664 8 8 0.057
555 373 8 9 0.057
408 655 8 11 0.056
600 596 6 8 0.056
349 475 6 17 0.055
328 409 7 8 0.054
628 628 7 9 0.053
727 727 6 9 0.053
1009 564 9 10 0.053
710 629 8 9 0.051
835 658 9 9 0.051
464 301 7 9 0.050
420 387 8 9 0.050
268 457 6 7 0.050
489 297 8 8 0.050
349 473 7 8 0.048
597 298 7 9 0.048
983 230 18 19 0.048
575 441 9 15 0.048
316 471 8 14 0.047
996 550 8 8 0.047
598 379 10 10 0.047
410 649 7 9 0.047
596 379 9 11 0.046
487 669 8 9 0.046
503 645 7 9 0.045
704 705 7 14 0.045
579 409 9 23 0.045
339 520 7 8 0.045
645 431 9 12 0.045
970 478 7 8 0.044
727 741 6 9 0.044
450 341 7 13 0.044
511 397 14 16 0.044
444 316 9 12 0.043
788 596 6 8 0.043
428 291 7 23 0.042
577 372 7 27 0.041
328 560 6 8 0.041
190 370 11 12 0.041
959 583 9 10 0.040
486 381 9 15 0.040
596 381 11 18 0.040
356 438 7 9 0.040
649 395 8 11 0.040
864 552 7 9 0.040
250 444 7 9 0.039
965 700 8 12 0.039
448 189 7 9 0.039
312 466 9 9 0.039
196 370 7 9 0.039
543 340 7 9 0.039
880 493 7 8 0.038
551 379 7 29 0.038
679 480 9 9 0.038
733 485 8 9 0.038
684 695 7 9 0.037
283 265 8 9 0.037
1009 628 7 9 0.037
745 567 6 9 0.037
409 648 9 23 0.037
366 270 7 11 0.037
685 696 7 9 0.037
205 389 8 9 0.036
666 667 6 9 0.034
303 559 6 9 0.034
248 564 6 7 0.033
549 342 7 8 0.033
1013 528 7 9 0.033
431 439 7 10 0.032
808 385 6 6 0.032
407 661 20 9 0.032
569 439 10 20 0.032
475 362 7 28 0.031
890 526 7 8 0.031
751 612 8 10 0.031
383 387 9 9 0.031
864 548 7 8 0.030
887 526 9 9 0.029
509 413 9 11 0.029
1009 588 9 10 0.029
154 381 7 9 0.029
508 403 13 23 0.029
602 424 8 12 0.029
893 654 8 9 0.028
767 490 7 6 0.028
350 317 10 13 0.028
374 438 9 10 0.028
384 388 10 9 0.028
315 387 7 14 0.027
341 420 7 15 0.026
909 628 7 9 0.026
370 226 7 9 0.026
428 353 9 31 0.026
624 297 7 9 0.026
344 491 8 9 0.026
416 381 11 22 0.025
543 338 8 16 0.025
832 657 7 10 0.025
404 673 8 9 0.025
680 477 16 9 0.025
468 389 7 22 0.024
929 689 7 8 0.024
179 370 8 9 0.024
313 463 13 19 0.024
416 407 9 26 0.024
673 627 8 12 0.023
419 689 8 9 0.023
723 726 11 9 0.023
415 392 8 29 0.023
928 633 10 12 0.023
376 582 8 10 0.022
158 690 9 9 0.022
363 475 14 16 0.022
445 304 9 27 0.022
554 483 8 9 0.022
834 494 9 11 0.022
560 411 13 20 0.022
405 662 7 17 0.021
750 750 7 12 0.021
684 687 7 20 0.021
646 394 8 11 0.021
509 380 36 15 0.021
656 533 8 9 0.021
645 660 8 9 0.021
666 678 7 9 0.020
