14_Traffic_Traffic_14_380
39
292 237 98 86 0.803
649 197 36 40 0.772
46 166 26 30 0.768
931 290 67 88 0.723
0 152 18 23 0.721
539 192 35 42 0.713
191 163 22 25 0.662
771 119 16 21 0.653
720 228 42 53 0.630
494 179 26 34 0.621
223 165 24 28 0.616
118 163 22 28 0.535
454 156 18 24 0.471
1001 149 15 18 0.333
401 175 24 33 0.239
983 235 41 66 0.202
897 215 49 55 0.157
556 151 17 22 0.130
699 156 16 22 0.126
391 146 17 20 0.118
815 209 42 64 0.104
903 225 55 65 0.098
243 210 18 23 0.097
996 150 15 18 0.069
397 159 23 45 0.056
408 181 21 30 0.046
381 161 19 19 0.045
388 146 24 35 0.039
926 133 16 20 0.038
909 246 49 62 0.036
395 179 23 34 0.033
543 193 24 30 0.030
109 149 23 33 0.027
897 211 37 42 0.027
815 200 37 49 0.023
195 219 31 32 0.021
988 218 36 58 0.021
172 178 15 19 0.021
195 159 21 24 0.021
