14_Traffic_Traffic_14_267
26
230 475 19 24 0.778
168 459 19 23 0.776
75 446 17 20 0.730
155 437 17 20 0.729
532 520 17 22 0.214
539 433 11 13 0.167
76 392 10 11 0.117
634 381 9 11 0.085
714 367 7 9 0.075
632 434 11 13 0.075
486 361 9 10 0.072
581 339 6 7 0.050
497 359 8 9 0.047
622 297 6 7 0.039
540 436 11 13 0.039
670 380 10 11 0.036
579 516 19 19 0.030
511 310 6 6 0.027
485 357 8 11 0.026
668 377 9 11 0.024
688 404 10 12 0.024
585 515 18 19 0.022
479 298 8 8 0.022
585 432 9 11 0.021
479 401 10 12 0.021
636 381 10 11 0.021
