14_Traffic_Traffic_14_505
45
620 562 76 115 0.833
647 262 21 27 0.736
117 188 18 25 0.719
623 213 12 15 0.413
767 415 130 138 0.348
909 172 10 13 0.214
164 236 20 25 0.191
264 252 23 26 0.129
376 281 21 28 0.097
984 180 12 15 0.092
558 184 8 12 0.081
614 196 12 15 0.079
213 229 21 27 0.078
617 196 13 24 0.074
665 212 15 19 0.073
555 138 8 9 0.066
110 295 18 24 0.058
789 188 10 13 0.056
735 347 26 31 0.047
992 165 10 13 0.046
557 188 10 13 0.046
209 197 19 22 0.045
596 236 13 16 0.041
646 213 12 15 0.041
612 204 21 20 0.039
922 186 11 14 0.038
447 63 7 8 0.038
598 194 11 13 0.038
778 175 9 12 0.038
659 189 11 14 0.035
147 355 21 36 0.034
212 199 18 57 0.033
840 174 10 13 0.032
823 162 9 12 0.031
909 175 15 16 0.029
699 193 13 15 0.029
601 194 17 16 0.028
634 191 13 13 0.027
573 223 12 15 0.027
777 175 13 19 0.027
773 174 11 12 0.026
822 180 10 12 0.024
365 285 29 32 0.024
213 220 18 24 0.021
244 96 10 9 0.021
