14_Traffic_Traffic_14_840
210
92 255 29 33 0.826
607 286 31 34 0.825
145 279 32 34 0.823
19 284 37 39 0.815
924 271 32 34 0.810
704 278 30 33 0.804
52 253 32 33 0.790
492 274 32 37 0.789
808 282 29 33 0.780
278 277 33 35 0.773
382 295 32 35 0.757
670 262 26 32 0.752
863 264 25 28 0.752
188 263 28 33 0.737
774 264 25 31 0.729
316 253 24 30 0.716
0 197 14 19 0.711
211 253 25 33 0.700
742 223 21 23 0.696
135 243 25 25 0.684
630 244 21 24 0.677
27 211 15 17 0.676
936 167 13 18 0.676
496 187 11 14 0.669
750 258 23 27 0.661
575 207 15 17 0.646
53 200 14 19 0.645
579 263 26 29 0.640
977 186 10 13 0.631
961 263 25 28 0.623
600 224 18 20 0.616
627 212 15 17 0.615
518 211 13 16 0.611
792 215 18 20 0.606
708 243 26 25 0.602
754 149 12 14 0.593
609 240 19 22 0.592
264 197 16 19 0.574
633 191 12 15 0.570
415 229 21 23 0.565
978 212 15 19 0.546
471 243 25 28 0.540
322 200 13 15 0.534
891 171 13 19 0.517
615 199 12 15 0.512
559 238 24 26 0.500
709 213 13 17 0.486
531 223 16 19 0.477
695 195 11 14 0.475
261 238 26 29 0.471
409 189 9 11 0.458
663 186 13 13 0.444
494 223 18 20 0.441
1014 218 10 26 0.433
192 184 11 14 0.430
538 154 9 10 0.427
393 265 26 29 0.422
800 185 14 15 0.418
863 195 11 14 0.416
471 156 6 9 0.415
836 194 13 16 0.389
105 166 13 19 0.385
328 178 9 11 0.381
888 239 18 21 0.372
230 203 13 16 0.361
721 197 11 13 0.325
659 239 23 24 0.322
630 153 8 9 0.317
307 203 12 13 0.315
456 192 11 11 0.314
196 257 42 34 0.310
597 153 8 11 0.307
838 256 22 27 0.301
603 228 20 24 0.299
51 156 9 12 0.293
610 157 8 10 0.293
649 221 16 17 0.291
814 185 11 13 0.291
348 148 7 9 0.284
572 150 8 9 0.282
499 154 9 10 0.271
365 210 12 14 0.271
525 153 7 9 0.264
349 205 15 16 0.263
26 190 12 14 0.256
313 184 9 11 0.248
387 196 10 12 0.227
894 174 14 18 0.216
415 146 8 10 0.208
772 186 12 16 0.205
134 196 14 15 0.204
386 241 22 24 0.190
864 195 15 17 0.185
668 187 12 14 0.183
832 186 11 13 0.180
1013 228 11 28 0.173
875 197 14 16 0.168
623 211 15 16 0.168
341 233 20 21 0.166
288 213 15 15 0.163
464 221 17 18 0.160
799 185 26 15 0.159
579 201 16 20 0.150
663 150 8 9 0.148
121 222 17 21 0.147
429 148 8 10 0.145
686 140 7 9 0.141
534 175 12 14 0.137
586 190 12 14 0.133
666 236 21 23 0.128
564 185 10 12 0.126
599 170 10 11 0.118
709 205 19 55 0.116
632 190 13 39 0.115
454 148 8 9 0.115
349 206 25 17 0.115
162 247 18 22 0.111
387 284 31 38 0.110
197 227 20 22 0.108
736 176 11 15 0.104
604 221 24 50 0.102
599 155 18 11 0.098
880 210 14 18 0.095
709 216 17 20 0.094
615 180 10 13 0.091
864 231 15 19 0.086
306 242 21 24 0.084
833 266 22 27 0.083
568 148 11 10 0.082
377 191 10 12 0.079
24 206 38 19 0.078
219 160 11 12 0.076
378 245 21 24 0.075
474 250 26 30 0.074
312 246 24 28 0.072
419 146 22 10 0.068
998 201 14 17 0.067
1003 206 15 19 0.066
343 217 20 45 0.065
660 198 15 14 0.061
557 149 8 8 0.058
374 247 16 22 0.058
571 156 9 9 0.055
315 184 21 27 0.054
983 207 17 20 0.054
270 199 15 18 0.053
838 196 45 15 0.052
310 237 18 21 0.051
755 200 13 16 0.050
127 204 17 26 0.048
221 207 17 18 0.048
434 161 9 11 0.047
514 215 14 17 0.047
673 202 16 16 0.046
128 236 25 28 0.045
430 209 13 16 0.045
663 192 17 23 0.045
255 236 20 27 0.044
497 207 54 32 0.043
495 189 13 16 0.042
657 229 22 22 0.041
882 211 17 25 0.041
465 202 13 15 0.041
596 150 8 8 0.041
419 198 13 13 0.040
729 182 13 24 0.039
574 156 8 15 0.039
285 216 16 18 0.039
122 230 17 23 0.038
854 206 12 16 0.037
678 216 15 23 0.036
540 153 27 9 0.036
21 209 16 18 0.035
775 241 19 21 0.033
499 149 10 10 0.033
395 212 11 14 0.033
677 207 14 23 0.033
628 150 11 14 0.032
35 197 18 19 0.032
377 191 22 30 0.032
215 160 11 13 0.031
665 205 19 15 0.031
534 173 13 27 0.031
261 196 13 18 0.029
263 247 26 30 0.029
228 199 12 15 0.028
497 152 12 124 0.028
73 205 21 27 0.028
846 211 18 16 0.025
488 155 14 13 0.024
524 278 17 24 0.024
566 257 25 29 0.024
737 178 13 19 0.024
534 186 11 19 0.024
800 190 15 18 0.023
348 154 8 8 0.023
684 215 14 17 0.022
848 221 30 53 0.022
485 265 32 35 0.022
491 205 13 24 0.022
242 240 17 23 0.021
776 191 13 15 0.021
546 200 11 16 0.021
302 194 16 16 0.021
297 195 10 14 0.021
511 179 10 15 0.021
659 144 8 14 0.020
847 245 20 25 0.020
444 212 15 17 0.020
550 154 11 10 0.020
