38_Tennis_Tennis_38_371
26
439 302 30 35 0.844
785 196 28 34 0.839
550 372 32 41 0.836
477 368 30 38 0.835
173 191 27 33 0.835
569 287 28 37 0.831
277 201 26 31 0.827
764 282 30 39 0.826
324 204 23 28 0.820
666 279 28 35 0.818
491 202 24 28 0.817
413 205 24 29 0.817
232 199 25 29 0.816
444 215 26 31 0.815
696 193 26 29 0.813
611 219 25 30 0.811
879 189 26 30 0.810
379 212 27 32 0.810
130 200 25 30 0.809
731 189 22 27 0.807
567 197 24 27 0.803
528 214 24 29 0.795
816 191 22 28 0.794
344 296 29 35 0.751
653 198 24 28 0.748
800 195 23 30 0.093
