38_Tennis_Tennis_38_232
105
807 330 14 18 0.734
732 251 11 13 0.703
612 65 7 10 0.618
856 66 8 10 0.582
894 64 7 10 0.553
637 17 8 10 0.545
164 223 10 13 0.535
901 36 8 10 0.534
1009 61 8 10 0.528
686 64 8 10 0.526
1015 257 9 12 0.509
662 43 8 9 0.499
780 17 8 10 0.495
633 36 8 10 0.488
944 40 8 10 0.477
769 42 8 10 0.476
761 68 8 9 0.474
875 11 8 9 0.455
871 35 9 11 0.450
674 20 7 10 0.449
912 19 8 9 0.440
726 68 8 9 0.428
648 70 8 11 0.409
783 59 8 9 0.380
981 42 8 10 0.376
966 45 8 10 0.339
729 36 9 11 0.338
719 0 9 8 0.323
704 37 8 10 0.321
968 20 7 10 0.308
760 0 8 7 0.303
985 12 8 10 0.296
947 14 9 10 0.266
740 12 7 10 0.255
889 43 6 8 0.246
734 39 7 10 0.236
694 36 7 10 0.234
967 69 9 10 0.216
709 21 8 9 0.208
749 14 8 10 0.203
1002 45 8 11 0.188
880 90 9 10 0.180
1015 41 8 12 0.176
714 50 8 10 0.172
749 58 9 12 0.163
741 13 13 11 0.152
1003 33 9 11 0.144
920 0 7 7 0.133
945 0 8 8 0.131
746 15 9 11 0.123
706 29 7 24 0.116
750 61 7 17 0.113
682 0 8 6 0.110
887 40 11 9 0.095
708 83 9 11 0.090
1011 48 8 29 0.088
630 43 7 8 0.086
683 65 9 10 0.080
748 68 7 17 0.078
1010 0 8 12 0.078
993 58 8 20 0.078
948 9 8 26 0.077
870 13 9 9 0.076
751 50 9 17 0.074
970 70 9 15 0.068
720 32 11 12 0.064
961 64 8 12 0.062
908 0 7 7 0.061
1009 8 9 15 0.059
741 85 8 12 0.057
987 85 9 16 0.053
735 41 8 11 0.052
778 1 19 9 0.052
706 96 11 12 0.050
974 0 12 14 0.048
742 8 12 12 0.045
790 1 14 9 0.044
701 18 8 11 0.044
707 79 9 24 0.042
708 90 10 12 0.040
941 14 7 28 0.039
611 67 7 8 0.037
1007 4 10 26 0.037
954 83 9 11 0.036
988 69 9 28 0.035
992 71 8 12 0.034
672 96 10 12 0.034
670 90 11 16 0.033
708 16 12 15 0.033
815 448 16 26 0.033
713 63 11 14 0.031
944 0 17 19 0.030
847 11 7 9 0.027
892 63 11 13 0.027
991 90 9 12 0.026
680 0 21 7 0.026
642 0 16 8 0.025
668 84 9 14 0.025
854 67 7 10 0.025
881 67 8 10 0.024
959 0 21 12 0.023
662 0 17 8 0.023
649 0 21 8 0.022
987 94 10 11 0.022
1016 82 8 10 0.021
