38_Tennis_Tennis_38_535
57
863 323 21 28 0.804
579 306 24 30 0.800
46 449 24 29 0.798
505 469 25 33 0.797
432 447 24 31 0.797
460 423 24 31 0.796
778 307 22 27 0.790
322 382 23 29 0.790
134 456 23 28 0.788
192 339 21 26 0.787
172 276 21 26 0.785
369 406 23 29 0.782
762 428 22 27 0.782
657 463 21 27 0.781
479 316 22 27 0.781
140 412 22 28 0.780
643 314 20 25 0.780
206 432 22 28 0.778
514 422 23 29 0.776
714 319 22 27 0.772
466 265 22 27 0.770
376 450 23 27 0.764
241 286 21 27 0.763
289 460 22 28 0.758
232 317 22 28 0.758
596 423 21 27 0.756
146 305 22 28 0.753
551 468 22 28 0.749
397 321 20 24 0.735
647 424 20 26 0.735
357 313 21 24 0.725
896 491 25 27 0.725
709 418 18 24 0.713
330 450 21 27 0.712
817 476 22 22 0.700
435 415 21 26 0.680
419 316 22 27 0.669
291 291 21 26 0.655
508 315 23 27 0.647
364 513 28 30 0.548
612 395 18 21 0.207
673 408 17 22 0.163
336 357 18 23 0.068
600 295 18 24 0.060
678 365 17 22 0.054
719 374 17 24 0.049
442 291 17 23 0.042
815 459 21 24 0.041
532 394 18 26 0.034
257 320 15 22 0.031
160 251 16 19 0.029
547 366 16 23 0.029
519 404 26 39 0.028
194 531 27 28 0.024
785 405 21 17 0.024
197 323 16 16 0.021
357 301 20 24 0.021
