0_Parade_Parade_0_120
78
109 303 42 50 0.828
951 306 41 48 0.812
525 331 33 33 0.785
492 315 18 21 0.751
443 325 17 20 0.723
327 313 17 21 0.719
47 322 22 33 0.689
664 325 19 20 0.681
629 317 14 17 0.635
697 319 15 17 0.617
393 330 15 17 0.548
24 372 27 31 0.499
288 341 16 17 0.451
601 327 13 15 0.425
566 317 12 15 0.417
746 312 12 15 0.285
987 333 26 35 0.278
762 316 15 16 0.272
368 331 11 13 0.265
995 228 18 29 0.227
719 316 11 12 0.213
795 317 12 16 0.202
729 318 12 12 0.173
557 322 14 16 0.164
907 305 17 21 0.161
832 337 22 27 0.152
618 329 11 13 0.139
233 335 17 25 0.132
392 347 13 15 0.117
746 314 25 16 0.113
808 332 16 20 0.105
236 341 16 23 0.102
906 308 22 27 0.099
831 275 7 9 0.099
914 316 21 27 0.096
823 319 17 21 0.077
977 287 12 12 0.076
271 337 14 16 0.075
811 329 20 24 0.068
546 328 20 21 0.066
854 302 19 19 0.063
721 316 33 15 0.061
995 223 16 26 0.061
262 354 12 15 0.058
560 322 21 16 0.051
0 346 17 31 0.050
678 281 6 8 0.047
911 320 17 23 0.046
753 315 49 17 0.044
6 352 27 33 0.043
233 328 14 17 0.043
573 325 11 13 0.038
897 314 16 20 0.037
862 302 14 18 0.035
815 299 10 12 0.034
731 324 11 12 0.033
816 336 22 25 0.032
612 322 23 17 0.032
0 366 14 30 0.032
882 329 16 19 0.030
365 355 12 15 0.029
388 349 13 15 0.028
425 331 15 19 0.028
803 261 8 10 0.026
21 338 20 26 0.026
387 330 14 16 0.026
300 334 15 17 0.025
837 349 20 25 0.024
399 332 20 17 0.023
881 325 24 23 0.023
201 348 23 25 0.022
186 336 12 16 0.022
343 348 13 17 0.022
364 348 12 21 0.021
826 316 16 17 0.021
916 324 22 26 0.021
214 350 28 24 0.021
877 331 17 21 0.020
