0_Parade_marchingband_1_78
589
655 358 8 10 0.629
689 139 7 10 0.600
787 93 8 9 0.593
778 174 7 10 0.593
568 255 8 10 0.582
725 133 8 9 0.568
495 159 8 10 0.565
548 205 7 9 0.564
908 571 10 12 0.562
597 145 7 10 0.560
587 342 8 10 0.559
510 128 7 8 0.556
809 149 8 10 0.554
640 8 7 9 0.549
745 112 8 9 0.541
627 110 8 10 0.533
699 592 11 16 0.532
856 496 9 12 0.531
721 10 6 8 0.528
680 253 8 10 0.526
129 343 11 14 0.526
864 96 7 10 0.524
425 173 9 11 0.520
880 157 8 10 0.519
784 67 8 10 0.517
533 126 7 10 0.513
460 172 8 9 0.512
941 103 8 10 0.509
677 23 7 8 0.508
655 190 8 10 0.503
385 106 8 9 0.497
637 153 8 10 0.497
470 81 7 9 0.494
189 191 8 10 0.490
692 6 7 9 0.490
668 111 7 8 0.486
841 149 9 10 0.485
605 9 7 9 0.485
778 128 7 9 0.484
1011 168 8 10 0.481
682 92 8 9 0.480
13 242 9 10 0.479
444 210 7 9 0.478
236 185 7 10 0.476
975 109 8 10 0.475
860 596 9 12 0.474
487 134 8 10 0.472
848 118 9 10 0.471
740 96 8 8 0.469
730 158 8 11 0.466
975 154 8 9 0.461
331 298 8 10 0.460
830 230 9 11 0.450
853 401 8 11 0.450
512 187 7 9 0.449
1003 143 8 10 0.449
326 117 7 9 0.446
747 14 8 9 0.443
364 142 7 9 0.443
845 186 7 10 0.441
751 597 10 12 0.439
369 168 8 11 0.438
465 144 8 10 0.437
442 94 7 9 0.436
291 169 8 12 0.427
788 208 7 9 0.427
308 161 8 10 0.426
976 567 8 11 0.426
399 193 9 10 0.426
582 200 7 9 0.425
574 120 7 9 0.423
710 51 8 10 0.420
393 162 8 11 0.420
462 107 7 9 0.420
423 126 8 9 0.419
909 54 7 9 0.417
524 38 7 9 0.415
963 270 9 10 0.412
895 203 8 9 0.409
697 191 7 10 0.409
825 105 7 9 0.405
556 131 7 10 0.404
544 154 7 9 0.404
945 149 8 10 0.401
803 613 10 12 0.401
942 168 8 11 0.401
513 213 7 9 0.401
962 188 8 10 0.401
473 195 7 9 0.400
263 135 8 9 0.399
915 171 7 10 0.397
929 198 7 10 0.394
443 126 7 8 0.391
461 222 8 10 0.390
321 182 9 10 0.389
909 127 9 11 0.389
881 130 7 9 0.389
601 115 7 9 0.388
433 148 8 9 0.387
498 10 7 9 0.383
665 9 7 10 0.382
518 324 7 9 0.380
66 397 10 14 0.379
327 153 8 10 0.378
270 61 7 8 0.377
265 170 9 10 0.377
757 210 8 9 0.375
677 166 8 10 0.372
587 21 7 7 0.372
706 169 7 9 0.369
811 182 8 9 0.369
977 631 10 15 0.365
728 201 7 8 0.364
81 377 10 14 0.361
545 179 7 8 0.358
827 586 11 13 0.356
698 468 9 12 0.355
766 379 8 9 0.354
653 25 7 9 0.353
218 155 7 8 0.352
966 89 8 9 0.348
1007 288 8 9 0.345
913 83 7 9 0.345
884 312 8 10 0.344
765 139 8 9 0.343
356 115 8 8 0.343
905 101 7 10 0.342
238 145 7 8 0.342
646 135 8 9 0.342
814 120 8 10 0.338
183 242 8 10 0.338
345 178 8 9 0.334
91 102 7 8 0.331
451 143 7 9 0.330
842 262 8 10 0.329
112 232 9 11 0.327
991 312 8 10 0.325
994 193 7 10 0.324
373 36 5 7 0.320
403 134 8 10 0.320
508 96 7 9 0.316
484 216 7 9 0.312
574 175 7 10 0.311
253 91 7 8 0.310
723 283 8 9 0.310
1012 528 10 13 0.307
853 54 7 9 0.304
414 149 8 10 0.303
920 216 8 10 0.302
1005 125 8 9 0.301
705 266 7 8 0.292
936 229 7 9 0.290
642 203 8 10 0.284
251 269 10 12 0.277
946 247 7 9 0.276
618 54 8 9 0.275
432 414 9 10 0.274
217 198 7 10 0.273
626 16 7 9 0.271
47 439 13 15 0.268
160 305 10 12 0.267
902 608 10 14 0.267
902 602 10 13 0.266
509 75 7 8 0.263
835 180 7 10 0.263
169 119 7 8 0.263
621 93 8 9 0.262
410 102 8 9 0.259
488 108 8 10 0.259
343 150 9 11 0.250
163 207 9 11 0.249
303 252 8 10 0.247
199 162 9 11 0.246
914 307 8 10 0.241
737 174 7 9 0.239
462 304 7 10 0.237
602 171 7 10 0.233
502 318 7 9 0.225
621 185 7 9 0.225
914 30 9 11 0.223
957 117 8 10 0.221
562 93 7 8 0.220
557 64 6 8 0.219
710 485 10 12 0.219
649 479 9 11 0.217
132 314 10 13 0.215
784 35 9 10 0.213
944 138 9 9 0.206
985 83 8 10 0.205
956 89 7 9 0.201
56 190 7 9 0.200
470 191 8 10 0.200
430 190 8 10 0.195
979 363 9 10 0.194
655 159 7 9 0.193
1017 90 7 15 0.192
816 221 7 9 0.186
197 159 8 10 0.185
415 153 8 10 0.185
463 447 8 10 0.183
990 609 13 14 0.179
564 37 8 8 0.176
289 128 7 9 0.175
934 182 7 9 0.175
298 131 8 10 0.174
870 184 7 9 0.171
154 240 9 11 0.169
880 154 7 10 0.166
436 56 8 9 0.166
432 477 7 9 0.166
206 196 9 10 0.166
635 9 14 10 0.163
716 30 9 11 0.163
794 123 7 10 0.161
389 134 8 10 0.158
250 307 8 11 0.154
513 206 7 19 0.153
31 126 6 8 0.152
909 117 8 18 0.152
1014 108 7 12 0.151
950 335 8 8 0.150
845 282 6 8 0.150
720 6 7 22 0.150
139 242 7 10 0.148
166 259 8 12 0.147
442 122 7 10 0.147
395 163 8 10 0.147
1017 208 7 10 0.146
558 342 8 9 0.145
486 64 6 8 0.143
327 148 7 10 0.142
539 470 7 10 0.141
173 289 9 11 0.140
558 93 8 9 0.138
874 329 7 9 0.134
1004 86 8 10 0.133
625 49 8 10 0.132
563 38 7 8 0.131
267 203 8 10 0.130
842 246 7 9 0.130
507 480 9 11 0.129
386 135 9 15 0.128
877 192 7 9 0.128
622 52 9 9 0.127
324 183 9 11 0.127
783 39 9 11 0.126
374 133 8 9 0.125
861 38 8 10 0.124
946 133 6 21 0.124
240 143 8 9 0.122
297 309 9 11 0.121
778 49 8 10 0.119
954 216 7 10 0.119
997 574 9 12 0.114
414 221 8 9 0.113
371 375 9 10 0.112
909 82 8 11 0.110
179 240 9 11 0.110
616 31 7 12 0.110
708 131 9 10 0.109
782 141 7 9 0.109
702 26 8 9 0.109
1010 287 8 11 0.108
269 76 7 10 0.108
329 155 9 11 0.108
133 177 9 11 0.107
284 197 7 9 0.106
57 211 9 10 0.105
877 194 9 12 0.104
212 198 14 10 0.103
561 552 11 16 0.102
1009 115 8 11 0.102
200 208 9 12 0.102
268 206 8 10 0.101
408 396 7 9 0.100
732 174 16 9 0.100
325 153 19 10 0.099
926 245 7 8 0.097
434 150 9 10 0.097
758 195 9 10 0.096
943 159 8 22 0.095
0 261 7 11 0.095
674 168 9 10 0.095
354 116 7 9 0.092
818 294 7 8 0.091
480 89 6 9 0.091
981 134 7 17 0.090
849 76 8 9 0.090
432 56 7 10 0.089
621 230 6 8 0.088
117 159 7 9 0.088
774 171 9 11 0.088
353 75 7 8 0.088
687 137 7 13 0.087
408 203 9 13 0.087
571 208 7 10 0.087
980 138 11 9 0.087
480 108 17 10 0.087
203 165 8 9 0.087
807 395 6 8 0.086
670 479 8 11 0.085
1013 240 8 11 0.084
843 144 9 16 0.084
563 151 7 14 0.083
367 375 10 11 0.082
719 170 13 12 0.082
302 250 8 10 0.082
613 31 9 10 0.079
965 171 9 11 0.079
601 109 6 10 0.078
412 211 8 19 0.078
525 34 6 8 0.077
587 75 7 8 0.077
551 179 14 12 0.077
397 191 9 11 0.077
589 463 8 11 0.076
924 217 15 12 0.076
857 42 9 16 0.076
902 321 8 9 0.076
317 177 11 13 0.074
808 180 16 10 0.074
959 116 17 10 0.073
293 161 15 20 0.072
902 72 8 10 0.072
562 550 10 13 0.071
511 83 6 28 0.070
903 316 9 15 0.069
305 253 8 10 0.068
712 488 10 13 0.067
979 618 13 21 0.067
908 199 8 12 0.066
170 285 10 15 0.066
179 99 7 10 0.066
929 304 7 10 0.066
910 306 23 10 0.066
904 148 8 12 0.066
154 238 7 8 0.065
300 130 8 14 0.065
263 139 7 10 0.065
853 152 14 10 0.062
364 375 10 11 0.062
370 50 7 9 0.062
844 190 7 9 0.061
601 119 8 9 0.061
1010 627 10 15 0.061
922 116 11 11 0.061
390 161 8 18 0.060
868 210 8 9 0.059
94 102 6 8 0.058
618 359 7 8 0.058
953 331 7 11 0.058
872 331 7 8 0.057
280 348 7 10 0.057
804 178 9 10 0.056
374 229 7 10 0.056
682 165 14 10 0.056
266 105 6 8 0.055
429 73 9 11 0.055
895 231 7 12 0.055
597 620 10 12 0.055
417 103 8 9 0.055
634 28 9 13 0.055
55 188 7 7 0.054
619 557 9 12 0.054
363 143 13 14 0.054
490 105 11 21 0.054
117 158 7 16 0.053
797 128 11 11 0.053
953 204 10 11 0.052
55 187 8 27 0.052
534 126 10 16 0.052
351 77 7 12 0.052
395 150 9 24 0.052
553 218 7 9 0.051
181 240 11 14 0.051
988 348 8 10 0.051
978 221 8 10 0.051
518 52 8 10 0.051
347 97 7 13 0.051
975 106 7 24 0.050
605 4 7 28 0.049
424 116 7 23 0.049
957 288 7 9 0.049
73 374 21 30 0.049
579 102 9 16 0.049
736 223 7 9 0.048
718 210 8 18 0.048
842 244 7 26 0.048
53 190 7 9 0.048
625 147 9 12 0.048
616 56 7 9 0.048
410 214 8 10 0.048
822 396 8 9 0.048
234 279 9 11 0.048
386 105 17 13 0.048
699 468 8 22 0.047
557 342 7 7 0.047
734 41 9 12 0.047
701 111 8 12 0.046
187 190 11 13 0.046
716 219 8 10 0.046
839 149 8 26 0.046
269 58 7 29 0.046
684 40 6 8 0.046
630 27 11 15 0.045
494 186 12 11 0.045
137 243 24 9 0.044
787 205 12 13 0.044
694 492 10 10 0.043
830 122 26 10 0.043
600 205 7 9 0.043
30 147 7 10 0.043
405 398 6 8 0.042
949 115 15 29 0.042
922 309 14 10 0.042
564 561 10 11 0.042
906 145 12 18 0.042
387 137 9 31 0.041
935 341 11 8 0.041
472 218 18 12 0.041
236 188 8 13 0.040
715 212 10 11 0.039
858 150 7 16 0.039
220 203 8 9 0.039
724 392 7 7 0.039
105 158 9 8 0.039
706 26 20 15 0.039
465 307 6 8 0.039
179 83 7 9 0.038
919 74 7 9 0.038
63 395 11 15 0.038
179 93 8 20 0.038
901 154 10 11 0.038
192 256 10 12 0.038
296 153 9 17 0.037
571 108 8 25 0.037
928 118 11 24 0.037
52 223 10 19 0.037
765 193 6 14 0.037
376 34 5 7 0.037
575 203 14 13 0.037
121 167 9 11 0.037
95 125 7 9 0.036
745 36 10 12 0.036
127 313 10 12 0.036
477 82 9 28 0.036
554 119 9 11 0.036
579 141 9 9 0.035
568 199 9 21 0.035
53 228 9 26 0.035
458 163 9 15 0.035
216 245 10 11 0.035
17 478 17 18 0.034
118 33 7 6 0.034
1015 48 7 9 0.034
235 185 11 13 0.034
801 252 8 10 0.034
940 43 8 9 0.034
896 190 9 22 0.034
712 265 7 10 0.033
91 249 10 12 0.033
516 209 8 10 0.033
1014 196 10 11 0.033
64 217 11 11 0.033
967 379 9 10 0.033
180 76 6 9 0.033
55 202 10 15 0.033
444 87 13 16 0.032
560 180 15 23 0.032
55 245 10 14 0.032
301 180 9 10 0.032
371 33 5 28 0.032
960 133 10 24 0.032
781 36 8 10 0.032
937 43 10 10 0.031
521 43 7 23 0.031
877 324 11 13 0.031
920 120 16 17 0.031
518 323 7 8 0.031
92 122 10 10 0.031
51 227 9 11 0.031
354 394 9 12 0.031
957 318 7 8 0.031
619 188 7 14 0.031
657 323 7 8 0.031
935 342 7 9 0.031
651 258 7 8 0.030
676 89 13 11 0.030
936 262 11 12 0.030
716 223 7 9 0.030
748 199 13 14 0.030
761 173 11 11 0.029
954 220 7 11 0.029
178 77 15 8 0.029
461 228 8 9 0.029
375 379 8 9 0.029
272 60 9 10 0.029
786 30 9 12 0.028
29 121 7 28 0.028
31 464 12 15 0.028
377 387 8 11 0.028
625 139 10 17 0.028
699 464 9 11 0.028
830 198 9 14 0.028
188 75 9 8 0.028
430 76 6 11 0.028
848 106 9 9 0.028
741 129 11 9 0.028
512 483 9 11 0.028
780 52 7 10 0.027
904 604 12 16 0.027
806 393 6 7 0.027
509 479 10 11 0.027
720 188 11 24 0.027
943 111 26 15 0.027
133 26 8 8 0.027
325 246 9 11 0.027
934 263 7 10 0.026
600 85 10 12 0.026
90 107 7 9 0.026
456 59 7 12 0.026
162 294 10 13 0.026
298 126 19 12 0.026
810 297 12 8 0.026
577 135 10 15 0.026
522 54 7 9 0.026
985 313 10 12 0.026
584 19 7 9 0.026
982 77 10 12 0.025
439 58 21 10 0.025
167 143 8 12 0.025
700 193 19 17 0.025
965 85 9 9 0.025
582 38 8 10 0.025
130 312 38 13 0.025
375 231 8 9 0.025
333 134 12 25 0.025
863 198 10 18 0.025
764 166 10 13 0.024
778 175 8 12 0.024
936 344 7 8 0.024
407 221 9 10 0.024
26 469 14 19 0.024
72 221 12 12 0.024
106 160 19 12 0.024
179 75 8 23 0.024
425 168 10 19 0.024
838 125 8 29 0.023
977 333 7 18 0.023
353 71 7 7 0.023
525 95 13 17 0.023
112 180 9 10 0.023
176 287 8 12 0.023
404 59 7 12 0.023
357 179 8 9 0.023
320 116 9 10 0.023
23 361 8 11 0.023
294 307 9 11 0.022
233 262 8 10 0.022
472 169 12 11 0.022
561 344 7 8 0.022
330 292 11 14 0.022
35 265 9 10 0.022
937 327 11 24 0.022
287 121 8 9 0.022
949 289 17 10 0.022
856 93 18 27 0.022
1001 616 16 20 0.022
135 25 7 8 0.021
323 497 8 10 0.021
533 102 15 14 0.021
1 361 8 13 0.021
612 47 11 11 0.021
536 103 10 23 0.021
168 117 6 8 0.021
414 209 13 18 0.021
859 38 7 10 0.021
82 217 10 11 0.021
825 250 7 11 0.021
340 144 15 13 0.021
725 77 7 9 0.021
913 149 17 16 0.021
909 49 17 10 0.021
702 45 11 13 0.021
883 119 10 11 0.021
498 169 11 27 0.020
925 301 10 10 0.020
689 122 13 28 0.020
829 266 8 11 0.020
