0_Parade_Parade_0_288
43
507 209 13 16 0.709
423 215 11 15 0.621
495 170 13 15 0.619
697 345 13 14 0.570
753 331 13 16 0.560
592 340 15 17 0.523
459 197 12 14 0.433
298 391 12 15 0.411
702 406 13 14 0.405
785 384 12 15 0.365
660 359 11 13 0.274
778 411 12 14 0.244
373 216 11 13 0.216
655 357 14 16 0.156
872 419 14 17 0.155
476 218 11 15 0.089
647 360 13 16 0.086
463 199 11 15 0.082
699 336 12 15 0.075
866 463 13 16 0.069
538 394 13 15 0.063
352 250 13 14 0.062
527 227 14 18 0.060
830 415 8 13 0.059
534 227 13 18 0.058
443 367 16 19 0.055
411 213 11 14 0.051
655 353 13 14 0.050
379 360 13 16 0.047
503 211 14 18 0.043
934 339 9 10 0.031
660 352 12 15 0.030
523 225 13 17 0.029
627 360 13 15 0.027
500 182 16 54 0.027
749 336 14 16 0.027
451 344 14 16 0.026
229 408 7 9 0.026
477 341 16 17 0.025
470 214 13 16 0.024
777 416 13 14 0.023
392 271 13 16 0.022
356 366 12 14 0.022
