0_Parade_marchingband_1_881
51
96 240 11 14 0.662
52 235 11 15 0.650
142 258 12 15 0.648
227 214 10 12 0.619
722 181 19 33 0.601
638 162 18 31 0.583
187 213 11 14 0.578
240 264 10 14 0.530
538 284 10 13 0.528
79 216 9 11 0.502
333 159 23 36 0.485
279 206 10 13 0.475
893 195 18 26 0.458
8 216 11 14 0.417
799 218 7 10 0.390
569 205 10 12 0.387
773 213 7 9 0.382
937 271 8 9 0.340
1001 261 10 11 0.296
226 300 9 11 0.258
24 216 9 11 0.213
885 193 21 30 0.206
876 194 17 31 0.202
963 258 10 14 0.199
194 298 13 15 0.192
10 215 12 13 0.120
936 269 12 13 0.087
933 223 11 12 0.077
986 275 8 10 0.067
963 253 10 12 0.055
373 228 10 14 0.045
772 228 8 11 0.044
978 245 9 10 0.039
773 211 10 15 0.037
984 266 9 22 0.037
978 273 13 11 0.036
280 201 11 14 0.036
979 260 21 10 0.033
961 257 29 13 0.033
189 297 37 14 0.030
1003 263 9 10 0.028
1002 254 9 10 0.027
968 264 20 18 0.024
192 301 26 15 0.023
569 277 8 9 0.023
26 249 12 14 0.022
572 208 9 12 0.022
573 203 8 10 0.021
276 208 10 12 0.020
941 217 12 15 0.020
798 238 7 9 0.020
