0_Parade_marchingband_1_329
75
836 324 20 25 0.817
633 426 20 25 0.817
572 421 19 25 0.806
449 415 20 25 0.802
511 427 18 24 0.798
136 312 22 27 0.792
898 336 21 25 0.757
716 374 19 22 0.754
329 385 19 22 0.753
757 390 19 22 0.753
479 315 17 19 0.748
566 338 17 20 0.747
79 294 23 27 0.741
798 401 19 21 0.736
179 391 22 23 0.733
373 324 17 20 0.731
251 383 22 23 0.728
192 313 20 23 0.725
413 319 17 20 0.714
212 339 21 23 0.713
332 322 17 19 0.699
659 334 19 20 0.699
708 333 16 19 0.698
291 317 18 22 0.697
159 326 18 22 0.691
390 381 20 21 0.689
572 306 17 18 0.687
786 353 16 18 0.668
524 317 16 18 0.667
592 315 14 19 0.655
641 311 16 19 0.637
748 343 16 18 0.634
685 331 14 17 0.582
767 334 16 18 0.504
611 316 17 19 0.484
543 324 13 15 0.361
507 335 14 15 0.278
181 446 21 23 0.213
371 314 15 17 0.207
302 447 17 20 0.205
337 357 16 19 0.188
290 356 16 18 0.169
655 372 14 18 0.165
680 307 13 15 0.117
209 378 17 17 0.117
464 328 16 18 0.111
354 356 16 20 0.111
576 315 41 19 0.101
751 337 20 19 0.099
372 315 17 22 0.094
444 323 15 17 0.088
449 325 21 19 0.080
388 371 20 25 0.069
366 431 21 21 0.069
264 433 16 20 0.061
719 423 18 21 0.059
654 378 17 21 0.057
736 344 14 17 0.056
464 318 15 24 0.056
396 429 18 20 0.054
761 392 31 21 0.049
293 308 18 24 0.046
681 305 20 17 0.044
760 332 24 24 0.039
630 292 16 15 0.039
196 378 31 24 0.036
673 365 15 18 0.035
652 387 18 21 0.034
687 320 17 20 0.033
297 303 16 19 0.032
464 312 13 16 0.031
281 384 19 22 0.030
634 302 17 20 0.026
336 432 17 22 0.025
689 303 17 18 0.024
