0_Parade_marchingband_1_439
184
132 563 36 64 0.697
916 490 31 49 0.641
11 440 12 15 0.573
0 427 11 14 0.486
132 455 15 23 0.458
482 443 16 23 0.454
946 406 12 17 0.436
0 462 17 25 0.431
143 427 10 12 0.400
93 428 10 13 0.391
313 465 15 29 0.355
244 427 11 13 0.350
268 430 11 13 0.334
343 430 10 12 0.330
387 441 12 13 0.321
278 415 8 9 0.297
74 462 16 19 0.279
59 443 12 14 0.279
415 402 8 11 0.263
185 423 9 11 0.259
11 427 11 13 0.257
112 438 11 13 0.250
517 413 9 10 0.238
165 446 14 17 0.230
392 440 11 13 0.226
412 430 9 13 0.225
529 420 8 10 0.223
392 423 9 11 0.216
145 443 14 19 0.206
26 429 10 11 0.204
29 441 10 12 0.203
449 415 10 10 0.191
419 475 13 21 0.188
1010 415 12 16 0.187
350 415 9 10 0.185
295 425 9 12 0.183
242 460 19 28 0.171
882 422 12 13 0.166
207 422 10 13 0.160
27 428 9 22 0.158
133 439 15 43 0.157
11 427 12 30 0.152
377 412 9 11 0.152
374 433 10 12 0.150
919 399 13 15 0.147
268 449 11 12 0.144
434 422 9 12 0.137
424 524 19 29 0.136
306 416 9 9 0.129
230 419 9 12 0.124
405 419 10 18 0.123
302 416 9 10 0.121
799 430 14 18 0.120
226 420 15 12 0.119
69 423 10 11 0.114
400 420 11 11 0.110
489 444 16 23 0.106
279 409 8 22 0.106
304 416 10 13 0.106
149 445 27 16 0.104
231 197 9 10 0.102
267 432 13 20 0.100
29 434 9 14 0.098
392 421 22 11 0.096
127 420 8 10 0.094
482 420 9 12 0.094
469 417 13 12 0.093
969 455 16 16 0.091
555 410 8 11 0.088
837 404 10 12 0.087
316 463 14 23 0.083
74 444 15 17 0.083
473 420 15 11 0.081
552 460 14 22 0.081
389 405 9 10 0.081
551 408 8 9 0.078
172 445 12 16 0.076
245 424 16 13 0.075
521 417 17 11 0.075
981 414 14 17 0.074
146 431 11 16 0.073
1011 401 11 16 0.073
53 438 13 19 0.072
119 422 16 12 0.069
368 270 7 9 0.068
348 408 9 34 0.067
131 430 15 14 0.066
552 409 10 11 0.066
325 429 11 11 0.065
365 132 9 11 0.064
467 408 9 9 0.064
282 443 10 13 0.062
884 406 10 18 0.062
276 436 15 17 0.061
457 411 20 12 0.058
392 434 14 21 0.058
95 425 13 13 0.058
376 385 9 12 0.057
309 453 17 31 0.055
190 492 24 30 0.054
502 415 14 12 0.054
410 431 25 12 0.053
1010 407 13 17 0.053
247 441 12 17 0.051
100 433 26 18 0.051
52 427 12 12 0.051
705 367 13 15 0.050
433 439 9 11 0.050
495 412 19 11 0.049
1004 353 9 10 0.048
526 417 12 16 0.048
268 417 12 45 0.047
433 423 9 23 0.047
220 420 10 12 0.046
979 430 14 19 0.046
210 421 32 11 0.045
220 423 11 12 0.044
978 413 15 31 0.044
548 425 10 13 0.044
172 422 11 12 0.043
746 416 10 13 0.043
413 449 10 13 0.043
595 417 8 12 0.040
448 574 21 38 0.040
124 423 22 15 0.038
635 414 8 11 0.038
68 421 10 10 0.037
432 413 23 15 0.035
538 427 12 12 0.035
334 425 16 17 0.034
474 422 13 14 0.033
550 411 10 23 0.032
211 340 7 9 0.032
22 566 33 53 0.031
409 419 15 34 0.031
915 401 13 16 0.031
307 425 17 13 0.031
375 409 14 38 0.031
831 426 13 16 0.031
470 406 14 28 0.030
812 410 11 14 0.030
91 441 14 14 0.030
496 449 11 17 0.030
908 431 12 16 0.030
53 447 15 16 0.030
245 455 15 23 0.030
359 445 15 11 0.029
418 442 18 15 0.029
775 395 10 12 0.028
78 463 18 21 0.028
961 419 14 18 0.027
318 412 18 12 0.027
73 411 23 94 0.027
806 412 15 21 0.026
293 420 15 18 0.026
375 407 22 25 0.026
369 366 12 14 0.026
358 428 17 21 0.025
472 408 9 9 0.025
975 457 15 17 0.025
16 496 26 38 0.025
1007 447 13 22 0.024
368 441 25 12 0.024
288 389 6 7 0.024
928 398 14 17 0.024
377 383 8 26 0.024
718 401 11 11 0.024
122 421 8 9 0.024
102 421 9 10 0.023
557 460 16 24 0.023
247 401 8 12 0.023
22 483 21 30 0.023
286 387 7 13 0.022
39 477 23 28 0.022
166 415 9 12 0.022
390 418 16 30 0.022
236 389 7 8 0.022
0 644 14 60 0.021
433 418 13 26 0.021
1011 423 12 27 0.021
802 433 15 17 0.020
486 408 9 9 0.020
537 408 24 14 0.020
161 410 8 10 0.020
