0_Parade_marchingband_1_488
37
446 269 21 28 0.797
42 266 19 27 0.788
272 333 12 15 0.712
611 321 14 20 0.708
324 313 13 18 0.673
729 361 9 11 0.569
644 348 10 13 0.538
373 344 10 14 0.471
496 342 12 15 0.382
688 333 12 14 0.379
940 376 8 9 0.327
910 384 7 9 0.306
768 369 9 11 0.296
808 383 8 8 0.284
763 369 10 11 0.251
974 391 6 8 0.236
512 353 11 12 0.181
896 391 8 10 0.177
1016 304 8 18 0.175
857 368 10 12 0.143
772 370 8 10 0.113
907 386 9 10 0.112
987 404 7 8 0.110
759 369 10 11 0.107
683 333 12 14 0.102
95 367 10 14 0.099
95 360 9 12 0.098
694 329 11 16 0.041
682 326 10 12 0.041
1015 299 9 18 0.040
464 306 11 14 0.039
678 330 11 13 0.031
732 359 11 10 0.031
491 341 12 15 0.029
990 403 6 8 0.026
910 381 7 8 0.023
846 395 6 8 0.021
