0_Parade_Parade_0_443
40
688 302 69 82 0.873
523 214 69 81 0.865
372 236 50 67 0.848
302 177 39 53 0.836
217 277 28 42 0.786
214 238 24 27 0.755
110 330 18 21 0.659
792 211 19 33 0.533
66 258 10 11 0.468
150 265 14 15 0.242
30 220 33 42 0.231
130 257 7 10 0.144
814 177 10 14 0.141
1 252 10 17 0.139
89 262 8 9 0.134
118 261 8 9 0.094
665 250 18 36 0.076
88 255 8 8 0.066
109 255 6 8 0.060
41 286 17 24 0.059
71 285 8 11 0.057
118 259 22 9 0.051
88 265 8 9 0.051
848 394 57 71 0.044
128 260 10 13 0.038
102 260 8 10 0.038
104 256 16 12 0.038
696 212 8 10 0.037
821 390 47 68 0.036
85 333 16 20 0.033
811 141 9 14 0.032
156 264 12 14 0.030
427 249 15 26 0.030
220 236 24 43 0.030
993 176 10 12 0.029
159 255 10 15 0.028
39 212 29 40 0.023
159 254 8 10 0.023
144 261 17 17 0.022
813 163 11 33 0.022
