0_Parade_marchingband_1_311
44
476 297 18 25 0.706
265 300 13 16 0.619
719 343 12 15 0.588
543 335 11 13 0.577
771 335 11 14 0.574
832 325 12 13 0.570
202 293 11 15 0.562
337 318 9 11 0.510
665 329 10 13 0.464
223 307 11 15 0.429
416 310 10 12 0.429
412 336 11 13 0.428
612 341 15 15 0.365
585 318 9 12 0.295
618 343 14 15 0.268
709 318 7 9 0.225
384 319 9 9 0.211
394 336 8 10 0.191
728 317 7 8 0.172
132 312 5 7 0.111
420 310 10 12 0.099
113 315 7 8 0.084
145 318 7 7 0.074
114 313 5 6 0.074
608 340 11 12 0.066
665 334 9 13 0.066
161 317 9 9 0.061
395 344 9 12 0.060
142 317 12 8 0.058
219 294 11 15 0.056
78 319 7 7 0.051
132 314 7 9 0.051
383 321 8 9 0.045
612 331 11 21 0.038
158 318 8 7 0.035
669 336 9 11 0.032
92 312 8 8 0.029
102 314 23 10 0.028
393 336 11 14 0.028
608 334 11 15 0.025
146 318 23 8 0.024
623 344 14 16 0.024
103 317 11 8 0.024
309 319 11 10 0.024
