0_Parade_Parade_0_873
285
820 507 62 79 0.859
319 461 50 61 0.857
95 583 78 103 0.834
981 455 43 80 0.830
929 400 45 56 0.816
726 482 47 68 0.806
608 490 48 67 0.806
31 430 32 46 0.804
454 523 61 86 0.795
151 409 34 40 0.792
402 323 26 34 0.791
854 326 22 28 0.784
452 397 32 42 0.775
130 381 31 37 0.768
531 357 28 32 0.760
716 408 34 40 0.756
316 403 35 47 0.754
869 573 93 107 0.753
959 343 28 34 0.753
663 606 59 80 0.750
211 309 19 22 0.750
746 354 24 31 0.743
771 356 27 32 0.742
299 354 23 27 0.741
902 374 26 37 0.740
277 374 23 28 0.739
818 317 23 29 0.736
933 296 23 28 0.733
744 314 20 26 0.732
372 322 17 22 0.731
189 356 18 24 0.726
806 350 24 28 0.724
780 416 37 49 0.722
480 310 18 23 0.719
502 320 15 20 0.718
78 369 26 31 0.716
629 363 25 31 0.711
702 289 14 18 0.708
664 392 27 38 0.705
559 424 36 54 0.691
14 361 25 31 0.689
0 393 22 28 0.688
994 311 18 23 0.687
337 369 26 30 0.686
23 296 14 18 0.681
467 347 17 22 0.677
935 269 14 18 0.674
445 370 26 31 0.672
60 335 14 19 0.666
428 307 14 17 0.655
632 310 17 21 0.645
626 334 18 26 0.634
1000 365 23 34 0.633
319 320 14 19 0.626
246 343 15 18 0.620
582 343 23 30 0.610
74 462 54 61 0.609
512 372 22 30 0.606
975 419 39 68 0.606
671 363 20 28 0.605
662 312 14 18 0.602
808 263 13 16 0.597
785 300 15 21 0.594
794 316 18 22 0.592
574 308 12 17 0.592
736 299 17 20 0.588
32 336 16 18 0.586
177 334 17 21 0.563
967 295 14 17 0.556
922 275 12 15 0.554
140 478 39 61 0.551
908 307 16 19 0.545
984 283 16 21 0.521
249 570 38 71 0.509
874 268 11 12 0.507
524 339 17 23 0.499
859 375 28 39 0.497
474 300 11 16 0.474
200 406 27 37 0.467
77 352 18 21 0.466
217 352 16 22 0.459
588 367 21 27 0.459
367 449 40 69 0.442
233 328 13 16 0.437
709 269 9 13 0.409
899 349 26 33 0.406
248 322 12 15 0.400
586 321 15 17 0.394
274 318 16 18 0.392
220 412 31 36 0.391
1012 319 12 24 0.386
533 319 13 16 0.384
460 316 12 16 0.382
1 326 12 17 0.382
789 344 20 25 0.379
153 325 13 16 0.368
566 328 14 17 0.368
1000 292 15 20 0.367
981 294 16 19 0.363
533 301 11 13 0.360
259 352 18 23 0.360
238 369 24 27 0.352
351 345 20 23 0.331
253 327 16 17 0.318
162 345 15 19 0.310
709 307 17 22 0.309
856 280 9 11 0.305
1017 271 7 14 0.304
745 263 11 16 0.303
548 327 15 19 0.289
912 268 9 12 0.287
561 311 13 16 0.282
85 453 47 55 0.281
98 339 14 16 0.280
295 328 17 18 0.274
12 527 48 65 0.272
576 337 18 25 0.270
501 343 18 24 0.260
909 312 17 21 0.259
278 319 18 19 0.250
510 341 20 23 0.237
239 325 23 16 0.236
125 339 13 16 0.234
329 370 29 59 0.229
0 365 9 24 0.227
585 354 22 37 0.225
681 310 14 17 0.213
535 320 18 17 0.210
995 287 18 23 0.205
0 371 11 23 0.202
870 342 20 26 0.189
99 348 17 26 0.171
987 278 13 18 0.168
705 280 13 26 0.167
98 360 21 27 0.167
229 334 14 18 0.159
759 256 9 12 0.158
561 310 23 16 0.155
870 311 18 23 0.154
434 455 45 66 0.145
685 383 30 41 0.143
219 348 17 21 0.143
504 451 30 48 0.142
759 300 14 19 0.139
858 361 27 37 0.131
15 345 15 21 0.130
771 394 31 41 0.128
900 423 33 46 0.120
745 268 12 16 0.120
685 316 16 23 0.119
533 303 13 29 0.117
156 364 17 21 0.116
470 307 12 16 0.114
855 282 14 15 0.113
866 285 13 15 0.112
444 348 19 21 0.111
461 321 13 21 0.111
0 459 18 44 0.108
814 298 14 19 0.107
345 328 14 17 0.107
686 322 17 24 0.107
831 297 12 14 0.107
463 333 16 22 0.106
715 365 24 31 0.105
190 354 49 22 0.105
1013 333 11 29 0.105
316 381 15 23 0.103
1003 295 16 20 0.097
262 324 23 20 0.097
866 339 29 38 0.091
14 348 18 32 0.090
462 308 25 21 0.090
906 319 24 27 0.090
318 324 27 20 0.089
784 250 7 10 0.088
765 301 18 18 0.088
95 336 14 17 0.088
158 347 17 22 0.087
193 353 25 24 0.086
785 254 7 11 0.085
323 351 17 21 0.084
323 346 16 19 0.081
1010 343 14 31 0.081
501 357 17 22 0.077
241 317 22 18 0.068
920 336 26 29 0.067
583 313 15 16 0.067
908 299 15 19 0.067
429 329 16 17 0.067
785 259 7 10 0.064
609 374 20 27 0.064
127 344 16 17 0.063
162 319 14 16 0.061
766 299 12 16 0.061
93 367 24 30 0.060
100 328 18 65 0.058
687 329 19 25 0.058
153 369 18 27 0.057
275 337 20 21 0.057
808 293 16 18 0.057
949 374 28 33 0.056
692 310 38 24 0.055
920 388 41 64 0.053
76 392 23 28 0.053
819 278 10 13 0.053
74 342 26 40 0.052
731 356 28 34 0.051
687 374 32 36 0.051
981 284 21 26 0.051
379 310 13 13 0.051
164 329 29 19 0.051
961 269 11 12 0.051
203 339 11 15 0.050
0 329 11 23 0.048
269 337 20 30 0.047
371 315 19 20 0.047
166 384 19 22 0.046
796 343 25 30 0.046
60 362 15 22 0.046
944 617 48 67 0.046
64 357 19 23 0.045
820 252 9 11 0.045
438 334 17 20 0.044
350 325 22 20 0.043
542 420 38 50 0.043
0 577 40 105 0.041
439 394 25 34 0.041
155 319 18 16 0.041
298 336 19 21 0.039
498 308 38 48 0.039
243 292 18 102 0.038
162 380 18 24 0.038
26 398 21 28 0.038
759 254 8 10 0.037
272 348 20 24 0.037
282 646 55 41 0.037
896 339 21 31 0.036
66 463 38 45 0.036
40 317 12 15 0.035
728 306 16 22 0.035
230 379 29 34 0.035
909 419 32 44 0.035
775 338 18 20 0.034
948 295 28 26 0.034
1 443 22 55 0.034
75 335 14 16 0.034
632 407 27 34 0.033
212 370 20 27 0.033
326 339 20 21 0.033
584 316 21 28 0.032
319 356 21 25 0.032
444 328 22 18 0.031
872 320 21 27 0.031
534 285 27 90 0.030
80 397 25 31 0.030
152 321 12 14 0.030
763 394 25 35 0.029
745 276 12 16 0.028
363 318 13 19 0.028
0 432 17 41 0.027
818 249 12 23 0.026
652 394 32 35 0.026
569 278 22 92 0.026
682 363 28 32 0.026
774 395 39 54 0.026
153 334 40 43 0.026
133 349 18 18 0.025
379 309 15 23 0.025
898 325 18 26 0.025
908 349 24 29 0.025
949 383 38 44 0.025
120 321 9 12 0.024
115 471 57 60 0.023
808 438 43 54 0.023
231 365 23 26 0.023
870 305 18 20 0.023
3 538 39 77 0.023
345 358 24 31 0.023
250 304 12 13 0.022
49 353 15 18 0.022
546 345 22 29 0.022
852 266 20 56 0.021
0 470 11 57 0.021
994 276 10 11 0.021
42 319 12 17 0.021
