0_Parade_marchingband_1_490
308
245 326 13 16 0.798
880 390 15 19 0.774
552 390 15 19 0.768
539 438 16 22 0.764
291 453 16 20 0.763
670 453 17 21 0.756
601 390 14 18 0.755
205 325 13 16 0.754
754 360 14 18 0.754
412 330 14 18 0.753
788 393 14 18 0.752
652 390 16 19 0.752
794 330 13 16 0.750
261 354 13 17 0.750
409 451 16 21 0.750
506 387 14 18 0.749
308 389 15 18 0.747
836 358 14 18 0.747
406 386 16 20 0.747
168 397 15 19 0.743
680 305 13 16 0.743
527 356 14 18 0.743
640 306 13 16 0.742
483 306 13 16 0.742
458 330 14 18 0.740
391 358 15 18 0.739
439 359 14 18 0.739
441 301 12 16 0.739
206 305 13 16 0.738
483 355 15 19 0.738
675 331 14 17 0.738
631 330 13 17 0.736
662 360 15 17 0.735
217 395 15 19 0.735
707 357 15 18 0.734
263 393 14 18 0.733
564 306 13 16 0.732
370 330 13 17 0.732
885 359 15 18 0.732
602 303 13 17 0.732
320 302 13 17 0.730
218 359 14 18 0.730
125 399 14 18 0.730
932 388 15 19 0.729
501 328 13 16 0.729
283 304 13 16 0.729
794 359 14 17 0.729
719 307 13 17 0.729
288 327 12 16 0.728
169 354 13 18 0.728
455 392 15 19 0.727
838 392 14 17 0.727
546 331 12 17 0.726
698 391 14 18 0.724
246 302 11 16 0.723
330 328 13 15 0.722
745 391 14 19 0.722
31 393 15 18 0.721
573 359 13 18 0.720
195 265 11 14 0.718
751 332 13 16 0.717
360 303 13 16 0.716
494 285 13 16 0.716
760 308 12 16 0.714
346 358 13 18 0.714
615 284 12 16 0.713
883 332 13 16 0.713
976 396 13 18 0.713
933 367 12 17 0.710
79 360 13 17 0.708
406 265 12 14 0.708
587 330 14 18 0.707
772 250 11 14 0.707
443 267 12 15 0.706
122 352 15 18 0.704
461 284 13 16 0.703
357 390 16 19 0.702
716 330 13 16 0.702
420 201 10 13 0.700
302 356 14 17 0.699
536 284 14 16 0.699
275 285 12 15 0.699
386 283 12 15 0.696
699 269 11 14 0.696
840 329 13 15 0.695
236 283 13 15 0.695
200 283 11 14 0.693
164 304 13 15 0.692
668 250 13 14 0.692
925 339 12 16 0.691
638 250 11 14 0.690
800 310 12 15 0.690
124 288 12 15 0.690
80 398 13 16 0.689
616 357 15 17 0.688
304 217 10 13 0.687
735 267 12 15 0.686
166 284 12 15 0.686
651 285 12 15 0.686
401 306 13 15 0.684
431 246 12 15 0.684
576 282 12 16 0.683
802 269 11 13 0.683
593 268 12 16 0.683
636 203 10 11 0.682
223 247 11 14 0.681
606 201 10 14 0.681
372 265 12 15 0.680
423 284 13 15 0.678
874 297 12 15 0.677
342 266 11 14 0.674
759 288 13 16 0.673
663 267 11 16 0.672
556 267 13 16 0.670
703 202 10 12 0.670
719 238 11 14 0.669
87 332 13 17 0.667
252 228 10 13 0.664
757 199 11 13 0.663
336 214 10 13 0.663
390 205 11 13 0.662
149 242 11 14 0.661
719 215 10 13 0.660
453 201 10 13 0.659
536 249 12 14 0.659
628 270 13 16 0.659
362 247 12 14 0.658
435 217 10 13 0.657
265 264 12 15 0.656
382 232 10 13 0.656
231 265 11 13 0.653
294 248 12 14 0.653
729 201 10 13 0.652
125 327 13 15 0.652
846 265 11 14 0.650
329 247 11 14 0.650
483 230 11 14 0.649
558 190 8 11 0.649
310 231 12 14 0.649
522 306 13 16 0.647
810 248 11 15 0.647
376 193 10 12 0.647
687 286 12 15 0.646
419 232 12 14 0.646
350 285 12 14 0.646
259 246 11 14 0.645
466 215 11 13 0.644
726 285 12 16 0.643
371 216 11 13 0.643
406 190 9 12 0.643
347 230 11 15 0.643
497 184 9 12 0.642
124 307 11 15 0.641
840 248 10 14 0.641
282 232 10 14 0.640
305 267 12 15 0.634
705 249 12 14 0.632
595 220 10 14 0.631
167 325 12 16 0.630
811 229 11 13 0.630
549 232 11 15 0.630
741 249 11 14 0.628
668 203 11 14 0.627
768 271 11 14 0.627
216 210 10 13 0.626
497 212 11 14 0.625
188 225 10 12 0.625
525 190 10 12 0.621
800 285 12 15 0.620
562 216 11 15 0.620
313 284 11 15 0.618
357 205 12 13 0.618
503 250 12 14 0.618
591 186 10 13 0.617
545 203 10 12 0.617
153 258 11 14 0.615
839 285 11 15 0.614
576 202 11 14 0.612
606 249 12 14 0.610
687 234 11 14 0.606
234 197 10 12 0.606
467 185 11 12 0.605
435 194 9 12 0.604
185 208 10 13 0.604
618 232 11 14 0.603
879 317 11 13 0.602
296 199 9 13 0.598
654 188 9 11 0.596
517 233 11 14 0.593
466 248 12 15 0.592
183 243 12 15 0.589
779 230 11 14 0.587
571 248 11 14 0.587
627 220 10 13 0.586
530 214 10 14 0.576
310 186 9 12 0.576
621 184 10 15 0.575
512 201 10 13 0.575
245 215 9 13 0.575
220 226 10 12 0.573
485 202 10 11 0.571
584 233 10 13 0.569
453 234 11 13 0.569
685 187 9 11 0.559
693 220 9 12 0.556
281 186 9 12 0.556
747 228 11 14 0.555
403 216 10 14 0.551
837 310 14 18 0.548
265 197 10 13 0.516
397 247 12 14 0.514
652 235 11 13 0.514
792 208 10 12 0.498
341 187 9 13 0.491
520 269 12 15 0.485
326 198 11 13 0.462
275 214 10 12 0.451
482 270 12 14 0.445
662 220 9 11 0.442
785 216 9 13 0.391
752 219 10 12 0.387
748 223 11 15 0.321
365 212 12 15 0.321
80 347 13 34 0.234
164 289 13 35 0.227
217 209 10 23 0.214
125 317 12 29 0.212
844 261 11 21 0.206
720 210 12 16 0.206
279 293 13 21 0.192
664 342 15 42 0.184
640 198 12 15 0.182
799 317 12 25 0.170
753 314 12 41 0.140
344 264 12 22 0.137
185 226 11 38 0.127
386 200 16 18 0.127
234 261 11 41 0.125
647 290 14 26 0.116
638 220 12 13 0.115
780 210 11 49 0.109
693 305 44 16 0.107
595 251 10 42 0.102
705 234 12 40 0.102
437 215 11 14 0.100
579 203 11 14 0.099
321 197 20 16 0.099
172 232 10 14 0.097
810 215 10 68 0.097
709 315 13 92 0.092
501 308 14 50 0.088
718 296 12 65 0.086
702 238 11 50 0.085
618 220 11 37 0.081
577 271 26 26 0.080
800 271 11 49 0.079
770 242 11 58 0.076
447 192 26 25 0.073
884 320 13 79 0.071
527 299 15 17 0.070
259 228 11 44 0.069
394 249 13 14 0.068
867 341 9 14 0.067
805 224 10 85 0.066
545 182 12 46 0.063
942 412 12 15 0.063
772 272 12 14 0.062
134 273 11 14 0.062
665 231 15 73 0.058
392 310 12 100 0.057
550 269 17 18 0.056
396 275 17 61 0.053
511 180 15 47 0.051
721 265 11 84 0.050
718 235 16 13 0.049
749 180 10 89 0.049
310 210 12 57 0.048
489 266 15 68 0.047
486 256 11 18 0.044
593 185 8 11 0.042
354 383 15 18 0.042
194 251 19 64 0.041
241 258 11 76 0.041
82 422 11 13 0.039
504 256 10 15 0.038
288 210 20 77 0.038
807 216 25 67 0.036
578 268 11 12 0.035
97 405 11 11 0.034
57 406 11 12 0.033
760 236 11 123 0.032
864 327 10 18 0.030
502 204 10 120 0.029
579 279 20 130 0.028
208 351 11 13 0.027
518 214 25 94 0.026
804 383 11 12 0.025
330 254 13 133 0.024
722 164 12 101 0.024
596 221 15 18 0.024
762 238 20 106 0.023
364 231 17 77 0.023
669 188 14 120 0.023
573 203 15 32 0.023
409 208 37 75 0.023
720 191 9 97 0.022
554 351 12 14 0.021
120 307 13 28 0.020
