0_Parade_Parade_0_478
51
215 376 14 17 0.684
909 477 10 15 0.612
842 474 15 20 0.588
204 424 15 21 0.541
45 373 11 14 0.463
445 406 10 14 0.334
10 375 12 14 0.317
655 450 10 11 0.273
611 447 9 11 0.265
116 348 11 14 0.256
89 374 13 14 0.240
472 424 10 12 0.207
573 428 10 12 0.191
309 415 15 27 0.161
261 392 8 10 0.154
489 421 10 14 0.148
850 480 12 19 0.142
22 358 12 13 0.119
627 461 10 13 0.093
699 458 9 12 0.080
767 458 8 10 0.076
527 430 10 14 0.072
190 380 11 15 0.069
695 458 10 12 0.068
702 455 9 13 0.065
69 373 11 12 0.062
692 461 8 11 0.055
1001 570 15 20 0.053
629 465 11 13 0.052
473 421 10 13 0.051
204 394 11 17 0.037
363 416 12 14 0.036
157 374 11 13 0.036
30 358 12 13 0.035
445 411 12 13 0.035
513 425 10 11 0.035
730 459 7 9 0.033
763 458 8 9 0.032
450 441 13 14 0.030
518 428 12 12 0.029
803 461 8 11 0.029
113 354 12 15 0.029
438 404 32 25 0.029
853 483 14 19 0.028
368 414 13 14 0.028
912 481 10 12 0.027
20 365 16 17 0.026
186 379 24 20 0.024
102 387 18 20 0.022
633 470 12 14 0.021
577 479 7 8 0.021
