0_Parade_marchingband_1_629
70
610 370 11 15 0.762
111 372 12 17 0.754
35 375 12 17 0.751
509 367 11 15 0.731
561 369 12 15 0.718
463 359 11 13 0.713
427 360 10 14 0.702
954 393 18 23 0.697
392 360 11 14 0.693
234 364 12 15 0.681
637 326 10 13 0.673
54 333 11 14 0.669
1 348 11 14 0.646
429 321 10 11 0.643
294 354 9 12 0.631
795 353 10 13 0.625
578 321 10 14 0.621
138 358 12 15 0.618
326 356 11 13 0.585
862 386 12 17 0.584
651 374 11 16 0.584
495 331 10 12 0.583
862 355 10 12 0.579
715 395 12 18 0.568
359 360 9 14 0.567
406 324 9 11 0.555
721 354 10 12 0.551
791 375 11 15 0.547
792 405 13 21 0.484
713 335 8 10 0.432
562 325 9 12 0.415
287 385 10 13 0.376
511 391 11 14 0.342
742 334 7 9 0.323
827 342 7 9 0.319
533 322 8 9 0.288
537 335 9 10 0.265
776 338 7 10 0.250
320 357 9 11 0.233
271 387 10 12 0.215
746 372 10 15 0.163
442 359 40 13 0.120
278 386 18 13 0.119
638 357 12 14 0.102
497 334 10 12 0.097
794 342 10 47 0.093
567 394 11 14 0.091
573 347 12 13 0.091
164 388 7 9 0.088
542 319 8 9 0.088
862 358 10 53 0.084
488 351 12 15 0.082
285 381 11 14 0.078
550 355 9 12 0.053
737 356 12 16 0.048
784 344 14 13 0.042
418 344 11 13 0.040
143 360 11 14 0.037
727 337 14 27 0.036
420 344 15 16 0.034
564 382 12 27 0.033
551 327 18 15 0.031
503 331 9 12 0.031
430 343 9 12 0.030
431 322 9 12 0.029
484 334 9 12 0.028
865 336 8 11 0.027
535 333 12 15 0.026
535 372 11 14 0.024
777 323 8 10 0.024
