0_Parade_Parade_0_102
100
525 539 21 25 0.763
184 535 20 26 0.743
934 438 24 29 0.743
741 536 17 23 0.736
59 542 18 23 0.729
424 539 19 22 0.721
84 540 15 20 0.711
331 541 18 23 0.705
268 530 16 23 0.694
662 528 22 24 0.672
495 521 19 22 0.653
866 540 19 21 0.627
806 441 26 31 0.597
595 523 19 21 0.566
381 543 15 18 0.546
222 528 13 16 0.525
549 541 19 22 0.512
614 527 13 15 0.486
636 541 13 16 0.477
136 526 11 13 0.469
12 532 10 12 0.431
48 529 11 13 0.411
374 522 11 13 0.399
845 522 21 28 0.299
296 542 11 14 0.266
291 525 14 15 0.262
840 514 24 30 0.259
68 523 9 11 0.256
961 500 25 30 0.248
327 529 14 16 0.222
364 537 11 14 0.202
405 508 10 11 0.198
132 526 12 13 0.198
0 513 8 11 0.181
56 542 35 22 0.181
293 531 13 25 0.161
690 530 15 16 0.160
838 506 21 26 0.157
30 526 9 10 0.153
347 529 12 19 0.151
588 526 22 21 0.146
854 531 25 29 0.119
514 525 16 19 0.105
168 523 8 10 0.105
8 522 11 14 0.103
499 521 23 19 0.102
716 532 12 13 0.101
400 509 12 11 0.091
91 517 12 15 0.078
29 528 10 11 0.077
362 486 7 9 0.077
972 545 21 26 0.070
648 542 13 17 0.069
287 525 30 18 0.067
222 510 8 9 0.067
750 499 18 22 0.066
831 516 26 28 0.063
398 515 9 11 0.063
1018 426 6 25 0.062
221 509 9 16 0.061
472 482 8 9 0.061
351 496 7 9 0.058
396 511 10 12 0.056
681 537 13 17 0.052
418 522 11 13 0.045
391 491 7 9 0.043
198 524 15 18 0.041
126 527 9 12 0.039
189 510 8 11 0.037
246 532 11 22 0.037
389 533 13 15 0.037
183 375 9 10 0.037
116 544 11 15 0.036
244 527 13 16 0.036
113 550 10 14 0.034
723 525 12 15 0.033
966 533 25 32 0.032
707 532 21 15 0.031
957 516 23 29 0.031
325 526 21 26 0.029
585 530 14 17 0.029
862 521 19 22 0.029
694 528 19 13 0.028
248 542 10 14 0.028
485 494 7 10 0.027
391 488 7 19 0.027
971 499 22 30 0.026
830 523 22 27 0.026
927 412 19 26 0.026
967 484 20 23 0.026
108 395 9 11 0.026
362 480 7 19 0.026
152 543 10 15 0.025
596 437 17 19 0.025
105 394 10 10 0.024
364 472 7 8 0.024
389 472 9 10 0.024
141 544 13 15 0.023
52 514 10 13 0.023
39 522 12 10 0.021
