0_Parade_marchingband_1_695
81
572 94 61 72 0.829
311 173 49 57 0.827
845 196 43 46 0.814
183 210 38 49 0.784
752 268 28 30 0.760
142 249 30 36 0.716
518 240 24 30 0.704
79 271 23 29 0.598
281 166 16 21 0.590
479 177 15 18 0.438
258 177 16 20 0.433
384 169 15 20 0.415
20 292 24 28 0.415
428 170 17 18 0.385
312 143 17 22 0.380
939 94 11 13 0.241
504 166 15 17 0.219
993 72 10 10 0.210
880 112 8 10 0.180
423 171 17 19 0.168
968 86 9 10 0.167
827 146 8 11 0.154
535 177 15 19 0.152
262 178 17 21 0.151
744 151 10 11 0.150
928 99 9 11 0.149
908 109 8 11 0.143
509 331 26 31 0.123
554 145 16 20 0.120
375 196 23 32 0.117
1005 79 8 11 0.114
511 166 16 19 0.114
208 156 12 17 0.102
533 181 19 21 0.100
765 166 12 13 0.093
378 159 20 70 0.088
419 174 13 16 0.081
914 141 8 11 0.075
970 125 10 12 0.069
704 152 9 11 0.064
49 268 13 20 0.060
255 178 12 17 0.057
16 295 19 26 0.053
977 262 21 26 0.053
48 268 11 14 0.045
924 326 31 31 0.045
782 162 8 11 0.045
31 262 9 11 0.043
527 183 20 21 0.040
786 267 23 27 0.040
1 261 10 13 0.039
1015 57 8 26 0.037
419 200 18 23 0.037
1000 73 12 17 0.036
189 186 14 16 0.035
799 128 8 9 0.035
1010 114 12 13 0.034
47 275 14 17 0.034
731 151 7 8 0.034
551 138 24 31 0.034
76 265 22 26 0.033
23 287 20 23 0.033
1009 234 15 37 0.032
1010 132 10 12 0.032
955 231 27 32 0.031
896 107 20 10 0.030
1007 115 10 12 0.028
759 139 9 9 0.027
87 273 20 25 0.025
517 170 14 17 0.024
559 144 20 24 0.023
258 184 15 20 0.023
1015 60 8 11 0.023
33 255 8 21 0.023
468 257 16 21 0.023
67 265 19 20 0.022
807 343 19 23 0.022
436 165 14 16 0.022
932 96 17 14 0.020
844 152 10 12 0.020
70 273 18 24 0.020
