0_Parade_marchingband_1_746
38
746 86 30 40 0.840
141 80 35 44 0.832
816 92 31 43 0.817
765 47 28 38 0.810
546 88 33 44 0.810
371 89 31 38 0.807
424 82 28 37 0.801
299 75 27 35 0.799
627 111 28 35 0.784
599 87 29 38 0.739
1005 162 14 17 0.716
168 67 27 36 0.696
964 183 14 18 0.687
453 100 21 30 0.675
1002 178 14 17 0.668
1000 136 13 16 0.649
927 184 13 16 0.646
12 104 29 31 0.626
943 136 13 16 0.623
958 159 12 17 0.578
949 180 11 13 0.372
881 178 14 18 0.168
921 165 13 16 0.160
1003 158 14 42 0.145
858 198 18 22 0.141
924 163 13 15 0.097
958 156 14 27 0.095
922 168 14 20 0.072
1002 147 13 24 0.054
573 101 17 25 0.046
880 175 51 29 0.045
889 151 10 14 0.044
863 205 22 22 0.041
881 173 13 17 0.040
969 165 14 17 0.034
23 108 22 27 0.026
910 160 13 16 0.024
915 167 13 14 0.022
