0_Parade_marchingband_1_765
212
429 373 18 22 0.785
89 324 19 22 0.781
493 366 18 23 0.778
555 376 17 23 0.776
248 369 18 22 0.775
369 369 18 22 0.774
308 371 18 23 0.774
845 372 18 23 0.773
196 373 17 20 0.772
727 382 17 22 0.765
612 383 17 20 0.761
113 300 17 21 0.758
226 317 15 20 0.758
453 341 16 21 0.757
692 351 15 18 0.757
405 309 16 19 0.757
583 313 15 18 0.755
317 305 16 18 0.752
651 316 14 18 0.752
351 343 16 20 0.750
287 289 14 18 0.747
705 230 12 15 0.747
806 323 15 19 0.745
313 249 12 16 0.744
907 383 17 20 0.742
501 263 12 17 0.742
502 313 14 19 0.740
421 268 13 16 0.737
538 252 12 16 0.737
648 267 13 16 0.736
341 265 12 17 0.735
728 312 14 18 0.735
252 267 13 18 0.734
674 248 13 15 0.733
664 380 17 19 0.732
152 381 17 19 0.732
623 348 15 18 0.730
458 289 14 17 0.727
739 161 9 13 0.727
442 234 13 16 0.725
203 221 13 17 0.725
363 229 12 16 0.725
914 289 14 19 0.722
233 198 12 16 0.722
746 251 12 15 0.722
787 273 12 16 0.721
894 266 12 17 0.720
715 271 13 17 0.718
467 251 12 15 0.717
369 291 14 17 0.717
849 225 12 15 0.716
857 356 14 18 0.716
257 344 15 18 0.715
397 244 13 16 0.715
504 233 12 15 0.715
631 199 10 14 0.714
803 251 11 15 0.713
834 201 13 16 0.712
766 351 15 18 0.711
834 298 13 16 0.711
568 201 10 14 0.708
770 292 13 17 0.708
615 294 13 17 0.708
332 217 11 14 0.707
578 268 12 16 0.706
690 296 13 17 0.705
804 157 11 13 0.704
641 233 11 15 0.703
540 349 14 18 0.702
329 172 11 13 0.700
457 173 11 14 0.691
569 234 11 14 0.687
664 210 13 16 0.686
245 184 12 15 0.685
414 212 11 15 0.684
541 207 11 15 0.682
764 230 11 14 0.680
873 246 13 15 0.678
476 214 12 14 0.678
261 173 11 14 0.677
758 188 11 14 0.677
522 146 10 11 0.675
784 380 18 21 0.674
139 275 15 16 0.673
606 209 11 14 0.672
173 258 14 18 0.672
511 170 11 14 0.669
397 172 11 14 0.668
781 221 11 13 0.668
690 199 12 15 0.666
607 244 13 16 0.663
351 183 11 13 0.661
717 153 10 13 0.659
286 233 12 15 0.650
731 180 10 13 0.650
369 161 10 13 0.648
311 203 10 13 0.645
283 149 11 13 0.639
344 151 10 12 0.639
599 165 9 12 0.637
486 189 11 12 0.634
569 172 10 13 0.634
823 179 12 15 0.633
435 163 11 13 0.632
505 202 11 14 0.632
489 162 10 13 0.621
384 203 11 13 0.620
542 296 14 16 0.618
273 161 11 14 0.615
659 164 9 12 0.614
602 188 10 13 0.610
723 214 11 14 0.609
654 188 10 13 0.607
629 177 10 13 0.599
628 152 10 12 0.598
549 165 10 12 0.597
705 165 9 12 0.596
572 151 9 12 0.586
542 188 10 13 0.585
421 190 10 12 0.572
746 203 10 13 0.563
790 148 11 14 0.562
462 146 11 14 0.552
773 127 10 13 0.548
678 154 9 10 0.546
449 202 11 14 0.540
299 143 9 12 0.508
310 130 11 13 0.492
713 190 10 12 0.490
682 180 10 13 0.463
782 139 10 14 0.424
783 318 11 15 0.394
409 151 9 12 0.359
700 320 11 14 0.340
457 203 11 13 0.336
280 153 12 15 0.327
461 202 11 12 0.265
687 167 8 13 0.259
624 321 12 16 0.241
275 153 13 17 0.207
291 145 17 14 0.199
245 182 20 16 0.189
605 200 12 25 0.182
651 261 18 18 0.182
304 247 24 16 0.177
315 148 10 14 0.172
674 244 24 16 0.167
700 135 10 13 0.158
351 112 10 12 0.154
305 161 11 14 0.107
302 165 11 15 0.105
720 154 10 13 0.098
540 178 12 27 0.097
419 155 10 11 0.092
536 171 12 23 0.091
464 114 12 16 0.089
631 180 11 46 0.081
344 171 18 36 0.080
533 171 12 16 0.078
807 184 11 12 0.075
368 180 9 14 0.073
618 190 12 13 0.072
788 146 11 14 0.069
724 170 11 85 0.068
610 190 17 13 0.066
298 172 11 14 0.065
241 188 12 17 0.064
473 157 17 15 0.063
707 140 18 47 0.058
531 158 12 15 0.055
352 119 11 13 0.055
847 263 13 17 0.055
724 254 11 13 0.054
427 184 11 14 0.050
350 126 10 13 0.047
356 162 17 25 0.046
654 138 11 98 0.046
460 140 10 67 0.046
845 214 37 47 0.045
601 145 9 75 0.042
486 154 12 18 0.042
467 110 12 14 0.041
384 164 15 73 0.039
570 143 10 61 0.038
489 146 12 50 0.036
529 293 14 16 0.036
570 171 8 28 0.036
504 167 10 128 0.035
616 163 13 13 0.034
935 315 15 18 0.034
664 150 17 125 0.033
735 202 12 14 0.033
517 145 39 34 0.032
590 164 15 13 0.032
319 149 12 20 0.030
629 114 9 119 0.030
637 164 13 13 0.029
187 243 12 15 0.029
508 144 10 111 0.029
695 197 22 15 0.029
706 205 9 12 0.029
467 205 11 16 0.028
440 175 25 59 0.027
233 275 12 16 0.026
376 210 17 16 0.025
480 337 14 17 0.023
168 322 13 17 0.022
621 319 13 16 0.022
535 149 11 16 0.022
489 250 13 17 0.022
413 118 14 18 0.021
682 150 17 16 0.021
