0_Parade_Parade_0_628
60
449 199 28 38 0.809
307 239 23 28 0.793
576 236 23 29 0.760
981 257 21 23 0.750
624 223 20 28 0.743
693 264 16 22 0.711
902 276 17 21 0.642
786 287 12 15 0.617
786 337 13 16 0.510
756 291 11 13 0.501
707 295 11 14 0.340
21 327 11 12 0.276
25 301 12 13 0.266
79 329 8 8 0.252
109 337 7 8 0.232
158 341 7 8 0.214
160 342 7 8 0.187
138 338 6 7 0.183
31 332 9 10 0.139
4 318 11 13 0.130
803 295 11 15 0.127
87 340 8 10 0.119
118 339 8 8 0.116
742 313 8 11 0.102
11 322 10 13 0.097
704 284 14 30 0.092
74 331 11 9 0.084
55 338 8 9 0.077
729 328 10 12 0.074
1 342 8 10 0.069
89 344 7 9 0.067
736 317 12 14 0.061
140 353 7 7 0.060
44 328 8 9 0.059
810 276 12 17 0.055
29 332 20 10 0.052
825 277 12 16 0.049
21 311 13 35 0.047
820 280 13 14 0.046
137 332 9 24 0.044
604 237 11 16 0.044
813 276 24 17 0.040
609 231 17 24 0.040
884 323 7 10 0.037
169 348 7 14 0.036
196 337 6 6 0.035
941 295 12 13 0.034
129 333 18 20 0.033
24 327 13 16 0.033
172 354 5 7 0.031
136 353 25 7 0.030
698 267 14 19 0.029
1006 205 7 10 0.029
805 287 16 24 0.028
16 325 14 16 0.026
95 329 7 7 0.026
87 329 17 19 0.024
65 330 11 23 0.023
980 207 7 10 0.023
210 352 6 8 0.023
