0_Parade_Parade_0_502
38
466 403 33 41 0.803
0 331 31 39 0.789
711 363 32 42 0.781
858 364 24 30 0.741
529 361 21 27 0.717
282 382 26 32 0.699
567 365 19 22 0.698
430 386 26 30 0.695
90 490 26 33 0.686
347 393 12 15 0.567
405 365 20 22 0.551
159 363 24 32 0.516
939 382 21 33 0.462
1008 390 14 21 0.287
361 380 11 13 0.160
822 357 22 26 0.152
376 392 10 13 0.122
933 385 20 33 0.120
366 387 11 15 0.109
995 389 16 18 0.093
843 370 18 24 0.092
930 390 16 25 0.056
241 340 22 30 0.054
935 378 20 31 0.047
333 426 24 24 0.044
166 327 28 41 0.043
599 368 12 13 0.039
655 363 9 11 0.038
414 361 21 24 0.038
991 385 16 19 0.036
429 376 30 32 0.034
151 357 26 35 0.034
832 372 18 23 0.033
943 387 23 34 0.029
952 348 17 20 0.024
405 356 26 25 0.022
774 373 11 15 0.021
165 346 29 36 0.021
