0_Parade_Parade_0_286
71
955 555 69 81 0.834
616 607 108 92 0.785
587 563 21 27 0.722
533 543 19 23 0.715
901 523 20 27 0.621
81 521 20 23 0.520
584 525 10 14 0.505
348 505 18 23 0.489
945 502 12 15 0.471
613 515 9 11 0.415
963 495 12 14 0.402
449 526 16 19 0.369
456 529 15 18 0.351
79 551 24 30 0.350
475 552 14 22 0.316
625 507 9 11 0.286
588 328 7 9 0.204
514 329 7 8 0.200
565 517 9 13 0.185
462 531 13 16 0.159
902 517 19 23 0.124
652 508 10 11 0.124
499 331 7 8 0.120
594 515 8 9 0.115
511 538 14 15 0.113
764 472 14 25 0.113
577 342 7 8 0.108
610 495 8 10 0.101
605 543 12 17 0.100
965 500 15 16 0.099
509 419 7 11 0.091
976 513 12 13 0.085
16 557 20 31 0.082
229 550 27 32 0.079
695 167 8 10 0.075
614 507 14 18 0.074
0 575 24 50 0.070
580 524 13 14 0.068
539 521 11 19 0.063
856 509 19 24 0.061
520 507 10 12 0.061
538 518 11 12 0.060
245 521 18 21 0.055
422 623 19 28 0.051
542 160 9 11 0.049
543 528 11 15 0.048
56 499 18 19 0.046
809 515 18 26 0.045
326 498 12 18 0.042
563 520 20 15 0.040
87 504 11 14 0.040
594 355 6 8 0.039
601 525 11 13 0.038
609 491 8 19 0.037
452 464 8 12 0.037
240 519 20 42 0.036
84 507 16 20 0.035
937 469 12 15 0.033
516 329 6 7 0.032
488 491 7 11 0.031
473 540 12 21 0.030
495 329 27 8 0.027
577 500 9 11 0.025
766 489 18 31 0.025
495 334 11 12 0.024
516 531 13 17 0.023
521 512 21 15 0.023
609 553 12 18 0.023
539 541 19 20 0.022
494 561 22 35 0.021
464 484 8 10 0.021
