0_Parade_marchingband_1_379
52
189 322 21 27 0.694
537 318 22 27 0.655
427 306 31 37 0.633
766 322 12 15 0.573
849 319 12 16 0.569
600 321 13 16 0.567
812 322 15 18 0.559
281 303 26 32 0.551
986 327 12 15 0.543
954 313 14 16 0.542
658 327 15 18 0.485
697 295 22 27 0.483
899 313 12 17 0.441
581 300 7 9 0.430
785 318 15 18 0.421
86 325 18 20 0.393
931 323 11 13 0.367
381 315 17 21 0.334
506 307 10 14 0.328
878 325 10 12 0.246
1014 319 9 12 0.213
280 316 24 28 0.174
874 324 10 13 0.138
758 318 18 16 0.123
882 314 9 12 0.109
262 324 21 23 0.106
755 316 14 17 0.103
861 326 19 11 0.095
880 315 14 17 0.094
386 321 16 19 0.090
754 314 10 12 0.086
383 306 17 20 0.082
85 317 16 19 0.074
380 321 15 19 0.068
747 313 19 18 0.066
539 310 16 21 0.066
1009 319 11 12 0.060
688 305 18 20 0.050
684 307 13 18 0.046
739 306 11 14 0.046
424 313 24 29 0.045
603 318 18 15 0.043
92 332 17 19 0.041
388 304 16 18 0.040
744 323 13 15 0.040
707 306 18 21 0.030
952 317 12 14 0.028
738 312 11 14 0.028
440 308 31 35 0.026
971 324 13 13 0.022
562 330 13 16 0.022
619 318 10 12 0.021
