0_Parade_Parade_0_12
32
325 154 34 40 0.849
484 161 41 57 0.844
727 128 49 68 0.840
830 111 38 49 0.837
395 172 34 44 0.833
912 146 25 32 0.816
1005 132 19 33 0.807
640 141 29 33 0.781
252 169 23 29 0.779
576 177 23 27 0.694
276 192 26 31 0.686
126 194 23 26 0.669
155 199 17 19 0.583
537 203 13 15 0.479
189 207 18 22 0.347
421 174 18 31 0.259
176 206 17 20 0.236
596 187 16 19 0.119
618 155 13 17 0.106
371 197 19 23 0.083
52 201 13 16 0.056
91 215 15 17 0.055
70 206 13 15 0.044
525 191 15 20 0.037
668 167 9 14 0.035
17 225 11 11 0.029
769 193 10 14 0.026
58 205 27 15 0.026
48 201 28 18 0.023
22 225 13 13 0.021
71 210 40 19 0.021
0 193 7 15 0.020
