0_Parade_Parade_0_377
142
255 507 72 91 0.826
858 362 67 76 0.798
97 365 53 66 0.782
978 338 18 24 0.750
573 306 31 35 0.750
17 266 39 60 0.733
149 315 42 51 0.703
245 336 33 38 0.687
728 307 26 28 0.666
345 337 26 33 0.621
946 319 16 19 0.593
425 305 22 29 0.557
765 312 20 22 0.540
245 397 29 43 0.528
181 277 26 37 0.500
897 309 14 16 0.471
454 277 19 22 0.427
808 309 15 17 0.406
846 310 12 15 0.378
654 331 12 15 0.375
711 315 15 17 0.375
548 294 22 30 0.366
63 373 41 61 0.322
987 316 14 16 0.254
329 333 25 31 0.252
931 319 13 18 0.228
87 277 28 38 0.218
362 374 27 33 0.208
794 309 15 18 0.181
480 332 27 32 0.172
2 236 37 44 0.163
61 353 45 60 0.160
226 272 22 28 0.158
279 291 26 32 0.142
651 311 12 15 0.136
478 293 24 21 0.129
831 316 13 15 0.118
242 408 39 54 0.115
854 324 14 18 0.115
111 235 22 32 0.112
264 251 15 17 0.111
251 256 13 17 0.104
475 339 25 28 0.101
529 293 14 19 0.101
324 327 24 34 0.097
397 271 16 20 0.096
354 274 26 27 0.087
636 312 12 14 0.086
834 314 14 15 0.084
1010 305 11 14 0.080
579 279 15 15 0.080
491 326 25 32 0.079
932 311 13 22 0.077
488 293 19 22 0.076
0 308 28 71 0.076
370 375 30 32 0.074
157 216 9 12 0.074
123 214 11 14 0.073
996 297 13 15 0.070
793 304 15 17 0.067
384 296 22 30 0.066
281 329 29 39 0.065
253 252 26 19 0.064
864 319 15 15 0.061
385 290 18 25 0.060
471 293 24 28 0.059
138 237 20 26 0.059
319 251 13 14 0.058
932 301 12 14 0.058
1 285 40 66 0.057
805 314 16 20 0.056
579 278 24 18 0.056
191 221 14 17 0.056
690 317 15 16 0.055
257 251 17 17 0.053
14 231 36 41 0.051
326 311 26 45 0.051
30 233 22 28 0.051
636 312 21 13 0.050
353 336 32 37 0.047
785 307 19 21 0.046
182 222 15 17 0.045
245 433 53 62 0.045
537 294 22 27 0.042
697 315 25 17 0.040
186 223 20 18 0.039
583 317 29 32 0.039
816 314 20 17 0.039
815 310 13 15 0.038
524 287 20 42 0.038
682 288 10 12 0.038
482 316 28 34 0.037
376 358 32 43 0.037
467 254 14 16 0.037
55 220 19 25 0.036
719 286 13 16 0.036
448 280 21 25 0.035
367 281 21 24 0.035
857 320 17 18 0.035
422 258 15 17 0.035
519 324 23 33 0.035
923 323 17 18 0.035
591 277 16 19 0.034
559 319 22 27 0.034
996 300 25 15 0.034
388 348 25 35 0.033
221 266 22 29 0.032
70 343 38 45 0.032
265 245 16 19 0.030
582 273 23 32 0.030
264 288 27 29 0.030
339 269 25 28 0.030
465 316 19 25 0.030
390 260 19 71 0.030
500 323 23 30 0.029
333 313 27 31 0.028
760 311 19 21 0.028
74 197 11 17 0.027
634 312 12 24 0.027
594 320 21 28 0.027
35 227 32 28 0.027
322 310 26 33 0.027
141 211 13 17 0.027
362 269 21 25 0.027
286 287 26 31 0.027
472 322 29 33 0.027
417 316 27 34 0.026
683 318 18 20 0.026
193 225 17 21 0.026
362 234 13 16 0.025
32 242 23 39 0.024
389 238 12 15 0.023
379 286 23 22 0.023
265 257 17 20 0.023
58 213 16 23 0.023
396 225 10 11 0.023
65 202 17 23 0.022
551 304 20 27 0.021
246 259 17 25 0.021
517 316 21 27 0.020
512 291 22 25 0.020
55 343 44 53 0.020
