0_Parade_marchingband_1_267
96
0 218 28 47 0.832
166 245 34 38 0.827
425 202 25 33 0.819
467 222 33 37 0.811
316 221 25 35 0.807
355 235 25 33 0.787
505 193 22 27 0.786
549 178 22 26 0.776
583 178 21 26 0.776
509 233 28 33 0.770
586 225 25 32 0.760
926 145 15 19 0.733
712 163 17 21 0.726
565 137 16 18 0.696
589 140 14 16 0.686
805 136 17 20 0.676
647 156 15 18 0.664
680 143 15 17 0.664
831 145 15 16 0.663
653 192 20 27 0.660
625 174 16 20 0.645
704 148 13 15 0.594
710 188 16 20 0.572
761 152 14 17 0.568
735 146 13 16 0.537
846 129 12 15 0.531
633 148 12 14 0.491
896 121 11 12 0.452
677 197 15 22 0.430
614 104 13 14 0.429
406 118 9 11 0.418
665 150 11 14 0.401
963 132 12 15 0.393
438 110 9 11 0.362
912 120 11 14 0.350
476 194 21 24 0.349
985 144 11 14 0.340
787 136 11 13 0.313
881 119 9 11 0.266
609 208 20 28 0.242
551 178 41 26 0.241
936 104 8 9 0.240
509 112 9 10 0.239
508 207 26 62 0.218
650 153 18 19 0.216
484 91 8 9 0.215
638 104 11 13 0.161
1000 108 9 11 0.161
491 104 9 11 0.153
984 110 8 10 0.150
791 137 24 14 0.121
709 151 28 35 0.118
967 109 10 11 0.112
648 147 42 16 0.109
783 141 12 14 0.098
959 134 32 16 0.091
485 88 8 19 0.091
892 120 28 15 0.090
616 155 13 15 0.086
605 199 16 23 0.085
583 93 9 10 0.074
989 142 12 15 0.069
620 104 23 14 0.066
631 180 19 23 0.057
467 102 11 13 0.056
439 113 9 11 0.055
556 111 9 11 0.055
492 106 12 10 0.052
578 140 19 19 0.050
971 110 26 10 0.048
960 107 15 13 0.048
993 137 11 16 0.045
971 104 9 19 0.045
876 120 13 16 0.043
957 132 13 14 0.041
940 127 10 13 0.038
952 95 9 10 0.036
965 127 13 17 0.035
971 154 12 15 0.034
1002 107 12 12 0.034
309 219 25 32 0.033
550 146 14 15 0.032
1017 82 7 14 0.032
405 118 12 16 0.031
421 105 9 11 0.031
791 135 12 12 0.030
739 150 13 16 0.030
473 103 12 12 0.029
858 139 14 14 0.027
901 101 10 12 0.026
913 115 12 15 0.026
912 125 12 13 0.026
895 124 11 13 0.024
602 157 14 23 0.022
965 139 13 17 0.021
598 170 20 18 0.021
