0_Parade_marchingband_1_653
141
604 138 14 18 0.792
395 198 14 17 0.758
512 131 14 18 0.755
876 119 15 18 0.754
601 187 14 17 0.752
129 202 14 18 0.752
538 195 14 18 0.752
125 149 14 17 0.743
961 181 16 20 0.736
765 191 14 17 0.729
29 144 13 16 0.728
461 147 14 18 0.726
740 133 13 18 0.726
649 128 14 18 0.725
981 128 14 17 0.725
210 94 14 16 0.723
419 144 14 17 0.723
365 44 12 15 0.719
374 145 14 17 0.718
680 192 14 18 0.717
481 205 14 17 0.717
443 93 13 15 0.717
674 91 13 17 0.715
912 27 14 17 0.714
227 142 14 17 0.712
508 31 13 15 0.712
188 41 12 14 0.705
77 144 15 17 0.704
113 86 13 15 0.700
223 203 13 18 0.700
100 49 13 15 0.699
490 81 14 17 0.698
45 198 15 18 0.698
22 96 15 16 0.695
653 21 14 17 0.694
397 87 14 16 0.694
44 42 13 15 0.694
534 94 13 16 0.694
231 47 13 14 0.693
872 194 14 17 0.693
321 42 12 15 0.691
260 108 13 15 0.690
325 137 14 17 0.688
958 37 14 16 0.687
743 40 13 16 0.684
602 37 13 16 0.682
149 55 13 16 0.680
273 153 14 16 0.676
312 208 14 17 0.675
585 91 14 17 0.674
782 135 15 17 0.674
850 91 14 15 0.671
716 81 12 15 0.669
176 138 14 18 0.668
303 95 13 15 0.666
352 95 12 15 0.664
410 34 13 15 0.661
466 34 12 15 0.654
783 31 13 16 0.654
166 95 13 15 0.651
69 98 13 16 0.641
932 94 13 16 0.637
925 114 15 18 0.637
555 33 13 14 0.636
890 96 13 16 0.635
827 28 13 15 0.632
760 87 13 16 0.628
274 52 12 14 0.607
806 91 15 16 0.589
699 24 13 17 0.578
559 129 15 18 0.553
629 89 14 16 0.541
865 36 13 16 0.533
692 122 15 17 0.502
989 92 15 17 0.487
872 58 14 14 0.478
980 77 13 14 0.441
799 50 14 16 0.433
752 59 12 16 0.416
322 198 13 14 0.380
612 55 13 15 0.373
840 48 12 15 0.355
861 107 14 18 0.316
972 54 12 17 0.288
818 110 14 16 0.219
824 126 15 18 0.203
80 115 14 15 0.201
709 44 13 16 0.200
944 107 14 17 0.168
841 146 13 16 0.152
975 59 14 23 0.148
748 52 14 18 0.142
77 109 15 20 0.141
836 41 14 19 0.139
903 114 13 14 0.133
668 87 46 17 0.124
521 50 12 14 0.114
926 44 14 18 0.113
609 258 16 18 0.109
159 71 11 15 0.100
930 109 26 20 0.099
690 219 15 17 0.098
805 97 17 18 0.097
375 62 12 15 0.091
107 64 11 14 0.084
373 205 13 14 0.080
684 245 14 16 0.076
774 104 12 14 0.074
328 141 15 17 0.073
470 41 14 17 0.067
315 114 13 14 0.058
304 99 14 17 0.053
687 217 15 32 0.049
774 246 15 17 0.048
246 212 9 12 0.045
474 56 13 13 0.044
657 27 14 16 0.043
981 70 15 18 0.043
797 51 39 18 0.042
235 56 14 16 0.041
820 54 14 17 0.037
240 63 13 15 0.037
260 237 14 15 0.036
877 107 73 31 0.035
666 41 12 13 0.035
561 133 17 17 0.033
820 222 13 17 0.033
790 142 16 20 0.030
629 95 15 17 0.030
793 150 15 18 0.029
575 148 13 15 0.028
413 37 14 16 0.027
694 126 17 18 0.026
602 227 18 19 0.026
875 229 16 17 0.026
938 99 14 16 0.025
882 59 16 15 0.024
24 103 15 16 0.024
549 114 13 17 0.023
860 32 15 17 0.022
510 199 14 15 0.021
