0_Parade_Parade_0_317
125
222 96 14 17 0.679
565 124 15 18 0.638
173 200 23 28 0.634
605 105 16 19 0.607
245 87 15 18 0.598
178 103 14 16 0.590
388 120 14 17 0.575
308 78 14 19 0.554
429 84 14 17 0.553
330 73 15 18 0.530
381 81 14 17 0.513
488 91 15 17 0.511
161 88 15 18 0.506
303 101 13 18 0.494
706 113 17 19 0.480
543 92 15 17 0.439
275 100 12 15 0.424
356 121 14 17 0.385
33 92 15 16 0.317
523 107 13 16 0.311
783 100 12 15 0.308
262 99 13 17 0.296
102 68 14 16 0.288
202 107 13 15 0.273
50 91 15 17 0.266
121 75 19 22 0.229
744 115 13 14 0.196
409 87 14 17 0.194
658 153 17 19 0.193
180 66 15 16 0.185
696 102 14 16 0.173
654 99 15 18 0.172
644 132 15 18 0.167
96 93 12 16 0.156
383 106 13 15 0.148
9 74 12 15 0.145
2 106 14 18 0.130
96 85 14 20 0.126
99 72 14 25 0.124
411 80 14 17 0.116
959 109 14 16 0.114
344 63 15 14 0.109
641 107 13 16 0.104
566 83 13 16 0.099
739 110 14 17 0.097
145 153 12 13 0.093
12 80 13 26 0.088
512 88 15 16 0.088
515 91 15 18 0.086
141 115 17 22 0.082
12 90 15 20 0.081
602 181 18 22 0.073
124 87 18 20 0.073
271 66 12 15 0.071
353 113 15 19 0.071
689 79 14 17 0.069
809 91 16 17 0.067
233 71 14 17 0.067
431 68 15 16 0.066
1 96 20 30 0.066
480 85 15 17 0.062
608 103 21 29 0.058
449 73 14 17 0.058
623 84 15 17 0.057
487 63 12 14 0.057
348 82 12 18 0.056
835 118 16 18 0.055
72 72 16 18 0.054
542 77 13 16 0.053
425 88 14 16 0.049
758 119 11 14 0.047
641 78 13 16 0.047
197 81 14 17 0.047
291 68 13 15 0.046
469 70 13 18 0.046
291 89 20 22 0.045
340 66 17 26 0.045
2 114 13 16 0.044
852 83 16 21 0.044
512 89 23 27 0.044
174 210 21 24 0.043
410 73 17 17 0.041
182 68 19 19 0.041
429 71 25 17 0.041
658 104 15 19 0.039
631 79 23 19 0.039
128 82 16 20 0.039
181 101 15 35 0.038
9 73 18 46 0.038
657 77 14 16 0.037
818 102 15 19 0.035
470 69 21 17 0.035
281 91 19 18 0.035
815 96 19 21 0.034
743 98 15 20 0.034
746 96 13 15 0.034
799 112 12 14 0.033
286 71 20 17 0.033
385 83 24 18 0.032
593 92 14 16 0.032
836 96 16 17 0.032
448 79 14 24 0.031
721 81 13 16 0.031
656 78 13 28 0.030
350 95 14 19 0.030
692 78 14 42 0.030
835 70 15 18 0.029
187 84 23 17 0.028
574 65 16 22 0.028
605 129 13 16 0.025
800 117 13 16 0.025
52 78 14 21 0.024
187 129 16 18 0.024
447 92 16 15 0.024
1 88 16 21 0.023
454 96 14 15 0.023
903 91 16 17 0.023
174 97 20 23 0.022
449 73 29 17 0.022
226 74 15 17 0.021
122 106 15 16 0.021
42 223 11 14 0.021
264 89 20 22 0.021
351 82 15 56 0.021
121 92 18 22 0.020
