0_Parade_marchingband_1_74
253
188 363 37 45 0.808
315 327 14 18 0.761
716 399 17 20 0.745
661 411 17 21 0.742
605 405 16 20 0.741
866 378 17 21 0.740
760 392 16 19 0.733
502 384 14 17 0.723
385 339 15 18 0.710
434 362 14 17 0.708
700 383 15 18 0.705
581 389 16 18 0.701
467 371 14 16 0.695
909 374 15 18 0.695
839 374 15 18 0.694
507 313 13 17 0.691
823 395 14 18 0.684
530 404 13 16 0.683
781 383 15 19 0.679
768 341 15 18 0.678
733 302 13 15 0.678
743 368 15 17 0.677
527 358 14 17 0.677
496 357 15 16 0.674
402 328 15 18 0.673
658 366 13 15 0.672
410 356 12 15 0.670
546 343 15 17 0.670
458 315 12 14 0.670
555 298 12 15 0.663
630 373 16 19 0.662
464 337 14 17 0.662
578 357 12 14 0.661
572 332 12 15 0.660
564 369 14 17 0.653
483 333 14 15 0.652
803 358 15 18 0.651
707 356 15 18 0.651
952 328 13 16 0.651
662 281 12 14 0.648
177 298 13 16 0.642
929 363 14 17 0.642
266 313 12 15 0.638
348 311 12 15 0.637
673 320 13 16 0.637
211 311 15 16 0.636
654 299 13 17 0.634
350 344 13 16 0.634
294 317 15 17 0.632
903 341 13 16 0.625
992 328 14 16 0.623
422 310 13 16 0.623
957 356 16 18 0.621
605 348 12 14 0.615
632 267 12 13 0.615
684 346 14 16 0.614
249 308 14 16 0.613
628 304 11 13 0.610
439 309 12 15 0.609
651 343 13 16 0.609
736 335 14 16 0.599
776 315 11 13 0.599
1005 273 10 12 0.597
766 300 11 13 0.596
756 272 13 14 0.595
852 349 15 18 0.592
706 334 13 15 0.591
856 288 11 14 0.590
494 300 13 15 0.587
705 299 12 15 0.586
563 281 11 13 0.585
512 343 14 16 0.583
582 295 13 15 0.582
888 308 13 14 0.582
889 325 12 14 0.578
965 309 12 17 0.574
974 350 12 16 0.571
838 322 12 15 0.566
672 392 15 16 0.563
754 322 12 14 0.563
546 278 11 12 0.557
823 333 13 16 0.551
278 299 12 14 0.551
872 352 16 18 0.540
786 335 12 16 0.535
825 302 12 13 0.535
539 322 13 15 0.532
614 295 10 13 0.530
723 286 11 13 0.528
618 323 13 15 0.527
619 358 13 16 0.526
795 306 13 15 0.521
405 292 11 14 0.518
10 109 9 10 0.513
136 279 10 14 0.502
591 312 12 15 0.500
1015 374 9 17 0.497
368 308 12 15 0.481
817 277 12 13 0.481
932 297 12 13 0.481
262 266 10 13 0.480
320 283 13 14 0.473
236 282 10 12 0.472
215 284 11 12 0.465
595 382 13 17 0.459
920 322 13 16 0.456
645 279 11 14 0.453
1004 297 11 14 0.441
606 311 12 15 0.433
989 193 9 10 0.420
335 302 10 12 0.415
376 323 13 15 0.409
194 288 10 13 0.408
347 296 11 12 0.405
903 296 10 13 0.405
867 336 13 15 0.403
925 321 13 15 0.386
686 310 11 15 0.386
886 348 15 17 0.371
375 288 11 12 0.363
885 289 10 12 0.361
639 345 11 14 0.335
839 291 11 14 0.335
447 290 12 13 0.333
468 297 12 14 0.330
784 296 12 14 0.322
630 325 13 14 0.321
590 384 17 20 0.316
810 269 10 12 0.310
174 328 13 16 0.301
532 305 11 15 0.297
153 278 10 12 0.297
690 297 10 13 0.261
522 292 10 12 0.240
645 288 12 15 0.237
373 315 13 22 0.230
833 324 15 18 0.227
437 287 12 13 0.225
202 334 13 15 0.221
704 281 12 14 0.215
433 344 13 15 0.212
808 309 10 13 0.209
1003 347 10 15 0.208
412 356 15 18 0.205
443 288 12 13 0.204
771 288 12 14 0.201
815 350 14 16 0.190
861 316 10 13 0.184
770 337 31 17 0.178
548 333 14 24 0.177
914 366 29 18 0.166
840 292 22 12 0.162
535 320 13 17 0.159
614 297 24 15 0.156
1005 266 11 35 0.154
652 367 21 18 0.151
406 325 16 18 0.143
687 302 12 23 0.143
1003 289 12 16 0.127
670 387 16 35 0.126
472 17 9 9 0.124
1010 299 13 16 0.115
812 291 12 15 0.105
573 358 14 17 0.101
783 295 12 37 0.100
555 324 12 15 0.100
381 381 14 18 0.099
939 353 14 16 0.099
162 291 11 13 0.097
966 350 16 19 0.096
658 15 10 11 0.091
600 390 15 23 0.088
838 290 13 70 0.087
493 13 7 9 0.087
480 324 15 17 0.085
355 344 16 16 0.083
284 282 12 11 0.083
889 280 12 85 0.081
859 308 11 22 0.079
400 313 14 45 0.078
182 348 16 20 0.075
425 292 14 14 0.075
300 288 11 11 0.075
401 289 13 15 0.075
841 296 11 14 0.071
794 300 15 29 0.070
370 285 12 45 0.067
296 286 18 12 0.066
591 321 11 14 0.065
368 346 13 15 0.064
963 296 11 12 0.064
577 322 15 19 0.063
843 337 22 61 0.063
950 332 13 19 0.062
247 272 29 13 0.061
413 308 32 19 0.061
246 288 31 50 0.059
726 322 12 14 0.058
346 290 12 13 0.058
534 297 14 17 0.058
673 254 9 11 0.058
599 286 11 11 0.056
867 54 9 9 0.056
472 26 9 12 0.055
703 329 14 95 0.055
722 351 12 15 0.052
302 320 54 35 0.051
706 310 14 84 0.051
175 280 11 12 0.050
600 348 12 13 0.049
979 340 19 21 0.047
500 335 13 89 0.047
406 293 11 100 0.044
593 378 14 17 0.044
590 300 33 39 0.042
509 344 18 20 0.041
1014 352 10 21 0.041
120 107 10 11 0.040
453 345 13 15 0.040
551 267 15 88 0.040
623 301 39 15 0.039
794 283 15 14 0.038
892 258 13 119 0.035
863 304 10 12 0.035
0 710 9 31 0.034
560 270 38 59 0.034
772 285 24 15 0.031
840 254 11 14 0.030
284 278 10 11 0.030
232 309 12 15 0.029
649 312 23 109 0.028
873 290 19 124 0.028
428 308 37 20 0.028
492 17 8 12 0.027
479 319 13 16 0.027
889 288 14 13 0.027
929 322 12 14 0.026
309 364 11 15 0.026
403 293 10 19 0.025
958 52 7 8 0.025
637 265 12 14 0.024
178 352 18 23 0.024
193 284 13 14 0.023
165 280 22 15 0.023
705 277 12 14 0.022
484 274 35 84 0.022
735 282 20 11 0.022
1018 419 6 24 0.022
937 289 14 17 0.021
462 290 12 14 0.021
81 156 9 9 0.020
513 282 34 34 0.020
92 151 12 13 0.020
