0_Parade_marchingband_1_649
37
175 282 42 50 0.850
409 85 38 44 0.847
294 287 41 52 0.847
23 200 38 47 0.842
55 121 31 35 0.840
490 123 34 44 0.839
896 321 38 49 0.838
860 153 30 38 0.835
940 207 42 46 0.831
247 191 40 46 0.830
342 119 31 39 0.829
557 82 34 46 0.828
661 217 37 43 0.821
651 146 28 36 0.820
797 284 39 51 0.819
970 153 32 39 0.819
5 128 28 34 0.818
248 144 30 34 0.814
814 204 35 44 0.811
701 289 37 48 0.809
761 151 28 36 0.801
131 238 34 42 0.800
103 137 26 32 0.788
906 178 24 31 0.778
702 173 23 31 0.771
529 130 30 39 0.635
151 121 18 35 0.561
439 131 27 34 0.519
834 176 23 30 0.428
790 164 23 30 0.289
243 151 28 30 0.178
828 177 27 42 0.147
233 156 20 28 0.144
148 155 19 28 0.087
828 171 24 28 0.042
124 139 20 28 0.030
795 167 23 31 0.022
