0_Parade_marchingband_1_309
70
500 75 32 34 0.792
46 84 26 30 0.742
389 94 28 32 0.734
442 94 24 27 0.718
272 95 24 28 0.684
730 87 26 30 0.659
819 109 25 28 0.641
128 112 24 28 0.628
847 98 26 28 0.606
302 92 27 31 0.591
892 94 27 30 0.558
923 104 22 28 0.535
212 91 26 32 0.453
594 92 29 31 0.450
957 86 22 25 0.440
709 104 23 27 0.409
606 99 28 31 0.367
669 81 22 31 0.329
907 33 15 17 0.309
983 99 20 27 0.307
191 104 19 24 0.277
218 94 32 30 0.197
864 95 56 29 0.192
1011 137 13 24 0.187
31 16 16 21 0.151
233 99 22 28 0.148
615 101 24 31 0.139
362 114 22 25 0.136
140 80 22 28 0.108
193 99 29 29 0.108
675 67 24 34 0.092
995 86 17 24 0.086
0 82 12 24 0.085
308 87 22 27 0.080
984 91 22 29 0.074
986 16 14 17 0.073
343 68 17 20 0.070
51 14 15 18 0.070
27 64 16 20 0.066
139 11 16 19 0.065
294 94 27 27 0.063
1 76 16 22 0.062
963 121 23 27 0.060
308 99 24 31 0.055
546 85 24 26 0.052
72 56 22 26 0.050
18 104 16 21 0.044
88 90 19 22 0.041
52 46 16 21 0.039
901 98 33 34 0.038
665 70 23 31 0.036
591 92 22 27 0.036
683 71 20 27 0.034
314 107 21 26 0.034
312 83 20 23 0.033
29 15 26 26 0.033
956 114 25 29 0.032
0 87 9 28 0.031
300 80 25 26 0.029
574 93 22 25 0.028
316 115 19 23 0.027
979 78 27 30 0.026
314 12 16 17 0.026
317 109 30 28 0.025
985 73 19 26 0.025
211 84 22 26 0.023
541 93 21 24 0.023
124 113 20 24 0.022
267 101 22 27 0.022
935 109 26 28 0.021
