0_Parade_marchingband_1_227
105
915 141 41 50 0.808
460 134 32 40 0.791
289 139 24 33 0.781
598 133 23 30 0.754
415 112 23 31 0.754
176 105 25 32 0.754
841 123 31 37 0.750
560 84 18 25 0.700
512 107 23 29 0.698
292 101 21 27 0.667
347 105 18 22 0.629
489 96 19 27 0.621
150 103 17 23 0.599
506 82 17 20 0.590
69 96 18 22 0.573
251 95 19 25 0.559
43 115 19 26 0.543
328 90 15 21 0.537
132 90 13 16 0.531
36 92 14 18 0.478
715 97 40 40 0.466
379 96 15 19 0.436
249 83 18 21 0.435
790 88 21 26 0.421
0 85 11 19 0.420
214 75 12 15 0.363
102 98 16 20 0.355
168 77 13 16 0.340
637 101 13 18 0.328
60 75 13 15 0.318
429 100 17 20 0.307
3 104 19 25 0.305
192 83 15 17 0.257
419 99 22 44 0.250
588 92 8 12 0.232
607 106 16 21 0.223
361 88 15 21 0.204
95 82 16 20 0.189
396 102 16 21 0.184
0 85 15 32 0.181
422 95 20 25 0.179
773 130 18 23 0.160
815 108 26 31 0.136
629 128 18 26 0.127
474 92 14 17 0.119
526 90 16 18 0.118
522 86 15 17 0.118
600 83 10 13 0.117
634 94 13 18 0.103
531 93 14 20 0.102
260 92 17 23 0.102
420 86 18 20 0.099
478 92 22 22 0.091
202 77 18 17 0.085
379 82 15 24 0.084
573 89 22 19 0.080
730 98 42 33 0.078
607 97 24 30 0.069
378 55 11 15 0.067
370 76 16 27 0.062
609 100 41 29 0.060
645 88 12 12 0.056
600 80 11 23 0.054
654 88 16 13 0.051
619 90 10 13 0.051
663 91 11 11 0.050
617 91 11 24 0.050
303 92 21 23 0.047
179 66 20 88 0.047
24 61 11 12 0.047
96 80 57 37 0.044
409 86 21 20 0.043
29 114 16 23 0.042
197 76 11 18 0.042
177 74 12 14 0.042
747 97 27 26 0.040
292 75 10 12 0.037
647 87 19 14 0.036
439 94 25 18 0.035
629 92 14 14 0.033
156 63 8 10 0.030
322 95 17 20 0.030
624 122 18 26 0.029
266 89 13 19 0.028
439 100 14 19 0.027
446 90 14 17 0.026
24 108 15 22 0.026
383 80 13 14 0.025
662 104 16 16 0.025
93 77 13 16 0.025
651 103 19 17 0.025
888 127 30 33 0.024
462 90 22 17 0.023
776 118 19 28 0.023
163 84 15 19 0.022
634 96 19 27 0.022
599 90 20 40 0.022
69 74 14 13 0.022
187 89 17 20 0.022
330 83 17 21 0.021
490 85 13 18 0.021
1 69 9 23 0.021
427 85 17 19 0.021
936 109 29 37 0.020
132 66 10 20 0.020
