0_Parade_marchingband_1_359
60
733 115 56 61 0.866
167 167 35 45 0.802
609 187 18 24 0.778
910 119 21 28 0.777
865 148 23 29 0.774
1008 116 16 29 0.756
481 192 15 19 0.725
410 190 20 23 0.722
311 193 13 17 0.647
1 214 14 18 0.593
507 192 11 14 0.544
146 204 13 15 0.482
362 197 11 14 0.467
966 132 11 13 0.410
271 196 13 16 0.399
248 197 11 15 0.332
539 194 8 10 0.329
452 208 10 12 0.325
568 192 9 10 0.291
286 210 12 12 0.272
50 212 20 21 0.229
526 200 8 9 0.201
665 191 7 8 0.178
277 200 14 17 0.148
389 212 9 13 0.130
677 195 7 8 0.108
692 180 8 10 0.104
645 193 7 9 0.102
455 196 11 16 0.093
277 196 12 15 0.084
383 196 8 11 0.083
58 211 17 20 0.083
44 214 18 19 0.082
377 212 12 13 0.081
665 192 10 10 0.075
453 195 10 13 0.073
666 189 6 7 0.060
272 220 12 15 0.058
457 195 12 13 0.054
496 185 9 10 0.052
240 190 11 14 0.047
831 172 9 11 0.047
46 219 15 19 0.046
385 200 12 26 0.046
385 214 12 13 0.042
584 197 11 13 0.041
449 198 15 17 0.039
539 195 23 9 0.037
542 215 9 12 0.035
1012 148 12 28 0.032
665 212 7 8 0.030
141 200 19 22 0.029
357 198 12 13 0.028
401 186 16 18 0.027
569 215 10 12 0.025
364 203 11 12 0.025
16 225 12 15 0.023
396 197 13 23 0.021
199 181 22 28 0.021
150 207 15 18 0.020
