0_Parade_Parade_0_68
264
501 419 13 16 0.543
526 367 11 14 0.524
312 450 13 16 0.508
455 390 11 14 0.448
448 360 10 11 0.443
292 346 7 10 0.406
323 364 9 10 0.401
275 396 11 13 0.377
291 368 8 10 0.361
637 386 11 13 0.351
325 340 8 10 0.332
255 332 6 8 0.328
797 449 12 15 0.327
254 355 8 9 0.324
114 376 14 17 0.320
154 357 9 11 0.317
583 365 11 12 0.309
215 402 14 16 0.298
643 430 11 14 0.289
713 388 10 12 0.281
507 372 9 11 0.277
227 359 8 9 0.273
411 421 13 14 0.264
412 303 9 12 0.254
83 356 11 14 0.254
358 298 11 12 0.251
392 473 15 17 0.250
572 386 11 12 0.234
732 367 10 12 0.228
149 397 14 18 0.216
663 310 9 11 0.212
586 342 10 12 0.200
333 411 11 14 0.197
649 356 10 12 0.194
498 461 15 18 0.191
514 267 6 7 0.189
345 368 8 9 0.179
514 369 15 12 0.177
584 268 5 8 0.169
751 326 7 10 0.163
404 396 11 13 0.159
381 361 10 10 0.156
589 408 12 13 0.151
868 418 15 18 0.151
325 506 15 18 0.151
844 278 5 7 0.150
419 266 8 8 0.142
625 289 8 9 0.141
415 378 10 12 0.133
754 279 5 6 0.131
292 344 7 22 0.127
796 299 9 8 0.117
799 295 7 9 0.114
182 348 8 13 0.113
667 278 6 7 0.112
548 268 6 7 0.112
367 266 7 10 0.109
744 297 6 7 0.109
118 343 9 11 0.108
502 306 9 11 0.108
704 315 10 12 0.106
616 270 7 8 0.105
420 262 8 9 0.104
627 274 6 7 0.102
452 440 12 14 0.097
548 314 9 10 0.097
852 394 10 11 0.094
368 274 7 8 0.092
406 366 8 10 0.092
289 364 8 12 0.091
224 336 6 7 0.090
79 381 15 16 0.089
727 310 8 10 0.088
365 262 7 10 0.088
570 427 13 17 0.087
402 399 10 13 0.087
310 412 11 12 0.087
554 293 8 9 0.084
407 367 11 13 0.083
241 374 9 11 0.082
17 310 7 7 0.082
714 422 13 19 0.082
82 352 13 28 0.081
572 412 12 16 0.080
477 263 6 7 0.079
150 384 14 16 0.078
499 467 16 22 0.077
283 497 16 23 0.074
392 376 10 13 0.073
428 289 7 8 0.073
810 389 9 12 0.073
577 296 8 9 0.072
653 359 10 17 0.071
269 468 15 19 0.070
592 405 14 14 0.070
610 401 12 15 0.069
331 366 10 10 0.068
797 284 6 9 0.068
583 269 6 15 0.065
359 166 6 9 0.065
401 366 14 13 0.064
129 360 12 15 0.064
136 367 12 15 0.062
503 478 15 21 0.061
234 398 12 16 0.060
583 265 6 7 0.060
186 232 7 7 0.059
381 361 12 17 0.058
184 351 9 12 0.058
119 285 8 7 0.057
350 406 11 15 0.057
365 294 11 12 0.056
154 333 8 10 0.055
454 367 11 49 0.054
754 288 6 10 0.054
504 303 10 11 0.053
654 411 12 15 0.053
566 409 14 15 0.053
799 316 10 12 0.053
849 325 8 10 0.053
557 411 10 14 0.052
348 370 10 13 0.052
419 261 7 11 0.052
318 366 12 9 0.052
123 284 6 7 0.051
795 296 6 8 0.050
275 461 16 19 0.050
562 413 20 16 0.050
178 374 12 16 0.049
280 238 6 8 0.049
614 271 13 12 0.049
508 349 9 12 0.048
94 289 7 8 0.048
583 277 6 9 0.048
575 409 17 14 0.047
293 370 12 11 0.047
867 390 12 13 0.047
799 431 12 17 0.047
366 378 10 12 0.047
323 368 34 9 0.046
517 267 5 6 0.046
155 336 7 25 0.045
127 366 19 15 0.044
860 388 11 13 0.044
230 400 15 18 0.044
165 367 13 15 0.044
405 392 11 28 0.043
285 502 17 23 0.043
751 279 6 7 0.042
713 429 14 18 0.042
797 286 7 26 0.041
15 309 6 9 0.041
613 427 12 14 0.041
306 418 10 15 0.040
650 405 12 15 0.040
271 464 15 33 0.040
627 273 7 28 0.040
367 260 7 10 0.039
670 340 10 12 0.039
651 379 13 10 0.039
701 298 7 8 0.038
462 278 6 9 0.037
547 291 9 12 0.037
784 419 12 13 0.037
549 267 6 6 0.037
506 395 11 14 0.037
617 264 7 20 0.037
549 302 8 26 0.037
865 366 10 12 0.036
799 355 8 12 0.036
744 291 11 15 0.036
440 389 9 11 0.036
20 307 7 9 0.035
478 264 7 8 0.035
335 370 9 10 0.035
337 411 18 14 0.035
585 336 11 36 0.035
648 441 12 17 0.034
650 352 11 13 0.034
82 353 10 13 0.034
760 305 7 9 0.034
579 283 6 25 0.033
793 300 7 8 0.033
796 283 6 7 0.033
502 406 13 23 0.032
190 396 12 16 0.032
187 226 7 18 0.032
487 451 14 18 0.032
633 303 7 9 0.032
796 387 12 14 0.032
704 303 9 26 0.031
311 416 23 13 0.031
714 440 12 16 0.031
195 232 11 9 0.031
138 373 17 16 0.031
799 280 5 7 0.031
354 194 5 7 0.030
614 277 7 9 0.030
311 155 8 10 0.030
463 276 7 13 0.030
467 264 7 7 0.030
359 378 16 14 0.030
371 364 14 20 0.030
271 221 6 8 0.030
657 416 10 13 0.029
571 370 17 50 0.029
408 379 13 30 0.029
280 457 16 19 0.028
265 369 10 14 0.028
504 366 11 15 0.028
572 319 9 12 0.028
179 345 10 12 0.028
657 377 10 14 0.028
802 299 6 10 0.027
671 279 5 6 0.027
758 300 8 18 0.027
250 353 8 11 0.027
789 231 6 8 0.027
462 310 9 11 0.027
99 353 17 17 0.027
84 385 15 17 0.027
618 264 6 7 0.027
852 390 15 17 0.026
249 257 5 7 0.026
560 412 16 29 0.026
350 399 11 16 0.026
659 321 8 10 0.026
789 419 17 14 0.026
303 376 9 16 0.026
261 372 9 16 0.026
657 201 7 6 0.025
416 267 7 21 0.025
288 514 14 18 0.025
249 254 6 7 0.025
790 225 6 20 0.025
465 261 9 23 0.025
425 276 8 27 0.024
417 475 15 19 0.024
281 233 6 21 0.024
275 381 10 24 0.024
217 234 6 12 0.024
127 285 7 7 0.024
435 429 12 14 0.024
235 394 17 17 0.023
456 366 10 13 0.023
240 376 10 16 0.023
717 310 21 10 0.023
722 302 12 25 0.023
392 326 8 10 0.023
792 421 15 17 0.022
605 396 14 19 0.022
278 370 18 25 0.022
154 357 28 11 0.022
310 411 39 14 0.022
512 287 9 21 0.021
108 283 11 10 0.021
252 351 11 17 0.021
327 202 7 8 0.021
260 362 11 23 0.021
794 415 13 15 0.021
513 397 12 14 0.021
157 289 5 7 0.021
762 236 6 7 0.021
116 283 17 10 0.021
