0_Parade_marchingband_1_147
27
503 85 80 90 0.830
217 159 45 48 0.791
307 131 52 59 0.745
165 125 39 43 0.669
613 150 33 40 0.666
89 150 32 40 0.664
870 157 40 48 0.645
401 174 68 73 0.592
318 36 17 19 0.273
425 71 17 21 0.264
0 8 15 31 0.243
355 63 14 16 0.239
16 157 30 38 0.181
413 56 16 19 0.155
200 5 14 18 0.151
963 296 61 75 0.145
246 3 13 14 0.089
390 44 19 22 0.081
19 146 29 33 0.081
295 2 16 18 0.080
645 156 25 29 0.069
752 99 17 21 0.062
19 165 35 36 0.045
897 78 15 18 0.037
779 81 17 22 0.028
716 103 19 23 0.027
648 73 16 20 0.024
