0_Parade_marchingband_1_20
70
542 359 36 40 0.809
29 402 31 36 0.788
465 355 26 30 0.748
629 394 19 23 0.745
82 391 23 25 0.738
853 270 44 54 0.737
254 370 31 36 0.712
335 378 17 19 0.689
387 367 15 18 0.681
730 345 17 20 0.667
588 368 17 19 0.664
129 377 11 14 0.641
235 375 19 22 0.605
448 348 16 20 0.600
679 359 14 16 0.598
804 354 15 17 0.490
777 360 13 14 0.468
618 368 12 13 0.320
283 268 8 12 0.287
661 391 13 14 0.193
621 354 13 14 0.183
700 367 9 12 0.180
759 354 10 11 0.171
653 364 10 12 0.162
301 270 12 14 0.144
86 368 12 16 0.143
977 312 14 17 0.136
709 383 12 13 0.135
460 354 24 27 0.127
619 359 11 22 0.126
492 369 19 23 0.124
663 371 13 13 0.118
307 273 12 14 0.099
640 372 15 20 0.094
651 365 17 13 0.084
300 267 10 11 0.083
792 366 16 14 0.081
624 352 14 15 0.072
86 382 20 28 0.070
330 298 8 9 0.067
511 371 13 13 0.063
498 368 17 19 0.059
681 352 14 18 0.058
976 313 19 24 0.055
553 320 18 19 0.052
391 368 16 19 0.049
151 105 9 12 0.048
90 372 17 17 0.048
454 329 17 19 0.047
598 359 12 16 0.047
730 351 24 18 0.042
778 344 11 16 0.041
237 124 8 10 0.041
279 267 17 14 0.039
646 360 17 14 0.037
229 312 9 12 0.033
311 276 10 14 0.030
515 374 11 24 0.030
635 351 11 14 0.028
368 395 14 16 0.026
808 345 17 20 0.026
780 366 14 15 0.024
518 384 11 17 0.023
259 314 10 13 0.023
240 121 8 12 0.023
407 376 16 16 0.022
801 351 21 26 0.021
1012 378 11 19 0.021
506 372 18 20 0.021
1009 241 14 18 0.020
