0_Parade_marchingband_1_149
28
442 374 30 38 0.846
632 378 26 34 0.844
784 313 25 32 0.842
526 385 27 34 0.838
672 316 26 32 0.837
809 240 24 32 0.835
371 380 28 36 0.830
390 309 25 31 0.830
536 299 25 32 0.829
600 240 23 30 0.828
474 231 23 30 0.826
713 388 28 36 0.825
281 386 26 35 0.824
465 306 23 28 0.822
405 222 23 29 0.821
213 235 23 30 0.821
281 231 23 28 0.817
310 314 24 30 0.816
227 314 23 31 0.815
352 236 25 31 0.814
535 222 23 32 0.814
730 241 24 28 0.808
603 321 24 31 0.804
664 236 25 31 0.796
704 269 21 25 0.481
709 256 34 29 0.220
243 261 21 24 0.156
312 264 24 25 0.036
