0_Parade_Parade_0_43
591
151 506 22 26 0.815
655 349 19 24 0.808
134 427 20 25 0.805
30 510 21 24 0.805
201 452 20 25 0.802
544 290 18 22 0.795
187 387 20 24 0.789
399 512 20 26 0.787
305 355 21 25 0.785
943 520 21 25 0.785
440 288 18 23 0.781
824 517 19 23 0.781
678 450 18 22 0.781
266 513 21 25 0.780
756 402 18 21 0.779
501 394 20 24 0.777
254 377 21 25 0.774
444 449 19 23 0.770
715 516 19 23 0.769
490 222 18 22 0.767
603 511 21 26 0.765
499 512 21 25 0.764
386 341 18 22 0.761
310 452 20 25 0.758
703 377 20 22 0.756
549 449 19 23 0.750
771 460 19 23 0.749
10 482 20 22 0.748
885 462 18 24 0.744
77 455 18 21 0.742
600 344 18 21 0.726
812 436 17 21 0.719
793 387 16 18 0.706
142 276 10 13 0.651
850 326 10 13 0.631
980 324 10 13 0.622
113 271 10 13 0.621
773 381 14 17 0.607
822 313 11 12 0.592
938 331 11 13 0.592
809 262 10 12 0.580
896 298 10 12 0.576
907 329 10 12 0.559
640 307 9 12 0.551
1015 323 8 11 0.550
888 272 9 11 0.542
703 335 11 14 0.536
675 311 10 13 0.522
787 247 8 10 0.522
849 295 10 13 0.519
218 275 10 12 0.509
932 272 8 11 0.507
849 264 9 11 0.507
760 273 10 11 0.500
767 301 9 11 0.496
62 253 10 13 0.480
243 347 17 19 0.479
748 323 13 15 0.473
704 259 8 11 0.470
937 249 9 10 0.465
38 256 9 11 0.464
821 367 12 15 0.452
983 294 9 11 0.448
332 239 7 9 0.445
727 312 8 12 0.442
290 268 9 11 0.438
998 307 11 13 0.438
793 265 8 11 0.436
831 294 8 11 0.424
921 500 17 21 0.419
887 373 10 14 0.419
775 317 10 12 0.417
195 283 10 11 0.416
729 243 8 10 0.409
909 256 9 11 0.407
790 327 10 12 0.406
601 282 9 11 0.406
581 259 8 11 0.406
557 240 8 10 0.405
827 272 9 11 0.405
216 254 8 10 0.400
839 357 11 14 0.399
327 280 10 13 0.399
761 228 8 11 0.398
749 266 9 11 0.394
1015 303 8 11 0.393
367 283 9 13 0.392
685 274 9 11 0.388
748 220 9 11 0.386
3 278 11 12 0.385
794 277 9 9 0.384
910 274 9 12 0.380
871 264 9 11 0.376
840 258 8 11 0.371
642 288 9 11 0.370
723 208 8 10 0.360
1002 236 9 10 0.359
672 298 9 11 0.356
637 230 8 9 0.353
343 273 9 10 0.352
996 255 10 14 0.350
296 284 10 13 0.346
965 200 8 10 0.345
736 290 10 12 0.343
717 253 8 10 0.342
656 242 8 10 0.341
968 255 9 11 0.335
921 277 9 11 0.333
348 239 9 10 0.329
853 223 8 11 0.328
987 271 9 10 0.327
865 371 10 13 0.324
310 300 11 14 0.324
569 265 8 11 0.323
602 299 11 11 0.323
955 233 8 9 0.322
584 241 9 9 0.320
155 254 9 12 0.316
607 259 9 11 0.308
1015 267 9 11 0.307
937 210 8 11 0.306
172 275 10 13 0.303
887 252 10 11 0.302
314 237 8 10 0.295
710 317 10 12 0.291
889 208 8 9 0.289
927 226 9 11 0.288
132 266 8 11 0.287
239 260 9 11 0.282
839 373 11 15 0.281
608 241 8 10 0.280
959 260 9 10 0.279
614 301 11 12 0.276
708 301 10 12 0.276
735 282 9 12 0.274
970 489 16 21 0.273
872 229 9 12 0.272
930 298 10 12 0.270
681 236 8 11 0.268
871 286 10 14 0.263
190 255 7 9 0.262
864 189 9 10 0.258
676 254 9 11 0.257
259 256 9 11 0.257
784 216 7 8 0.252
554 254 8 10 0.248
116 251 9 10 0.245
158 270 9 12 0.245
966 250 9 12 0.241
768 239 8 10 0.238
38 240 8 10 0.235
642 253 8 10 0.235
668 245 8 11 0.234
811 238 10 11 0.228
802 364 13 16 0.227
726 179 8 10 0.227
623 267 9 10 0.226
756 183 7 8 0.222
369 247 7 9 0.221
327 302 12 13 0.221
75 254 8 11 0.219
333 267 8 9 0.216
924 355 13 15 0.214
900 230 9 12 0.212
901 371 11 14 0.212
662 321 11 12 0.210
274 233 8 10 0.209
951 230 11 10 0.209
363 220 7 11 0.207
998 263 10 13 0.202
922 377 10 13 0.197
672 277 9 11 0.196
929 170 7 9 0.194
680 276 13 11 0.192
241 276 13 11 0.192
315 221 8 9 0.192
993 176 7 9 0.191
893 322 14 12 0.191
961 169 7 8 0.190
798 187 8 10 0.190
889 359 10 13 0.188
755 294 13 12 0.188
887 174 7 10 0.188
613 284 10 11 0.187
731 229 8 10 0.187
314 270 10 11 0.186
926 273 13 12 0.186
872 369 12 14 0.186
837 365 11 19 0.186
237 273 11 14 0.185
710 277 9 12 0.184
946 227 9 11 0.183
637 270 12 9 0.182
654 203 7 10 0.181
20 225 8 10 0.179
209 229 8 10 0.177
632 327 14 16 0.176
902 187 8 10 0.175
658 281 13 11 0.173
981 243 9 13 0.173
182 237 7 9 0.172
903 218 8 9 0.171
21 277 12 13 0.170
985 277 10 15 0.169
652 271 9 12 0.169
581 238 9 11 0.163
810 232 9 16 0.163
935 300 9 12 0.162
767 151 6 8 0.159
794 265 10 18 0.159
988 211 8 9 0.158
303 230 9 12 0.154
949 197 8 10 0.153
690 243 8 10 0.153
863 353 9 11 0.152
626 177 7 9 0.149
91 266 9 13 0.148
813 240 9 12 0.147
885 373 23 13 0.145
280 250 10 12 0.145
572 206 8 8 0.144
371 205 8 10 0.142
253 277 9 12 0.142
975 178 7 10 0.141
874 318 11 14 0.140
0 587 15 21 0.140
276 185 8 8 0.140
604 219 12 9 0.139
767 305 9 13 0.137
813 148 8 11 0.136
913 157 7 9 0.135
233 215 8 9 0.133
854 306 11 13 0.133
313 268 8 10 0.132
733 275 8 16 0.132
602 192 7 17 0.132
806 322 11 11 0.130
609 217 9 10 0.129
565 298 9 13 0.129
557 206 6 8 0.127
748 235 8 13 0.126
663 279 19 12 0.125
898 232 9 15 0.123
809 214 7 18 0.123
228 240 8 10 0.121
1013 322 11 15 0.121
243 244 8 9 0.120
980 221 10 11 0.119
818 335 10 11 0.118
780 321 14 15 0.116
658 166 8 7 0.115
671 209 8 13 0.112
902 215 8 22 0.111
273 276 9 11 0.110
213 274 14 12 0.109
953 260 10 11 0.108
239 267 12 23 0.108
886 321 18 13 0.107
299 277 10 17 0.107
710 228 9 17 0.107
805 231 10 10 0.107
730 259 9 18 0.105
848 157 7 9 0.104
746 292 21 12 0.104
937 204 7 25 0.103
844 189 7 12 0.103
830 203 8 14 0.101
260 205 7 9 0.101
431 267 9 10 0.101
518 241 8 11 0.100
906 278 10 16 0.100
920 355 12 15 0.100
357 273 14 12 0.100
696 304 11 16 0.099
93 246 10 12 0.099
861 206 9 16 0.099
602 163 6 8 0.098
749 259 14 12 0.097
611 296 14 18 0.096
742 170 6 18 0.096
605 263 8 24 0.095
822 203 14 12 0.095
783 177 11 13 0.094
765 238 10 16 0.092
64 235 9 12 0.092
765 150 7 14 0.092
833 232 8 9 0.092
716 358 15 17 0.091
25 202 7 9 0.090
15 259 13 12 0.090
923 228 22 10 0.089
369 244 7 9 0.088
644 252 11 16 0.088
639 299 11 25 0.087
310 231 10 17 0.087
328 240 15 9 0.087
966 196 8 13 0.086
757 195 7 26 0.086
75 225 8 10 0.085
0 210 7 11 0.085
708 299 11 30 0.085
973 308 11 11 0.084
11 175 7 8 0.084
1006 176 10 15 0.084
165 272 20 15 0.084
1008 173 9 10 0.083
159 257 16 12 0.083
708 238 13 19 0.083
549 176 8 9 0.082
300 189 8 9 0.082
626 269 25 10 0.081
797 169 9 14 0.081
959 151 7 8 0.081
584 295 11 14 0.081
815 331 12 14 0.081
848 289 11 23 0.080
926 316 10 11 0.080
742 157 8 10 0.080
935 152 8 8 0.080
198 275 10 15 0.079
659 166 7 15 0.079
717 165 8 19 0.078
183 216 8 9 0.078
726 266 11 16 0.076
946 152 8 8 0.076
282 248 11 22 0.076
867 229 15 13 0.076
845 266 23 10 0.076
260 285 10 11 0.075
997 250 11 21 0.075
795 180 10 19 0.074
623 290 13 22 0.074
275 228 7 25 0.074
253 228 10 10 0.074
274 186 8 9 0.073
748 215 7 31 0.072
1 241 7 17 0.072
888 254 27 11 0.072
973 243 17 15 0.072
784 150 7 7 0.071
291 284 14 15 0.070
285 290 10 12 0.067
669 182 10 21 0.067
287 206 9 13 0.067
600 275 11 21 0.067
862 191 21 9 0.066
356 206 8 9 0.066
984 212 10 22 0.065
856 370 18 17 0.063
1011 199 10 17 0.063
926 300 10 25 0.063
625 263 13 16 0.062
313 292 23 20 0.062
184 213 6 22 0.062
352 174 7 9 0.061
672 207 7 29 0.061
342 288 8 11 0.061
207 227 14 16 0.060
673 214 10 23 0.060
890 169 9 12 0.059
685 321 21 13 0.059
152 231 11 13 0.059
774 184 7 26 0.059
923 255 13 21 0.059
246 232 9 23 0.059
655 217 8 26 0.058
75 275 8 12 0.058
705 181 10 22 0.058
100 233 10 11 0.058
365 273 9 13 0.058
15 266 13 26 0.058
267 278 15 13 0.058
873 161 10 11 0.058
1006 239 13 11 0.057
835 211 8 24 0.057
23 200 9 17 0.057
937 244 20 19 0.057
306 303 10 13 0.057
844 244 16 14 0.057
992 255 14 23 0.056
832 154 7 27 0.056
962 310 10 12 0.056
956 307 12 11 0.056
254 262 9 29 0.056
235 215 10 12 0.056
309 201 8 20 0.056
837 331 14 58 0.056
763 152 7 7 0.055
256 255 28 12 0.054
621 170 12 25 0.054
1005 182 9 19 0.054
69 319 9 9 0.054
953 167 20 13 0.053
63 276 9 11 0.053
981 222 7 33 0.053
39 132 8 10 0.053
899 294 10 13 0.052
706 219 10 26 0.052
868 597 16 17 0.050
581 166 7 7 0.050
767 144 8 25 0.050
580 165 7 19 0.049
134 261 20 42 0.049
794 266 19 15 0.049
790 204 22 11 0.049
844 178 6 27 0.048
828 171 12 25 0.048
317 319 13 15 0.048
877 228 14 20 0.048
810 398 15 70 0.048
865 373 10 19 0.047
812 231 14 16 0.047
102 229 10 18 0.047
641 289 23 17 0.047
806 138 7 7 0.047
765 308 24 31 0.046
230 274 26 15 0.046
854 257 24 16 0.046
998 174 17 19 0.046
204 275 31 13 0.046
956 309 21 10 0.046
611 238 13 15 0.046
875 309 10 12 0.045
873 205 16 14 0.045
199 153 6 7 0.045
586 271 10 18 0.045
314 267 21 23 0.045
616 204 10 24 0.045
183 228 14 18 0.045
564 253 13 23 0.045
28 280 10 12 0.045
587 299 10 12 0.045
352 170 6 17 0.044
813 216 15 13 0.044
696 193 8 29 0.044
603 192 7 31 0.044
749 381 16 18 0.044
695 161 9 14 0.043
656 300 10 23 0.043
34 176 7 12 0.043
322 278 15 17 0.043
137 235 7 27 0.042
774 172 9 28 0.042
583 276 9 22 0.042
147 406 15 17 0.041
965 213 11 25 0.041
153 214 8 14 0.041
209 216 7 30 0.041
911 195 16 27 0.041
712 226 20 23 0.041
0 248 6 26 0.041
777 215 14 12 0.040
670 171 7 41 0.040
693 301 14 15 0.040
164 228 15 14 0.040
405 274 9 11 0.040
673 154 8 20 0.040
835 281 25 40 0.039
781 352 13 15 0.039
290 241 17 17 0.039
283 151 7 9 0.038
912 154 8 8 0.038
645 173 7 30 0.037
682 322 12 26 0.037
825 172 10 32 0.037
741 192 21 18 0.037
561 296 13 16 0.037
666 228 20 25 0.037
308 317 19 21 0.036
801 184 23 15 0.036
806 197 12 27 0.036
32 177 7 8 0.036
716 237 18 28 0.036
755 176 7 43 0.036
934 332 11 14 0.036
738 178 27 10 0.036
919 188 10 28 0.035
854 239 13 22 0.035
12 169 6 25 0.035
1001 230 13 17 0.034
996 173 25 10 0.034
634 216 8 29 0.034
636 350 13 18 0.034
818 310 12 15 0.034
721 204 11 16 0.033
630 194 12 28 0.033
1 207 6 30 0.033
871 232 12 36 0.033
292 261 10 42 0.033
371 195 7 25 0.033
171 295 11 15 0.033
942 291 8 12 0.033
1001 204 19 15 0.033
698 199 18 24 0.032
154 209 6 31 0.032
797 342 22 78 0.032
2 227 6 29 0.032
252 276 16 18 0.031
294 263 14 54 0.031
334 197 6 14 0.031
78 268 18 15 0.031
812 354 45 32 0.031
138 206 8 24 0.031
707 156 12 14 0.031
709 355 18 15 0.031
910 175 16 25 0.031
21 215 10 28 0.030
763 199 16 24 0.030
813 144 14 26 0.030
960 147 7 31 0.030
535 189 7 9 0.030
338 266 16 24 0.029
941 188 18 24 0.029
654 184 8 41 0.029
317 264 18 14 0.029
701 182 18 28 0.029
892 252 13 96 0.029
677 232 15 39 0.028
739 307 15 17 0.028
307 257 17 89 0.028
34 242 13 44 0.027
171 283 10 29 0.027
759 160 7 31 0.027
558 202 6 28 0.027
988 291 33 56 0.027
712 348 14 16 0.027
769 274 17 11 0.027
846 152 8 29 0.026
866 157 7 28 0.026
309 174 7 28 0.026
166 218 9 29 0.026
786 229 12 25 0.026
368 246 8 24 0.026
981 291 9 13 0.026
735 148 12 28 0.026
943 287 9 12 0.026
881 185 14 30 0.026
713 152 10 27 0.026
837 240 10 27 0.025
578 254 12 17 0.025
571 185 6 31 0.025
846 260 20 20 0.024
103 274 10 13 0.024
837 253 11 18 0.024
783 211 22 23 0.024
39 209 7 29 0.024
286 202 20 20 0.024
816 182 20 28 0.024
867 159 19 20 0.024
942 361 9 11 0.024
73 246 14 26 0.024
327 242 12 95 0.023
314 322 15 17 0.023
179 152 7 8 0.023
624 234 17 28 0.023
275 215 7 30 0.023
142 228 24 19 0.023
990 162 7 9 0.023
41 184 9 23 0.023
56 231 20 13 0.023
898 350 12 16 0.023
1003 326 11 17 0.023
919 196 19 26 0.023
848 150 7 14 0.023
174 188 8 23 0.022
677 193 20 25 0.022
249 159 6 24 0.022
472 246 9 10 0.022
984 274 10 38 0.022
299 176 13 32 0.022
283 205 14 28 0.022
774 181 23 26 0.022
590 171 14 31 0.022
803 180 19 34 0.022
803 281 20 13 0.022
227 238 23 19 0.022
781 161 13 34 0.021
35 172 9 18 0.021
930 301 17 80 0.021
544 174 9 10 0.021
331 218 20 17 0.021
206 197 9 30 0.021
901 308 15 16 0.021
628 186 16 30 0.021
0 158 9 13 0.021
683 228 25 25 0.021
1010 210 10 25 0.021
743 191 18 39 0.020
674 155 15 29 0.020
704 336 17 15 0.020
295 218 17 26 0.020
