0_Parade_marchingband_1_360
54
474 101 51 66 0.842
857 129 48 63 0.828
93 157 43 47 0.782
933 296 17 20 0.704
763 315 14 16 0.671
576 225 27 30 0.632
1000 324 10 12 0.612
324 320 12 14 0.596
242 258 17 24 0.593
8 334 10 11 0.434
723 314 11 12 0.379
195 342 8 10 0.271
677 308 12 14 0.198
296 348 8 10 0.155
717 332 9 10 0.141
234 259 20 22 0.128
41 195 15 16 0.119
802 318 11 13 0.116
212 345 8 10 0.110
719 317 13 17 0.086
671 313 16 14 0.078
692 320 11 12 0.064
359 327 12 10 0.061
180 345 8 8 0.060
179 343 7 9 0.060
222 259 14 19 0.053
46 194 14 16 0.051
755 304 12 14 0.049
366 327 8 12 0.048
635 341 8 9 0.046
569 229 23 27 0.046
375 246 15 18 0.045
345 313 8 10 0.044
1003 277 8 10 0.044
29 201 11 11 0.041
360 319 10 22 0.040
799 319 10 12 0.039
960 333 8 11 0.038
720 327 11 13 0.035
351 339 7 9 0.034
176 343 23 9 0.033
975 332 9 9 0.032
653 334 8 15 0.032
681 306 14 13 0.031
1004 281 7 8 0.031
180 337 7 14 0.029
662 313 10 18 0.029
759 317 13 15 0.029
351 330 10 21 0.027
678 320 14 15 0.026
366 305 9 12 0.025
634 338 8 12 0.024
158 346 7 9 0.023
298 345 8 12 0.022
