39_Ice_Skating_Ice_Skating_39_252
26
718 180 31 35 0.801
187 187 40 42 0.796
474 184 22 28 0.765
625 194 21 24 0.762
515 178 22 26 0.749
323 178 24 28 0.727
375 182 24 29 0.725
821 166 25 27 0.690
416 170 21 24 0.660
549 163 18 22 0.219
299 185 23 28 0.172
304 172 21 28 0.137
347 178 14 24 0.121
265 177 16 20 0.112
604 186 15 20 0.064
275 201 19 22 0.052
564 197 21 22 0.050
760 173 11 13 0.049
306 164 20 24 0.044
263 197 22 22 0.043
263 181 16 22 0.041
348 171 16 23 0.033
311 173 26 28 0.028
542 165 19 21 0.025
479 159 16 19 0.022
542 193 16 21 0.022
