39_Ice_Skating_Ice_Skating_39_1029
83
653 230 13 17 0.669
208 253 10 13 0.652
753 223 16 21 0.650
926 213 13 16 0.643
296 253 12 14 0.615
109 246 11 14 0.600
524 241 11 12 0.582
237 273 10 13 0.567
818 244 12 14 0.507
740 223 12 15 0.504
491 244 11 15 0.497
269 254 10 13 0.452
465 250 11 14 0.433
393 257 11 13 0.431
558 249 11 14 0.365
422 253 11 13 0.364
351 255 11 12 0.347
418 268 10 12 0.342
608 235 12 15 0.313
280 264 11 13 0.312
246 71 9 10 0.294
327 248 9 13 0.279
695 235 12 17 0.245
179 249 10 13 0.243
139 247 9 11 0.211
603 239 13 15 0.179
754 45 9 10 0.168
712 230 12 15 0.166
316 67 7 9 0.155
444 260 10 11 0.140
219 241 9 12 0.135
695 234 20 17 0.127
372 260 11 11 0.118
130 36 9 11 0.102
471 249 9 11 0.092
324 251 13 16 0.092
181 87 8 10 0.090
325 255 11 14 0.090
240 270 13 14 0.083
187 254 10 13 0.083
611 234 12 16 0.081
191 259 9 12 0.079
159 264 9 13 0.079
360 65 11 13 0.078
618 50 10 11 0.077
185 249 12 14 0.074
390 62 8 10 0.070
260 260 20 12 0.070
324 259 17 12 0.067
425 250 12 15 0.067
180 84 7 11 0.062
559 241 13 14 0.061
646 53 8 10 0.059
214 77 9 12 0.059
419 248 11 43 0.055
687 5 8 9 0.054
754 5 9 11 0.053
446 259 14 12 0.050
777 44 10 12 0.049
180 79 8 21 0.049
179 74 7 9 0.048
51 247 7 9 0.046
128 31 10 12 0.042
599 244 11 15 0.039
191 264 8 11 0.039
594 238 18 16 0.036
309 264 10 12 0.035
575 235 14 15 0.032
336 63 8 9 0.031
135 245 10 13 0.030
208 74 16 12 0.028
222 248 9 13 0.027
430 242 8 10 0.025
305 259 17 15 0.025
792 251 13 13 0.024
255 267 12 12 0.024
718 6 9 11 0.024
426 246 11 11 0.023
358 65 10 13 0.023
721 7 9 10 0.022
441 267 10 12 0.021
140 251 9 12 0.021
656 16 10 11 0.020
