39_Ice_Skating_Ice_Skating_39_1047
36
747 144 59 75 0.854
244 111 57 69 0.854
878 174 26 33 0.803
531 132 20 25 0.803
1011 78 13 26 0.801
813 76 24 30 0.801
944 5 19 24 0.795
498 197 23 30 0.793
967 195 27 30 0.793
181 19 19 26 0.789
736 3 23 28 0.787
671 0 22 25 0.787
591 196 22 28 0.785
60 23 19 24 0.782
832 145 24 32 0.780
938 73 23 28 0.776
529 175 19 25 0.766
458 161 22 25 0.765
881 40 21 27 0.764
725 81 21 26 0.757
243 22 19 23 0.751
307 16 20 24 0.748
601 131 19 24 0.745
125 23 18 23 0.738
9 14 19 24 0.707
807 28 18 20 0.652
882 12 19 22 0.643
939 150 22 27 0.533
913 142 17 22 0.244
47 0 19 14 0.178
1018 166 6 27 0.120
332 54 17 21 0.069
26 24 13 18 0.031
485 31 14 13 0.031
399 97 19 25 0.030
1017 107 7 28 0.021
