39_Ice_Skating_Ice_Skating_39_992
65
955 579 55 67 0.837
776 605 60 69 0.832
746 0 55 60 0.832
169 277 52 61 0.832
535 722 74 92 0.830
296 845 60 74 0.829
836 124 52 68 0.827
159 809 52 66 0.827
803 250 49 60 0.826
423 18 52 67 0.825
824 477 49 62 0.824
727 730 59 72 0.820
383 140 50 58 0.819
612 265 48 60 0.816
939 245 46 63 0.815
385 379 46 63 0.812
900 709 52 66 0.805
463 263 49 57 0.805
728 368 50 59 0.804
10 637 56 65 0.799
310 261 54 69 0.799
994 458 30 66 0.797
118 42 49 66 0.797
24 380 51 57 0.792
905 25 44 58 0.790
666 477 54 67 0.768
570 367 49 58 0.762
334 471 50 65 0.745
285 50 44 51 0.735
215 618 45 60 0.708
285 423 39 62 0.697
283 685 67 76 0.691
217 166 47 60 0.560
485 154 44 51 0.481
95 148 45 58 0.396
998 124 26 66 0.391
0 50 22 68 0.380
0 545 24 67 0.219
180 446 51 60 0.170
927 0 41 47 0.135
104 469 51 66 0.126
674 446 48 55 0.121
8 139 44 61 0.105
233 199 51 55 0.088
514 0 41 26 0.076
857 444 32 46 0.071
52 174 43 50 0.061
109 490 49 59 0.052
347 410 40 52 0.051
336 368 38 48 0.047
233 364 40 57 0.042
518 2 43 41 0.041
101 129 45 60 0.040
253 199 34 47 0.037
725 336 47 52 0.037
494 144 42 50 0.031
283 86 49 58 0.031
352 397 34 48 0.029
89 696 58 70 0.028
84 161 49 56 0.027
470 430 38 57 0.026
872 415 37 48 0.025
0 358 37 47 0.023
94 463 49 58 0.022
223 832 39 48 0.020
