39_Ice_Skating_iceskiing_39_583
44
783 148 28 34 0.785
520 118 28 34 0.758
461 224 43 40 0.738
445 140 32 35 0.680
303 87 20 27 0.673
324 87 20 24 0.467
233 45 25 47 0.462
352 181 18 23 0.384
697 202 8 11 0.356
636 216 15 19 0.161
661 208 9 9 0.138
854 186 8 8 0.126
305 364 48 64 0.104
856 208 7 9 0.097
874 168 7 8 0.081
994 225 8 11 0.066
676 205 8 10 0.065
634 245 11 12 0.058
993 210 8 11 0.052
810 156 17 22 0.052
664 184 7 9 0.048
656 204 11 13 0.046
499 142 21 28 0.044
891 221 7 8 0.042
614 185 10 13 0.042
745 187 9 8 0.040
747 205 8 10 0.037
327 77 17 24 0.036
236 30 28 48 0.034
976 190 8 10 0.032
978 227 11 14 0.032
875 162 6 29 0.030
344 262 35 32 0.029
1015 205 7 10 0.029
1017 226 7 11 0.028
664 178 7 24 0.027
351 92 14 18 0.025
380 93 13 16 0.024
880 196 8 18 0.024
868 225 8 9 0.023
858 172 7 30 0.022
665 204 17 13 0.021
264 29 22 29 0.020
815 160 11 13 0.020
