0_Parade_marchingband_1_410
657
564 468 24 34 0.796
876 450 30 43 0.782
696 483 29 45 0.774
17 502 18 23 0.752
384 480 22 33 0.743
464 487 25 36 0.742
313 481 20 29 0.739
221 480 21 30 0.732
97 53 11 14 0.727
666 334 11 14 0.726
1011 340 12 16 0.722
266 479 15 19 0.715
48 131 12 14 0.706
122 336 12 14 0.706
706 192 11 14 0.705
653 397 13 16 0.700
686 324 12 15 0.697
176 260 12 14 0.696
73 313 12 16 0.696
171 463 13 17 0.694
94 178 13 17 0.690
141 487 13 17 0.690
783 227 12 14 0.688
916 321 11 15 0.686
1000 278 12 16 0.686
825 340 12 16 0.684
660 220 11 15 0.682
203 377 12 14 0.682
638 337 12 14 0.680
469 130 11 14 0.680
312 414 12 15 0.679
276 436 12 16 0.677
658 67 10 13 0.674
89 505 18 24 0.674
99 144 12 15 0.674
237 295 12 15 0.673
200 218 12 14 0.673
0 106 10 15 0.672
387 99 12 15 0.672
74 84 12 16 0.672
110 314 12 15 0.672
598 60 10 13 0.671
60 461 14 17 0.670
823 107 10 13 0.670
671 472 13 19 0.669
885 315 11 14 0.667
810 275 13 15 0.665
982 213 12 14 0.665
404 348 12 16 0.665
847 281 11 14 0.662
390 412 13 16 0.662
169 229 11 15 0.657
902 337 12 15 0.656
209 40 12 16 0.655
928 247 11 13 0.655
140 146 12 16 0.654
472 79 11 13 0.654
310 337 13 16 0.654
142 48 11 14 0.652
828 300 12 16 0.652
222 75 11 14 0.652
267 330 12 15 0.652
140 176 13 16 0.651
231 425 11 14 0.651
548 40 10 13 0.650
256 314 12 15 0.650
893 70 10 13 0.648
242 240 11 14 0.644
728 351 13 15 0.643
576 130 10 14 0.643
27 327 11 15 0.642
237 339 13 15 0.642
796 483 19 24 0.642
548 150 12 14 0.641
609 172 12 13 0.639
686 67 10 12 0.639
539 67 11 13 0.638
15 136 13 16 0.638
651 319 12 13 0.638
262 76 12 15 0.638
356 22 13 16 0.636
215 309 12 16 0.636
139 389 12 14 0.636
455 39 11 14 0.635
40 346 14 16 0.632
567 336 13 15 0.631
412 433 15 18 0.630
577 113 11 14 0.630
238 16 11 13 0.629
663 121 10 13 0.629
833 175 11 13 0.629
350 414 13 15 0.628
778 336 11 14 0.628
283 287 12 16 0.627
39 112 12 14 0.626
146 73 11 14 0.626
968 335 12 15 0.626
680 158 12 15 0.625
770 121 12 14 0.624
493 113 11 14 0.623
918 47 9 12 0.623
245 448 13 14 0.622
164 379 12 15 0.622
56 404 12 14 0.618
117 213 12 14 0.617
943 134 10 12 0.617
862 211 12 14 0.616
262 144 12 14 0.615
272 270 12 16 0.615
647 417 14 16 0.615
737 123 10 13 0.614
227 137 11 15 0.613
168 315 12 13 0.612
897 212 11 14 0.611
29 310 12 15 0.611
839 132 9 12 0.610
156 218 12 15 0.610
931 71 10 12 0.608
325 320 12 16 0.607
659 173 10 12 0.605
181 179 13 15 0.605
630 288 12 15 0.604
49 32 11 13 0.603
250 36 11 14 0.602
358 316 13 15 0.602
777 92 10 12 0.601
65 68 10 14 0.598
939 29 11 14 0.598
49 487 14 17 0.598
966 300 12 15 0.596
129 34 11 14 0.594
182 75 11 12 0.593
143 267 12 15 0.592
626 225 12 15 0.591
792 299 12 15 0.589
723 161 11 13 0.589
497 315 12 16 0.588
809 87 10 12 0.588
838 318 11 13 0.586
331 449 15 19 0.583
716 66 10 13 0.581
985 416 13 15 0.581
454 8 11 13 0.579
841 83 11 13 0.579
194 13 13 16 0.579
742 193 12 14 0.578
211 238 12 15 0.577
326 27 10 13 0.576
923 282 11 15 0.575
24 218 11 15 0.574
126 232 12 14 0.573
169 32 11 13 0.571
177 150 11 14 0.571
40 228 12 14 0.570
569 170 12 14 0.570
694 123 10 14 0.569
751 281 12 15 0.569
608 339 11 13 0.568
382 79 11 13 0.567
578 25 11 14 0.566
400 5 10 14 0.566
941 215 11 14 0.566
286 113 11 14 0.566
472 25 11 15 0.562
438 260 12 15 0.562
148 287 13 15 0.562
263 254 12 14 0.560
127 460 13 18 0.560
558 59 11 12 0.560
802 319 11 13 0.558
807 133 12 14 0.553
504 6 10 12 0.551
609 394 13 15 0.551
356 0 11 12 0.549
222 328 12 14 0.548
977 436 13 17 0.548
586 157 12 13 0.547
905 44 9 12 0.547
908 0 9 10 0.546
140 367 11 13 0.546
218 256 11 13 0.546
569 379 13 15 0.545
27 72 10 13 0.544
508 24 9 12 0.541
678 263 11 14 0.541
241 217 12 15 0.541
420 44 11 14 0.539
340 466 15 21 0.537
274 409 13 15 0.535
0 18 8 14 0.533
872 0 10 12 0.533
617 117 11 13 0.532
868 31 10 12 0.531
178 496 16 23 0.531
0 162 9 13 0.527
934 121 10 12 0.525
244 121 10 13 0.524
995 445 12 18 0.520
616 378 13 15 0.516
359 107 10 12 0.513
217 469 13 18 0.511
1006 155 10 12 0.510
360 84 10 12 0.507
391 41 13 14 0.505
983 137 11 13 0.502
848 203 9 12 0.499
43 10 11 14 0.499
837 0 10 9 0.494
500 136 12 15 0.490
1010 179 10 12 0.486
253 383 12 15 0.486
337 259 11 15 0.486
425 93 12 15 0.482
657 446 12 15 0.478
521 172 13 16 0.474
601 293 11 13 0.471
544 25 10 13 0.471
510 77 10 12 0.468
348 351 14 16 0.466
157 14 10 12 0.465
639 100 11 13 0.464
285 148 11 14 0.464
1 207 12 13 0.446
882 49 9 11 0.437
615 6 9 12 0.435
652 277 11 13 0.433
602 322 11 14 0.432
929 302 11 13 0.431
619 66 10 11 0.430
112 2 9 11 0.429
739 158 10 13 0.425
73 245 15 17 0.422
19 86 12 14 0.422
180 51 11 15 0.422
940 5 8 10 0.419
434 420 13 15 0.419
646 10 11 15 0.418
379 255 13 15 0.410
662 9 10 12 0.407
21 55 10 12 0.407
86 212 15 16 0.404
60 54 11 12 0.399
77 13 10 13 0.398
751 401 13 16 0.391
605 77 10 12 0.389
811 167 11 12 0.385
807 397 12 15 0.385
965 247 10 13 0.383
966 173 9 12 0.381
971 121 8 10 0.376
429 10 11 14 0.371
956 160 10 12 0.368
789 114 8 10 0.368
88 334 12 15 0.365
129 12 10 12 0.357
447 320 11 15 0.353
851 264 11 13 0.352
100 419 12 15 0.350
28 319 13 20 0.348
0 263 6 13 0.342
943 189 10 11 0.339
637 134 10 14 0.333
789 377 14 17 0.330
160 418 10 13 0.318
912 128 10 12 0.315
983 0 10 10 0.311
44 198 13 17 0.307
636 154 12 13 0.302
871 131 12 12 0.300
89 31 11 14 0.297
17 24 9 12 0.293
190 457 9 13 0.283
23 77 12 17 0.278
555 173 11 14 0.272
48 172 14 16 0.269
993 179 9 11 0.265
743 263 12 15 0.265
786 185 11 12 0.265
179 350 9 13 0.263
551 0 8 6 0.261
339 431 12 15 0.261
255 0 10 12 0.259
866 444 16 23 0.255
319 11 13 14 0.252
799 310 12 23 0.248
633 155 11 13 0.245
493 282 12 16 0.241
345 117 10 11 0.241
784 8 9 11 0.241
639 106 10 14 0.241
290 94 9 12 0.239
587 0 10 10 0.239
115 451 11 14 0.236
611 384 13 27 0.232
140 363 10 30 0.224
639 147 11 20 0.221
20 235 10 14 0.219
613 376 13 28 0.218
666 298 10 12 0.218
906 42 13 15 0.217
22 289 9 13 0.217
307 165 12 14 0.215
967 80 10 14 0.212
377 252 12 17 0.210
519 320 13 15 0.209
417 324 11 12 0.209
488 69 12 15 0.201
131 36 12 16 0.199
354 110 12 14 0.197
649 394 21 33 0.197
126 176 9 12 0.196
227 46 9 11 0.196
875 133 10 13 0.194
31 0 10 10 0.193
490 460 16 19 0.193
331 124 10 13 0.190
989 28 10 11 0.190
22 220 12 17 0.189
48 24 13 24 0.188
381 463 14 18 0.188
447 367 10 13 0.184
721 248 10 14 0.183
639 110 9 13 0.181
936 192 12 12 0.181
733 159 12 13 0.181
14 315 10 12 0.179
594 174 9 12 0.172
297 218 15 17 0.170
391 415 22 20 0.170
771 282 12 14 0.168
359 94 10 23 0.166
728 281 12 13 0.164
756 384 12 16 0.164
599 24 9 12 0.163
169 178 28 16 0.163
1 308 9 11 0.162
802 203 11 12 0.161
124 221 12 25 0.161
765 363 11 14 0.158
530 15 9 12 0.157
529 218 12 14 0.157
338 287 10 15 0.156
965 288 13 17 0.155
115 321 12 19 0.154
639 62 11 12 0.154
659 49 11 12 0.154
852 206 12 14 0.154
216 240 10 31 0.152
534 522 17 26 0.147
1001 178 14 13 0.143
956 202 9 10 0.143
755 384 12 27 0.142
672 97 9 12 0.139
882 374 10 13 0.137
129 177 14 15 0.137
697 411 12 15 0.137
559 398 12 13 0.134
68 2 11 11 0.133
436 131 10 13 0.133
147 263 12 50 0.133
193 215 19 22 0.129
833 290 12 46 0.127
56 456 17 42 0.125
1001 242 8 11 0.124
37 336 18 28 0.123
828 290 13 28 0.123
854 74 9 12 0.122
268 258 13 26 0.122
379 131 12 13 0.122
1016 140 8 13 0.122
127 16 10 14 0.121
421 94 12 16 0.121
565 27 10 13 0.118
90 182 13 51 0.118
483 379 11 16 0.118
310 186 11 13 0.118
171 379 46 14 0.112
913 45 10 12 0.112
288 79 10 15 0.112
384 143 11 15 0.112
983 409 16 39 0.110
820 202 10 12 0.109
793 280 23 32 0.109
79 213 14 15 0.108
896 138 10 10 0.107
330 122 19 11 0.107
645 8 24 13 0.106
875 137 10 13 0.106
782 10 8 10 0.105
845 78 13 14 0.105
658 295 12 14 0.104
287 73 9 11 0.103
917 281 14 15 0.100
138 383 43 15 0.098
1017 379 7 18 0.097
569 323 12 72 0.094
63 3 15 21 0.094
577 114 11 41 0.093
403 137 12 12 0.093
938 125 13 25 0.093
315 384 10 14 0.092
906 277 12 14 0.091
381 138 14 18 0.091
94 212 14 16 0.090
18 194 10 12 0.089
789 367 14 18 0.089
213 290 10 14 0.089
306 49 13 15 0.088
859 1 12 11 0.088
42 431 12 14 0.088
196 110 10 13 0.088
143 27 12 52 0.087
940 282 9 12 0.087
204 213 12 41 0.086
777 338 12 17 0.086
663 109 10 23 0.086
1008 167 12 28 0.085
333 73 13 14 0.084
866 2 13 11 0.084
182 138 13 14 0.083
421 53 10 12 0.083
830 317 13 40 0.083
25 389 11 14 0.083
397 6 11 16 0.083
345 352 12 15 0.083
65 13 23 14 0.082
286 169 12 12 0.081
603 278 10 62 0.081
198 419 12 15 0.079
65 226 13 13 0.078
931 353 10 12 0.078
133 13 12 13 0.078
129 417 14 14 0.076
689 36 8 10 0.076
396 0 11 60 0.075
660 107 10 12 0.075
611 96 10 12 0.074
472 281 12 14 0.074
856 2 9 10 0.074
112 379 13 16 0.073
507 75 12 22 0.073
560 392 14 17 0.072
308 440 12 14 0.072
79 246 13 15 0.072
893 134 16 12 0.071
583 23 20 14 0.070
644 291 13 13 0.070
605 470 13 19 0.070
1017 0 7 9 0.069
511 318 19 15 0.068
68 230 14 25 0.068
860 212 48 14 0.068
689 123 12 14 0.067
675 201 10 12 0.066
22 36 11 14 0.066
838 246 10 13 0.066
243 116 11 14 0.065
280 281 12 17 0.065
648 103 12 14 0.065
564 33 9 11 0.065
698 6 10 13 0.065
63 33 11 68 0.064
534 66 14 15 0.064
646 319 34 35 0.064
498 75 22 14 0.064
79 462 11 13 0.063
708 101 9 11 0.063
229 399 10 16 0.063
676 147 11 12 0.062
152 457 9 14 0.062
355 353 14 16 0.061
626 62 19 12 0.060
1004 478 13 24 0.059
682 66 30 14 0.059
380 465 19 25 0.058
790 362 12 15 0.058
11 132 13 17 0.058
308 172 13 18 0.058
128 221 44 23 0.058
388 140 14 15 0.057
539 38 15 57 0.056
413 74 10 16 0.056
40 89 17 86 0.055
455 0 10 80 0.055
219 127 11 13 0.055
523 107 10 11 0.055
879 31 14 33 0.055
178 73 12 15 0.055
58 274 11 12 0.054
91 137 12 14 0.054
560 389 11 15 0.054
471 0 10 10 0.053
885 90 10 11 0.053
43 174 12 15 0.053
158 110 10 13 0.052
724 279 25 16 0.052
678 272 13 16 0.052
885 243 9 13 0.052
95 37 12 14 0.051
162 355 10 13 0.050
201 419 14 16 0.050
849 271 12 17 0.050
183 145 12 17 0.049
631 161 9 11 0.049
627 454 12 18 0.049
837 379 13 16 0.049
786 380 13 15 0.049
326 302 21 59 0.048
1001 483 10 16 0.048
303 439 12 15 0.048
800 201 17 15 0.047
50 97 9 13 0.046
144 77 13 16 0.046
810 5 8 10 0.046
323 10 14 12 0.046
420 427 19 18 0.045
208 495 13 26 0.045
375 246 12 15 0.045
101 373 10 12 0.044
18 266 10 16 0.044
795 380 26 38 0.044
709 386 12 17 0.043
45 9 22 34 0.043
970 26 9 11 0.043
959 148 12 39 0.043
943 282 9 12 0.043
88 6 16 13 0.042
138 452 40 70 0.042
609 41 9 11 0.042
490 65 11 14 0.042
256 334 12 88 0.042
253 390 12 15 0.042
883 279 10 14 0.042
468 18 15 14 0.042
495 87 11 80 0.041
742 199 11 13 0.040
920 266 16 89 0.040
933 66 10 13 0.040
135 16 18 13 0.040
612 289 17 15 0.039
283 6 14 13 0.039
887 128 12 12 0.038
337 71 12 14 0.038
307 184 13 21 0.038
290 6 14 13 0.038
431 131 16 14 0.037
353 24 24 20 0.037
772 336 13 16 0.037
11 307 11 18 0.037
905 131 16 13 0.036
370 56 10 11 0.036
989 134 10 13 0.036
524 386 9 12 0.036
949 340 10 12 0.035
514 2 9 11 0.035
1018 67 6 13 0.035
489 278 15 17 0.035
677 281 13 15 0.034
121 282 10 14 0.034
1013 479 11 33 0.034
87 13 14 26 0.033
112 305 11 20 0.033
98 96 12 14 0.033
969 175 8 11 0.033
215 486 18 28 0.033
453 6 10 11 0.032
74 0 22 51 0.032
641 3 12 13 0.032
843 408 10 12 0.032
61 133 11 14 0.032
685 71 9 11 0.032
635 475 12 14 0.031
751 7 8 10 0.031
73 399 11 16 0.031
602 60 31 30 0.031
868 94 9 11 0.031
615 5 18 12 0.031
101 391 11 14 0.031
998 259 13 19 0.031
213 418 19 14 0.030
964 284 13 15 0.030
616 121 10 14 0.030
840 201 14 15 0.030
99 376 19 15 0.030
80 280 11 13 0.030
118 8 30 20 0.030
557 9 12 100 0.030
874 33 14 14 0.030
494 292 11 19 0.030
220 461 11 16 0.030
517 170 12 15 0.030
934 187 9 14 0.030
703 281 10 13 0.029
831 293 14 17 0.029
984 116 8 9 0.029
771 349 11 24 0.029
192 298 12 17 0.029
683 386 10 16 0.029
451 447 13 17 0.029
673 271 14 16 0.028
990 200 9 12 0.028
602 77 9 13 0.028
985 201 14 13 0.027
337 265 12 19 0.027
660 303 12 16 0.027
177 489 15 21 0.027
763 200 10 13 0.027
284 352 9 11 0.026
661 51 9 18 0.026
439 74 12 12 0.026
310 381 13 16 0.026
790 180 12 14 0.026
987 21 12 20 0.026
1016 492 8 22 0.026
629 447 13 17 0.025
862 436 14 20 0.025
502 140 12 15 0.025
3 367 11 15 0.025
968 84 11 13 0.025
272 252 12 14 0.025
578 0 11 60 0.025
130 231 11 15 0.025
4 82 12 16 0.025
465 96 10 14 0.025
699 405 15 24 0.025
611 39 11 14 0.024
642 150 14 14 0.024
146 359 17 16 0.024
208 511 12 19 0.023
676 104 17 20 0.023
843 275 12 16 0.023
479 21 13 13 0.023
530 211 14 20 0.022
117 287 12 15 0.022
878 138 10 12 0.022
853 24 9 12 0.022
330 64 16 25 0.022
90 3 11 11 0.022
0 1 9 12 0.022
313 379 17 19 0.022
968 119 8 9 0.022
986 339 12 12 0.022
992 236 17 22 0.021
196 414 32 22 0.021
267 273 14 15 0.021
843 252 18 31 0.021
145 178 19 14 0.021
164 231 13 17 0.021
312 51 13 15 0.021
112 180 15 13 0.021
279 3 12 14 0.021
1 211 11 18 0.020
176 354 10 20 0.020
209 290 13 23 0.020
208 141 12 13 0.020
930 174 9 12 0.020
88 137 11 13 0.020
