0_Parade_Parade_0_218
58
740 384 35 39 0.828
927 621 11 14 0.528
943 611 9 14 0.490
965 544 11 12 0.405
919 546 9 11 0.366
943 540 10 12 0.341
854 527 15 19 0.299
1014 535 10 13 0.257
1008 599 13 18 0.217
100 564 9 10 0.211
871 496 8 10 0.175
925 554 11 14 0.124
34 574 8 10 0.122
585 389 21 32 0.103
203 664 11 13 0.098
144 561 11 13 0.095
877 628 10 16 0.091
922 580 12 14 0.083
17 567 7 8 0.081
847 527 18 20 0.080
870 536 12 15 0.074
876 539 10 14 0.073
175 659 11 13 0.073
838 493 8 11 0.069
115 570 9 10 0.065
940 541 12 13 0.064
117 545 9 10 0.063
89 553 9 9 0.055
816 637 13 17 0.054
959 550 9 11 0.052
994 557 11 12 0.048
55 572 8 10 0.046
53 570 8 10 0.044
883 546 11 12 0.039
86 587 9 11 0.038
183 670 10 14 0.038
39 557 9 12 0.038
922 543 34 14 0.037
57 574 8 10 0.037
393 257 33 34 0.035
866 530 13 16 0.031
170 656 14 15 0.031
39 553 8 25 0.030
926 576 11 14 0.030
392 178 151 93 0.028
891 550 12 12 0.027
179 665 13 16 0.027
975 607 11 14 0.027
151 551 8 10 0.026
29 577 9 11 0.026
1 602 8 12 0.025
895 552 9 11 0.023
980 533 10 14 0.022
273 584 9 9 0.022
293 625 8 10 0.020
67 554 8 10 0.020
901 580 9 13 0.020
188 663 30 16 0.020
