0_Parade_Parade_0_72
28
456 387 27 31 0.802
348 466 24 30 0.760
135 335 31 40 0.759
738 365 20 22 0.750
665 348 26 39 0.729
411 380 17 21 0.726
255 383 18 21 0.683
208 369 20 23 0.668
629 368 18 22 0.661
773 345 17 20 0.643
346 374 18 21 0.633
496 340 18 18 0.632
542 375 19 25 0.593
789 265 20 24 0.588
625 343 18 21 0.576
2 476 15 17 0.481
547 349 12 15 0.200
413 447 18 25 0.112
544 360 18 24 0.074
80 509 14 18 0.073
7 479 16 18 0.066
23 543 13 18 0.055
545 352 14 18 0.054
617 358 16 21 0.042
549 377 18 24 0.032
575 601 37 33 0.030
540 367 16 24 0.028
578 368 14 16 0.024
