0_Parade_marchingband_1_476
101
743 174 51 67 0.856
612 199 38 53 0.834
421 275 39 51 0.827
797 128 43 50 0.823
858 99 34 42 0.816
677 159 31 38 0.807
453 222 28 33 0.794
353 222 20 28 0.780
206 250 22 31 0.779
519 175 23 29 0.773
593 167 25 35 0.772
282 254 24 38 0.760
432 190 20 25 0.755
201 176 14 18 0.733
575 159 17 24 0.730
241 257 22 32 0.727
335 265 31 46 0.722
314 216 18 27 0.708
582 89 14 19 0.702
385 220 22 29 0.691
327 143 11 16 0.690
74 253 20 24 0.690
174 186 12 15 0.653
640 54 14 17 0.631
155 199 13 17 0.609
221 187 15 19 0.607
401 199 20 24 0.604
59 232 18 22 0.577
264 177 11 14 0.555
710 51 16 20 0.552
485 190 20 26 0.519
406 137 13 16 0.487
353 150 10 13 0.382
476 116 13 16 0.351
304 164 13 14 0.306
739 35 13 17 0.306
610 70 15 16 0.291
249 178 9 12 0.287
581 162 28 31 0.271
213 185 23 19 0.258
302 166 11 12 0.245
527 98 11 13 0.243
565 101 13 15 0.202
313 166 11 13 0.197
372 140 11 13 0.182
392 132 11 13 0.164
787 35 17 21 0.127
422 118 9 12 0.125
748 36 17 18 0.110
491 191 21 26 0.096
603 69 15 18 0.096
56 235 14 20 0.091
393 133 21 14 0.086
494 99 10 11 0.086
530 93 12 16 0.079
497 98 12 12 0.077
616 70 13 16 0.071
184 243 13 18 0.066
399 197 18 21 0.066
862 3 18 12 0.065
293 169 9 11 0.064
367 142 21 15 0.062
498 193 17 21 0.060
537 85 11 12 0.059
693 63 15 18 0.057
500 99 12 16 0.056
780 31 19 22 0.054
537 68 12 13 0.054
377 139 18 12 0.053
616 52 10 21 0.050
492 98 10 20 0.049
574 130 14 17 0.048
692 56 14 23 0.047
161 314 19 25 0.047
512 85 12 13 0.046
583 67 12 15 0.044
875 36 20 26 0.044
677 138 19 25 0.037
501 114 12 15 0.035
245 175 12 15 0.035
473 116 11 16 0.034
564 86 12 17 0.033
889 6 21 21 0.032
585 69 19 17 0.031
292 202 14 15 0.030
543 90 39 35 0.030
26 228 16 19 0.029
692 41 12 19 0.027
579 63 13 17 0.027
332 261 22 35 0.027
521 103 16 17 0.027
900 36 13 22 0.024
506 112 11 14 0.024
508 85 12 13 0.024
551 93 14 16 0.024
525 111 10 12 0.023
775 28 16 19 0.023
185 236 13 19 0.023
288 257 52 38 0.023
816 37 14 17 0.022
542 67 9 14 0.020
