0_Parade_Parade_0_275
854
586 729 8 10 0.516
578 665 9 11 0.442
930 644 10 12 0.434
829 632 8 10 0.430
978 672 9 10 0.430
653 596 7 10 0.428
531 756 8 10 0.414
548 703 8 9 0.405
761 669 9 10 0.403
1003 421 8 9 0.397
650 781 8 10 0.390
530 622 7 10 0.385
923 435 8 10 0.380
671 678 8 10 0.379
617 697 8 9 0.378
707 758 8 10 0.373
601 627 8 10 0.363
765 723 9 11 0.363
619 758 8 9 0.360
780 536 8 10 0.342
780 317 6 8 0.338
440 681 8 9 0.336
643 573 7 9 0.331
471 580 7 9 0.300
473 643 6 8 0.296
510 666 7 9 0.293
961 526 10 13 0.290
677 364 7 8 0.289
689 625 8 8 0.284
886 423 8 10 0.283
749 414 7 8 0.274
872 730 10 11 0.273
966 619 8 10 0.249
558 799 9 9 0.248
615 437 8 9 0.243
703 320 8 10 0.241
551 410 7 8 0.236
274 782 8 11 0.235
675 313 6 8 0.234
689 487 7 9 0.231
825 689 8 10 0.229
895 489 9 10 0.227
854 583 9 10 0.227
572 266 7 9 0.225
553 638 8 10 0.223
689 377 7 9 0.219
706 698 9 11 0.218
845 75 7 9 0.215
333 498 8 9 0.212
884 25 7 8 0.211
832 404 6 8 0.210
441 432 7 9 0.207
880 212 7 9 0.207
666 254 6 8 0.204
926 695 9 11 0.201
721 404 8 8 0.200
799 94 7 11 0.199
831 515 9 10 0.199
46 667 12 14 0.197
999 554 10 11 0.196
882 686 10 10 0.196
864 79 7 9 0.195
897 325 7 9 0.194
491 539 7 8 0.193
710 286 8 9 0.191
717 130 7 10 0.190
803 58 7 10 0.186
382 494 8 10 0.185
596 564 7 8 0.181
188 473 9 10 0.179
996 133 7 8 0.176
745 521 8 10 0.176
360 477 8 10 0.172
690 424 7 8 0.171
534 513 8 9 0.170
746 456 8 9 0.170
691 546 8 9 0.170
940 240 7 10 0.169
835 90 8 10 0.169
996 488 7 9 0.167
998 97 8 9 0.167
649 724 8 10 0.166
378 742 10 10 0.166
917 82 8 10 0.165
977 193 8 10 0.165
737 433 8 10 0.163
335 445 7 10 0.162
639 646 7 9 0.162
855 342 7 8 0.162
689 245 6 7 0.161
454 619 7 8 0.160
524 372 7 9 0.159
953 345 7 9 0.159
871 654 11 14 0.157
638 247 7 7 0.157
463 461 7 8 0.157
389 437 9 10 0.156
506 602 7 10 0.156
737 20 8 10 0.155
866 129 8 9 0.152
825 565 9 10 0.151
660 404 8 9 0.151
796 436 9 10 0.150
447 562 8 9 0.149
730 657 9 11 0.149
648 359 7 8 0.148
571 604 8 9 0.146
472 339 7 9 0.145
0 649 8 10 0.144
808 295 7 9 0.144
131 644 9 11 0.143
719 511 8 9 0.143
709 761 8 11 0.143
558 642 7 10 0.138
788 134 8 10 0.138
963 522 10 13 0.137
889 108 7 9 0.137
1014 95 8 9 0.137
501 426 8 9 0.136
847 106 9 10 0.135
883 364 7 8 0.135
43 597 9 11 0.135
628 488 8 10 0.135
777 17 7 9 0.134
330 343 7 8 0.134
521 562 7 9 0.133
419 740 8 9 0.133
834 44 8 10 0.133
693 280 8 8 0.133
159 478 7 10 0.132
409 799 8 9 0.131
447 449 8 10 0.131
857 406 8 10 0.130
377 561 7 8 0.130
397 394 7 9 0.129
832 462 7 9 0.129
415 484 8 10 0.129
108 497 9 11 0.128
777 206 7 9 0.128
320 422 8 10 0.127
899 217 9 10 0.127
646 479 7 9 0.127
592 88 7 9 0.127
671 169 7 9 0.126
755 309 7 8 0.125
783 45 8 9 0.124
660 464 9 10 0.123
699 35 8 10 0.123
910 190 7 9 0.123
587 372 8 9 0.121
741 299 6 7 0.121
914 755 8 10 0.120
705 145 9 10 0.120
469 519 8 9 0.120
302 496 8 10 0.118
487 262 6 9 0.117
620 245 7 8 0.117
514 504 8 9 0.116
712 380 8 9 0.116
376 388 7 9 0.115
373 556 8 9 0.115
575 222 6 7 0.115
564 292 7 8 0.114
588 38 6 9 0.113
596 225 7 8 0.113
545 182 6 8 0.112
818 152 7 9 0.112
613 230 6 8 0.111
150 782 10 12 0.110
928 195 8 10 0.110
566 478 8 10 0.110
675 49 7 9 0.110
576 421 8 8 0.110
422 305 6 8 0.110
405 522 8 9 0.110
726 640 8 9 0.109
384 278 8 9 0.108
828 32 8 9 0.108
635 459 8 10 0.108
1013 265 8 9 0.107
726 253 6 9 0.107
423 549 7 8 0.106
725 142 8 16 0.106
875 656 10 13 0.105
505 486 7 9 0.104
658 404 8 8 0.103
495 637 8 10 0.103
617 289 8 9 0.102
450 272 7 9 0.102
636 164 7 10 0.102
969 179 8 10 0.102
620 42 7 9 0.101
807 292 6 8 0.101
529 393 8 10 0.101
731 345 8 10 0.101
760 728 9 10 0.100
867 21 8 10 0.100
604 152 7 8 0.100
769 359 8 10 0.100
390 577 7 9 0.100
874 732 10 12 0.100
618 270 8 9 0.100
797 329 7 8 0.099
716 768 8 9 0.099
486 147 6 6 0.098
764 109 9 14 0.098
36 542 9 11 0.097
1003 253 8 10 0.097
217 768 12 14 0.097
756 361 9 11 0.096
998 219 7 9 0.096
926 120 8 10 0.096
242 696 8 8 0.095
473 393 7 9 0.095
672 83 7 8 0.095
499 408 8 9 0.095
346 723 9 10 0.095
819 217 8 9 0.094
295 455 8 10 0.094
605 42 7 9 0.094
939 113 8 10 0.094
562 535 8 10 0.094
947 217 8 9 0.092
906 776 11 14 0.092
756 196 6 8 0.092
377 691 7 9 0.091
415 411 6 7 0.091
769 481 9 10 0.091
296 413 7 8 0.091
963 241 9 10 0.089
435 571 7 8 0.089
725 146 11 10 0.089
608 384 8 10 0.089
953 579 9 11 0.089
589 471 7 9 0.089
387 496 9 9 0.089
189 664 9 11 0.088
385 280 8 9 0.088
913 570 9 11 0.088
763 140 8 11 0.087
353 754 9 11 0.087
398 464 8 10 0.086
1008 549 9 10 0.086
358 689 7 9 0.086
710 549 8 10 0.086
29 635 10 12 0.086
999 155 9 11 0.085
1012 231 7 10 0.084
221 392 8 10 0.084
802 389 7 10 0.084
933 385 8 10 0.083
609 546 8 9 0.083
880 530 8 9 0.082
905 238 8 9 0.082
857 343 7 8 0.081
867 478 9 10 0.081
657 167 8 8 0.081
715 435 11 9 0.081
810 135 8 9 0.081
790 599 9 13 0.080
815 330 7 9 0.080
963 266 8 10 0.080
897 501 10 11 0.079
670 141 7 10 0.079
66 740 11 12 0.078
819 187 7 15 0.078
182 790 11 14 0.078
919 177 8 9 0.077
772 411 7 9 0.077
73 657 8 10 0.077
736 491 7 9 0.077
578 142 7 8 0.077
793 768 11 14 0.077
600 226 7 6 0.077
381 304 7 10 0.076
436 65 6 8 0.076
550 380 8 9 0.076
689 154 7 12 0.076
563 647 8 9 0.076
987 238 6 10 0.076
638 303 8 10 0.076
841 152 7 9 0.076
904 133 8 13 0.075
520 444 8 11 0.075
800 7 7 18 0.075
593 165 7 8 0.074
490 338 7 8 0.074
447 501 7 9 0.074
549 576 8 10 0.074
60 420 7 10 0.073
688 174 7 10 0.072
865 127 7 21 0.072
480 293 7 9 0.072
892 619 10 11 0.071
31 636 12 13 0.071
743 141 6 20 0.071
487 388 8 10 0.071
711 183 8 9 0.070
888 427 8 10 0.070
841 241 7 9 0.069
240 358 6 8 0.069
345 782 9 12 0.069
447 238 8 8 0.069
232 463 7 8 0.068
271 375 8 10 0.068
255 371 8 9 0.068
736 297 8 8 0.068
390 497 8 9 0.068
663 725 9 11 0.068
867 126 8 11 0.067
688 148 7 21 0.067
921 235 10 10 0.067
461 325 7 9 0.067
354 507 7 9 0.067
908 379 7 8 0.067
690 10 7 10 0.067
294 305 8 10 0.067
813 96 11 16 0.066
435 157 6 7 0.066
44 455 8 9 0.066
636 70 8 12 0.066
593 495 9 11 0.066
736 14 9 18 0.066
783 37 8 21 0.066
636 247 8 13 0.065
691 257 7 8 0.065
474 178 6 11 0.065
892 613 11 12 0.065
579 300 7 18 0.064
273 300 8 9 0.064
783 97 8 18 0.064
468 243 7 11 0.064
711 688 8 11 0.064
377 530 8 9 0.064
297 459 8 10 0.063
732 570 8 10 0.062
692 547 9 9 0.062
167 745 9 9 0.062
153 499 8 11 0.062
756 358 12 12 0.062
927 627 8 9 0.061
572 355 7 9 0.061
896 487 9 10 0.061
359 311 8 12 0.061
569 480 8 9 0.060
326 293 8 9 0.060
393 773 8 10 0.060
773 64 7 22 0.060
371 600 7 11 0.060
459 326 7 10 0.060
281 398 7 9 0.060
890 177 7 9 0.059
1001 421 6 9 0.058
528 271 8 9 0.058
556 462 8 9 0.058
710 434 10 11 0.058
725 642 8 10 0.057
217 272 6 8 0.057
520 487 7 8 0.057
946 772 9 12 0.057
312 333 8 9 0.057
418 545 9 12 0.057
428 768 9 10 0.057
498 639 6 8 0.057
956 200 7 9 0.056
711 437 8 10 0.056
344 465 9 9 0.056
953 350 8 9 0.056
444 314 8 9 0.056
800 443 15 11 0.056
801 447 7 9 0.055
582 670 9 10 0.055
985 247 8 12 0.055
549 450 8 10 0.055
582 190 7 9 0.055
337 462 8 9 0.055
549 580 8 9 0.055
575 219 7 19 0.055
362 398 8 9 0.054
415 539 8 10 0.054
814 438 8 10 0.054
736 103 7 27 0.054
873 398 9 11 0.054
805 157 8 16 0.054
363 478 7 11 0.053
762 106 10 20 0.053
836 246 8 8 0.053
774 80 8 21 0.053
1010 301 7 9 0.053
602 149 7 14 0.053
934 82 8 9 0.053
755 10 7 18 0.053
222 335 7 8 0.053
638 69 8 11 0.052
544 310 6 23 0.052
808 64 9 25 0.052
714 611 10 11 0.052
941 505 9 11 0.052
654 277 7 10 0.052
426 599 8 9 0.051
704 100 8 29 0.051
704 120 13 14 0.051
932 383 8 10 0.051
787 603 9 12 0.051
668 533 9 12 0.051
632 495 9 11 0.050
227 471 9 11 0.050
600 566 7 9 0.050
669 135 8 18 0.050
826 710 9 12 0.050
654 94 7 20 0.050
803 50 8 21 0.050
812 97 8 22 0.050
804 446 7 9 0.050
747 117 14 19 0.050
857 225 7 9 0.050
355 617 8 9 0.050
766 108 8 24 0.050
565 219 11 9 0.050
747 667 8 10 0.049
799 351 8 10 0.049
632 337 8 9 0.049
633 340 9 14 0.049
799 215 7 8 0.049
929 93 8 14 0.048
261 747 8 10 0.048
939 503 10 10 0.048
447 447 11 20 0.048
623 513 7 8 0.048
750 172 7 11 0.048
243 396 8 10 0.048
355 535 7 9 0.048
927 118 11 14 0.048
856 56 7 13 0.047
445 776 9 10 0.047
306 317 7 10 0.047
690 240 6 24 0.047
667 530 8 8 0.047
898 161 8 12 0.047
661 117 7 23 0.047
717 554 9 9 0.047
601 324 9 9 0.046
553 338 7 18 0.046
744 0 8 10 0.046
139 534 10 11 0.046
867 472 9 11 0.046
460 360 7 9 0.046
12 500 11 14 0.046
880 551 11 13 0.046
354 419 8 9 0.046
446 289 7 9 0.046
710 383 9 12 0.046
394 620 7 8 0.046
801 193 7 11 0.046
611 328 8 10 0.046
0 609 8 12 0.046
688 627 6 9 0.046
967 45 9 11 0.045
826 512 11 12 0.045
710 544 7 10 0.045
865 81 9 11 0.045
516 353 8 13 0.045
579 22 8 12 0.045
467 197 7 16 0.045
651 727 10 11 0.045
632 166 10 9 0.045
912 550 9 10 0.045
581 304 8 10 0.044
228 630 8 9 0.044
403 773 8 11 0.044
591 547 7 8 0.044
702 105 9 15 0.044
572 339 7 10 0.044
912 106 6 21 0.044
290 620 8 9 0.044
756 76 6 31 0.044
141 484 8 10 0.043
556 97 9 17 0.043
592 282 8 10 0.043
347 355 7 8 0.043
982 250 9 9 0.043
984 169 10 12 0.043
235 739 9 11 0.043
1016 176 8 12 0.043
341 520 8 11 0.042
878 550 9 12 0.042
716 376 9 9 0.042
396 773 10 11 0.042
464 144 7 8 0.042
1017 118 7 10 0.042
414 759 9 11 0.042
748 112 8 26 0.042
120 461 8 9 0.042
675 276 9 12 0.041
525 422 7 8 0.041
401 525 11 11 0.041
620 115 6 28 0.041
526 60 6 12 0.041
93 654 9 10 0.041
543 265 9 18 0.041
724 254 7 9 0.041
716 41 7 29 0.041
724 249 8 9 0.041
825 22 8 22 0.041
989 296 9 11 0.040
636 273 8 20 0.040
491 336 7 19 0.040
28 514 9 11 0.040
355 311 8 10 0.040
914 17 8 9 0.039
474 389 7 11 0.039
478 291 11 11 0.039
611 281 9 21 0.039
692 383 8 9 0.039
652 427 9 10 0.039
683 134 12 16 0.039
414 446 7 10 0.039
580 93 7 25 0.039
654 598 9 9 0.039
1013 228 7 19 0.039
522 171 7 9 0.039
796 28 9 21 0.038
298 371 8 10 0.038
401 374 8 10 0.038
69 408 8 10 0.038
639 164 9 9 0.038
523 170 8 18 0.038
573 389 8 10 0.038
608 333 6 9 0.038
772 0 7 10 0.038
640 141 9 20 0.038
408 287 8 13 0.038
778 39 11 24 0.038
527 268 11 16 0.038
0 517 8 11 0.038
911 144 6 21 0.038
786 426 10 11 0.037
229 472 9 11 0.037
505 362 9 12 0.037
571 260 7 28 0.037
798 386 9 12 0.037
832 204 7 13 0.037
565 27 7 20 0.037
888 43 9 19 0.037
651 297 7 14 0.037
902 238 21 9 0.037
554 158 7 9 0.037
168 778 11 12 0.037
457 375 7 10 0.037
831 26 8 28 0.037
487 445 10 10 0.036
811 324 8 9 0.036
570 648 8 10 0.036
607 274 9 19 0.036
492 540 8 10 0.036
955 444 8 11 0.036
635 341 14 12 0.036
484 445 8 10 0.036
497 103 8 13 0.036
920 228 11 19 0.036
402 346 8 9 0.036
665 531 8 10 0.035
633 346 8 10 0.035
356 754 9 11 0.035
868 469 10 18 0.035
151 692 9 10 0.035
867 182 7 12 0.035
551 452 11 17 0.035
311 325 7 21 0.035
199 423 8 10 0.035
666 251 5 7 0.035
908 277 8 10 0.035
844 241 7 9 0.035
250 411 7 9 0.035
528 191 8 25 0.035
974 151 8 10 0.034
722 0 11 10 0.034
437 434 7 9 0.034
659 113 7 34 0.034
401 197 8 7 0.034
329 343 13 9 0.034
765 249 7 9 0.034
566 36 7 8 0.034
460 322 10 18 0.034
1011 299 7 11 0.034
777 429 8 10 0.033
402 195 6 15 0.033
273 377 8 9 0.033
449 342 10 9 0.033
523 560 7 17 0.033
949 80 9 8 0.033
832 116 8 26 0.033
868 101 8 26 0.033
637 300 14 16 0.033
667 424 10 16 0.033
689 248 7 12 0.033
806 288 7 9 0.033
649 316 8 10 0.033
550 36 8 8 0.033
861 3 8 8 0.033
754 196 8 15 0.033
647 723 8 10 0.032
669 535 9 15 0.032
329 453 8 13 0.032
691 5 10 19 0.032
606 243 8 23 0.032
798 624 9 12 0.032
545 176 6 24 0.032
953 197 11 19 0.032
110 568 9 11 0.032
304 498 8 10 0.032
757 60 8 31 0.032
937 53 8 10 0.032
850 173 9 21 0.032
785 98 7 29 0.032
422 334 7 10 0.032
864 141 8 26 0.032
942 216 15 10 0.032
39 639 10 12 0.032
577 186 9 16 0.031
931 145 8 10 0.031
14 525 9 11 0.031
411 285 8 13 0.031
467 193 9 24 0.031
248 769 9 11 0.031
955 409 8 9 0.031
542 300 7 26 0.031
871 487 8 10 0.031
875 216 9 9 0.030
891 172 7 20 0.030
826 65 8 15 0.030
811 300 7 9 0.030
406 472 9 13 0.030
618 290 8 20 0.030
351 296 8 15 0.030
928 87 7 25 0.030
552 151 8 19 0.030
900 504 8 10 0.030
836 236 11 20 0.030
852 53 12 21 0.030
834 231 8 13 0.030
879 402 8 11 0.030
137 678 9 11 0.030
609 384 9 18 0.029
5 430 10 12 0.029
342 388 8 10 0.029
677 658 8 11 0.029
487 142 6 21 0.029
863 400 11 11 0.029
339 249 8 9 0.029
189 252 8 11 0.029
517 345 9 23 0.029
888 105 13 19 0.029
798 498 8 9 0.029
253 293 9 12 0.029
423 338 8 26 0.028
446 288 12 14 0.028
807 122 11 27 0.028
761 469 9 11 0.028
699 118 14 18 0.028
757 50 9 31 0.028
786 232 7 10 0.028
588 261 10 20 0.028
958 27 10 13 0.028
361 89 7 9 0.028
958 265 12 11 0.028
887 49 15 12 0.028
517 231 8 11 0.028
886 75 9 14 0.028
542 438 8 9 0.028
384 270 7 18 0.027
580 317 9 17 0.027
18 579 8 11 0.027
175 238 7 9 0.027
301 376 7 9 0.027
833 0 11 7 0.027
208 410 8 11 0.027
562 184 7 24 0.027
826 714 8 10 0.027
464 461 10 10 0.027
731 232 8 10 0.027
454 616 12 8 0.027
352 420 7 9 0.027
477 616 6 8 0.027
493 339 9 16 0.027
829 381 7 10 0.027
734 300 25 9 0.027
59 505 10 14 0.027
940 180 9 25 0.027
458 166 7 14 0.027
580 530 7 9 0.026
76 602 8 9 0.026
768 472 9 22 0.026
967 611 10 14 0.026
831 465 8 10 0.026
642 374 6 14 0.026
541 311 16 21 0.026
666 412 8 25 0.026
867 23 27 9 0.026
902 402 8 8 0.026
469 574 9 19 0.026
944 180 9 24 0.026
597 321 9 16 0.026
976 235 21 16 0.026
551 376 8 11 0.026
608 734 8 10 0.026
371 263 8 15 0.026
582 306 6 28 0.026
900 326 8 8 0.026
571 356 7 15 0.026
662 339 7 9 0.026
938 166 10 11 0.025
270 331 8 17 0.025
907 768 12 21 0.025
785 252 8 10 0.025
621 508 13 16 0.025
400 232 8 9 0.025
736 61 9 31 0.025
799 437 23 11 0.025
440 774 17 12 0.025
739 105 18 27 0.025
697 635 7 10 0.025
384 303 6 27 0.025
475 173 7 30 0.025
544 264 7 31 0.025
737 800 9 7 0.025
987 227 9 26 0.025
375 358 8 10 0.025
754 5 12 21 0.025
677 265 9 21 0.025
913 553 8 28 0.025
616 226 7 31 0.025
356 614 10 11 0.024
467 278 9 14 0.024
756 84 8 31 0.024
984 67 8 10 0.024
697 680 10 13 0.024
720 12 6 30 0.024
322 281 9 12 0.024
801 155 10 24 0.024
581 310 13 22 0.024
844 14 8 26 0.024
866 170 12 23 0.024
500 298 8 22 0.024
471 431 7 10 0.024
466 281 9 22 0.024
705 420 8 22 0.024
506 294 8 12 0.024
102 459 12 11 0.024
440 797 9 11 0.024
824 270 7 8 0.024
886 226 10 22 0.024
238 470 8 10 0.024
499 419 8 12 0.024
991 82 8 13 0.023
371 741 8 10 0.023
440 430 8 8 0.023
172 683 10 12 0.023
428 370 8 10 0.023
467 270 8 27 0.023
646 411 8 13 0.023
502 470 7 17 0.023
492 225 8 15 0.023
625 403 9 10 0.023
544 274 9 37 0.023
652 288 7 25 0.023
180 265 8 12 0.023
600 324 19 14 0.023
379 449 8 12 0.023
664 640 7 10 0.023
684 130 17 24 0.023
626 705 8 9 0.023
734 113 6 31 0.023
541 441 10 17 0.023
914 94 7 28 0.023
343 467 18 12 0.023
833 178 11 29 0.023
794 596 8 10 0.022
735 76 10 34 0.022
631 84 7 30 0.022
998 550 9 12 0.022
772 175 9 25 0.022
750 166 6 26 0.022
458 364 8 18 0.022
51 488 13 13 0.022
850 104 24 17 0.022
643 760 7 9 0.022
515 257 7 12 0.022
325 284 7 23 0.022
436 87 7 9 0.022
627 91 16 25 0.022
823 687 12 14 0.022
469 234 6 42 0.022
576 177 7 21 0.022
316 647 8 10 0.022
796 492 10 17 0.022
364 362 7 19 0.022
831 55 9 28 0.022
699 25 7 42 0.022
497 94 10 27 0.022
735 647 7 9 0.022
731 164 8 27 0.022
787 224 7 21 0.022
503 486 23 9 0.022
685 13 7 29 0.022
558 518 6 8 0.021
633 304 8 18 0.021
746 236 11 10 0.021
607 733 8 9 0.021
555 560 8 18 0.021
717 504 9 9 0.021
550 375 6 28 0.021
446 780 9 10 0.021
534 232 13 19 0.021
335 441 7 31 0.021
366 431 9 14 0.021
912 244 6 27 0.021
601 147 12 23 0.021
751 28 12 29 0.021
235 276 7 23 0.021
516 258 8 17 0.021
576 288 9 29 0.021
499 302 6 24 0.021
426 368 9 19 0.021
679 99 9 30 0.021
688 148 18 17 0.021
409 287 15 13 0.021
275 722 8 10 0.021
964 175 13 25 0.021
832 127 9 30 0.021
767 601 10 12 0.021
451 89 7 7 0.021
220 763 12 14 0.021
971 600 8 11 0.021
640 38 5 30 0.021
129 644 9 12 0.021
956 579 8 10 0.020
685 518 6 8 0.020
957 450 7 17 0.020
775 75 17 30 0.020
859 156 11 29 0.020
281 127 7 8 0.020
901 300 7 9 0.020
521 444 9 22 0.020
720 150 8 29 0.020
109 502 9 10 0.020
39 454 8 10 0.020
243 646 8 8 0.020
541 218 10 28 0.020
523 272 7 14 0.020
647 396 7 27 0.020
720 87 13 29 0.020
633 115 16 28 0.020
570 333 8 28 0.020
