0_Parade_marchingband_1_620
78
799 411 32 38 0.830
911 324 32 36 0.800
118 272 22 26 0.764
440 241 22 26 0.760
662 338 29 33 0.747
819 249 24 27 0.734
841 353 27 28 0.726
767 340 28 30 0.721
605 240 23 23 0.693
193 175 21 22 0.681
256 198 19 21 0.673
954 233 18 21 0.658
902 215 20 22 0.649
328 240 25 27 0.590
761 210 18 18 0.578
288 233 19 24 0.548
857 202 18 20 0.541
1010 330 14 31 0.538
307 185 17 20 0.526
469 191 15 16 0.525
84 191 18 20 0.520
397 191 14 16 0.519
837 231 18 20 0.493
585 178 16 17 0.468
621 162 10 12 0.392
105 183 19 20 0.383
717 164 13 14 0.330
407 173 11 13 0.303
938 173 16 21 0.237
313 160 14 18 0.195
852 175 17 22 0.186
400 189 17 17 0.177
973 215 19 22 0.175
960 167 17 21 0.156
514 173 12 13 0.145
760 314 23 27 0.112
131 233 22 25 0.101
417 185 17 16 0.098
463 191 16 17 0.092
786 407 31 36 0.086
0 125 11 27 0.081
406 191 15 16 0.080
655 307 24 27 0.073
406 174 19 20 0.070
590 182 14 17 0.067
419 180 12 17 0.062
316 158 13 17 0.061
626 284 25 28 0.059
426 188 11 14 0.058
455 196 12 14 0.050
815 219 17 21 0.048
776 405 25 33 0.044
316 159 15 23 0.044
529 187 12 15 0.043
628 187 10 12 0.040
514 175 17 17 0.035
949 225 20 24 0.035
314 165 14 20 0.032
109 186 18 22 0.031
507 173 14 14 0.031
960 161 16 20 0.030
741 214 13 15 0.030
95 187 23 20 0.030
337 240 20 24 0.029
945 212 18 23 0.029
901 183 16 19 0.028
916 257 19 24 0.027
417 190 13 14 0.027
866 177 15 18 0.026
744 287 21 23 0.025
328 178 13 16 0.025
623 159 12 15 0.025
54 167 19 25 0.025
657 197 7 9 0.025
0 117 17 33 0.023
632 279 21 24 0.023
730 165 14 20 0.022
767 211 17 16 0.021
