0_Parade_Parade_0_688
53
455 531 26 30 0.767
534 461 18 22 0.736
567 543 16 21 0.726
882 522 15 18 0.712
277 524 24 30 0.665
808 524 18 23 0.621
450 503 22 27 0.611
844 568 15 19 0.580
968 511 9 13 0.568
216 538 17 26 0.539
945 529 10 12 0.430
840 531 10 13 0.401
7 583 13 16 0.324
309 514 14 20 0.322
533 593 20 22 0.252
70 577 9 11 0.249
366 528 10 14 0.229
54 554 10 11 0.206
784 547 9 11 0.201
775 537 8 10 0.189
1003 548 10 13 0.187
732 477 16 27 0.185
912 532 9 12 0.182
1016 530 8 11 0.178
33 552 8 9 0.160
25 563 8 11 0.160
993 532 8 10 0.150
275 523 19 24 0.119
208 544 17 27 0.107
782 543 10 13 0.103
3 564 8 12 0.099
31 552 9 12 0.093
1000 542 11 17 0.092
914 534 10 12 0.079
35 588 8 12 0.063
207 553 13 19 0.063
454 519 27 33 0.048
191 515 8 8 0.048
38 581 8 15 0.036
905 532 10 13 0.036
671 466 11 16 0.036
35 594 9 14 0.034
960 542 7 9 0.034
694 468 20 24 0.033
305 515 20 26 0.030
39 549 9 9 0.030
537 568 20 29 0.028
52 577 20 8 0.027
918 529 22 9 0.024
773 534 12 15 0.024
867 534 11 15 0.023
758 542 11 12 0.023
284 534 22 25 0.021
