0_Parade_marchingband_1_768
50
821 617 35 44 0.810
676 635 33 40 0.791
463 612 20 27 0.777
982 639 38 39 0.770
281 211 36 41 0.757
911 650 32 33 0.738
533 614 21 23 0.713
641 636 11 15 0.614
784 621 13 17 0.607
501 635 12 16 0.564
711 623 14 17 0.521
610 628 10 14 0.485
403 627 11 13 0.438
300 649 11 14 0.301
1002 548 9 11 0.202
541 616 22 19 0.196
351 634 10 16 0.116
556 623 12 16 0.101
876 557 7 8 0.091
713 621 11 14 0.080
847 517 8 10 0.076
896 550 8 9 0.074
376 620 10 11 0.069
818 558 7 9 0.055
401 665 26 18 0.052
992 528 8 10 0.049
535 572 7 7 0.049
518 567 7 8 0.048
502 565 7 9 0.044
369 635 12 13 0.044
853 547 9 10 0.043
303 647 12 13 0.043
555 663 22 20 0.038
558 627 11 15 0.036
306 652 12 13 0.032
498 603 8 10 0.031
377 624 21 12 0.029
351 637 9 21 0.028
669 571 8 10 0.028
996 530 8 20 0.028
988 528 15 11 0.027
272 658 11 13 0.027
895 542 8 14 0.026
454 567 8 11 0.025
975 537 11 11 0.023
269 653 12 15 0.022
382 652 11 17 0.022
374 641 13 17 0.022
793 537 9 10 0.021
157 661 15 15 0.021
