0_Parade_Parade_0_850
43
484 298 24 30 0.786
364 311 23 28 0.784
750 305 24 28 0.783
942 285 27 35 0.767
249 316 21 24 0.762
623 288 30 38 0.745
835 293 29 40 0.732
189 315 16 20 0.723
126 318 15 20 0.719
154 313 18 21 0.716
74 320 16 19 0.701
32 318 17 20 0.685
990 328 14 18 0.634
544 335 13 16 0.610
859 335 15 19 0.584
11 338 15 19 0.463
51 325 13 15 0.403
273 315 12 17 0.372
428 330 7 8 0.299
409 328 6 6 0.263
228 324 14 17 0.242
682 337 8 9 0.237
879 333 12 15 0.170
515 331 8 9 0.170
5 326 13 16 0.135
393 331 9 9 0.126
124 315 54 20 0.125
55 324 14 18 0.123
604 295 27 30 0.111
848 335 15 16 0.073
272 320 11 16 0.072
910 310 16 18 0.050
844 335 12 13 0.048
4 321 12 17 0.048
388 331 22 9 0.037
598 301 24 21 0.033
680 335 11 13 0.032
13 301 11 15 0.028
1012 310 12 18 0.025
162 306 18 23 0.022
89 299 17 16 0.022
783 164 7 8 0.022
775 227 7 10 0.021
