0_Parade_Parade_0_639
59
713 78 27 32 0.802
592 102 27 31 0.800
974 532 50 96 0.797
636 575 47 67 0.774
516 161 26 32 0.764
339 208 35 42 0.762
273 198 35 44 0.710
951 422 16 21 0.675
938 407 12 14 0.662
884 429 15 18 0.551
965 404 13 14 0.500
967 476 36 57 0.407
985 408 11 13 0.364
441 274 30 33 0.363
823 437 15 16 0.351
806 439 14 19 0.270
925 412 8 10 0.234
905 414 9 10 0.187
804 438 26 18 0.142
453 273 25 32 0.119
990 394 7 10 0.115
957 410 21 19 0.110
840 426 9 13 0.107
961 405 28 12 0.107
1000 404 13 12 0.100
1011 413 10 14 0.100
20 19 8 9 0.098
1002 398 9 19 0.093
933 431 12 15 0.091
426 279 29 32 0.090
1013 405 10 21 0.090
886 552 38 83 0.087
261 251 32 34 0.077
1008 418 12 14 0.074
911 435 10 14 0.072
826 13 24 35 0.064
539 201 23 29 0.058
805 437 13 16 0.054
688 0 22 16 0.048
865 461 13 16 0.047
281 214 34 45 0.046
980 418 11 14 0.045
1003 395 8 9 0.044
1003 399 17 15 0.042
817 46 32 42 0.040
921 435 24 12 0.038
806 432 11 13 0.035
423 285 23 29 0.032
892 419 16 20 0.030
936 428 29 20 0.028
901 558 40 82 0.027
878 422 14 18 0.026
934 438 12 16 0.024
482 271 36 45 0.024
736 444 11 12 0.023
784 427 9 12 0.022
752 447 12 14 0.022
1006 408 18 16 0.021
908 410 9 9 0.021
