0_Parade_Parade_0_247
44
313 417 10 14 0.488
68 430 9 11 0.423
35 436 11 13 0.364
255 449 7 9 0.268
387 422 9 10 0.245
100 436 11 13 0.221
10 433 12 13 0.161
135 433 9 11 0.142
617 450 7 9 0.140
295 437 8 10 0.128
48 452 10 12 0.120
261 435 9 9 0.086
134 434 8 11 0.080
944 460 12 15 0.066
179 460 9 13 0.062
523 451 6 8 0.060
705 449 9 10 0.058
890 452 11 11 0.056
646 441 7 8 0.053
668 453 7 9 0.052
354 457 7 9 0.052
169 448 15 13 0.052
756 490 8 9 0.048
171 436 11 12 0.045
172 441 14 15 0.042
756 452 8 10 0.042
372 424 10 11 0.040
134 439 10 13 0.040
0 8 15 51 0.038
127 497 7 9 0.038
352 460 7 8 0.035
523 445 7 21 0.031
332 448 9 12 0.030
880 487 11 14 0.029
550 454 7 8 0.027
116 450 15 15 0.027
173 436 16 12 0.026
621 425 7 9 0.026
164 445 11 13 0.026
862 443 9 10 0.025
670 453 8 9 0.024
864 488 11 14 0.023
329 445 10 13 0.023
733 497 10 9 0.023
