0_Parade_marchingband_1_593
169
598 346 9 12 0.689
623 378 10 12 0.683
909 348 10 13 0.670
676 334 9 11 0.666
802 300 9 12 0.664
725 350 9 12 0.664
698 346 10 12 0.658
584 378 10 12 0.658
468 378 10 13 0.654
864 336 10 12 0.652
311 355 9 12 0.648
76 342 11 13 0.645
624 339 10 12 0.640
760 344 10 13 0.638
506 378 10 12 0.637
351 359 9 12 0.629
660 376 10 12 0.625
104 332 10 12 0.624
541 373 9 11 0.620
475 341 10 12 0.617
800 339 10 12 0.610
752 329 9 11 0.608
446 346 10 12 0.606
437 288 9 12 0.605
613 300 10 12 0.604
177 303 8 11 0.600
359 381 10 13 0.598
210 332 9 12 0.598
183 330 9 13 0.597
254 321 10 12 0.597
438 320 9 11 0.597
653 338 9 11 0.595
403 322 10 11 0.588
373 323 9 12 0.586
361 343 9 11 0.583
779 325 9 12 0.581
318 322 9 11 0.579
392 375 10 11 0.578
648 303 10 12 0.571
488 308 9 11 0.566
153 336 10 12 0.566
530 343 10 12 0.564
592 287 10 12 0.557
503 289 10 12 0.555
273 303 9 12 0.547
430 375 9 11 0.544
580 304 10 12 0.543
305 304 10 11 0.541
761 313 10 11 0.540
693 309 10 12 0.535
565 341 10 12 0.532
153 351 11 13 0.514
629 309 10 12 0.514
228 357 9 12 0.512
600 318 10 11 0.507
207 306 9 11 0.506
722 292 10 12 0.504
109 308 8 11 0.502
533 291 9 12 0.502
269 358 10 13 0.501
540 321 9 12 0.500
772 302 9 11 0.499
223 320 9 12 0.482
344 314 10 12 0.481
571 324 9 11 0.479
700 327 9 11 0.474
562 292 9 12 0.466
288 320 9 12 0.462
502 343 10 12 0.452
520 307 9 12 0.396
456 303 8 11 0.395
396 287 10 13 0.392
239 308 8 10 0.389
359 296 9 12 0.380
733 320 9 12 0.372
138 306 9 11 0.365
471 313 9 12 0.357
680 315 9 11 0.349
311 340 10 11 0.317
128 330 8 10 0.285
793 317 10 11 0.278
725 334 8 12 0.269
801 325 9 12 0.262
694 313 11 12 0.207
144 317 9 10 0.190
153 344 10 16 0.188
402 352 9 11 0.170
207 292 8 10 0.166
377 352 9 11 0.160
710 323 11 12 0.159
581 298 12 16 0.156
693 394 12 13 0.152
138 290 8 9 0.152
274 286 7 10 0.151
125 324 9 14 0.144
458 289 9 9 0.135
800 331 11 25 0.132
470 312 20 10 0.128
186 353 10 12 0.121
698 390 11 14 0.105
434 289 19 10 0.099
153 337 11 31 0.093
205 303 9 11 0.093
352 354 11 29 0.092
391 377 9 11 0.092
248 354 9 11 0.092
476 296 10 10 0.081
533 276 8 10 0.078
209 323 13 23 0.078
184 357 10 11 0.076
529 335 11 28 0.075
445 373 8 11 0.074
239 292 8 9 0.074
176 290 8 10 0.072
532 321 12 13 0.069
474 293 9 26 0.069
581 286 12 38 0.067
539 315 10 22 0.065
232 407 12 14 0.063
61 328 10 10 0.063
814 329 9 12 0.060
736 302 9 10 0.055
698 337 10 30 0.054
13 321 8 9 0.054
273 353 10 13 0.053
251 355 19 13 0.053
431 372 12 14 0.051
393 417 12 16 0.051
307 288 8 10 0.050
567 307 10 66 0.048
291 314 14 16 0.047
484 290 20 9 0.047
359 305 10 13 0.047
436 284 11 19 0.046
147 317 13 11 0.046
445 343 10 12 0.045
777 309 12 34 0.044
627 324 8 28 0.042
669 333 24 17 0.042
764 310 10 11 0.040
460 308 18 17 0.037
101 325 10 15 0.037
511 323 15 13 0.037
565 372 14 13 0.037
402 311 11 37 0.036
152 392 13 13 0.036
593 272 8 9 0.035
674 329 10 15 0.034
691 398 10 12 0.034
758 321 10 52 0.033
502 319 10 14 0.033
625 372 10 13 0.033
468 315 9 10 0.032
314 299 12 49 0.031
306 352 11 14 0.031
450 342 43 14 0.030
701 386 10 11 0.029
240 301 26 49 0.029
632 294 8 11 0.027
666 417 12 12 0.027
360 313 13 64 0.027
339 354 9 11 0.025
89 317 10 11 0.025
544 315 14 14 0.025
334 350 13 16 0.024
584 287 14 11 0.023
649 263 8 105 0.023
524 373 18 12 0.021
739 428 11 11 0.021
