0_Parade_Parade_0_470
31
902 175 56 69 0.890
121 468 86 112 0.881
471 333 72 95 0.875
150 174 71 92 0.870
314 371 82 107 0.870
932 270 61 71 0.866
38 162 80 104 0.865
839 232 51 69 0.863
598 244 77 96 0.861
464 142 57 70 0.857
620 138 58 75 0.855
419 201 63 86 0.853
218 173 65 82 0.852
777 230 60 73 0.847
701 229 65 87 0.843
851 176 50 61 0.843
328 161 54 76 0.842
296 237 66 83 0.833
533 182 66 88 0.829
0 152 32 48 0.763
762 172 18 24 0.753
268 171 36 53 0.232
789 182 32 31 0.210
672 202 19 24 0.173
804 177 26 30 0.157
506 119 27 39 0.124
244 174 52 74 0.078
814 174 19 27 0.066
1010 209 14 28 0.026
1007 209 12 28 0.021
679 198 17 23 0.021
