0_Parade_marchingband_1_172
299
570 240 39 50 0.833
246 168 31 40 0.793
747 124 26 32 0.793
510 142 24 31 0.786
113 82 25 31 0.784
853 181 28 33 0.770
649 105 21 27 0.760
672 178 29 33 0.758
561 131 25 30 0.756
492 110 23 27 0.744
944 127 23 27 0.741
70 80 21 25 0.734
441 105 23 27 0.733
278 91 24 30 0.730
779 100 22 28 0.725
698 136 25 28 0.722
253 94 21 26 0.722
229 84 20 24 0.718
170 81 23 26 0.712
374 108 25 30 0.711
304 76 21 27 0.707
405 64 17 21 0.704
985 128 21 26 0.703
842 99 20 24 0.696
695 72 18 23 0.695
871 102 20 24 0.694
439 70 21 24 0.690
524 93 21 27 0.689
712 99 21 24 0.688
587 77 20 22 0.687
540 67 17 21 0.678
327 121 24 27 0.669
807 77 20 22 0.667
1005 75 16 20 0.666
907 99 18 21 0.665
606 48 15 17 0.658
559 47 18 22 0.657
967 119 18 22 0.654
68 32 16 18 0.649
812 33 10 14 0.647
591 110 23 26 0.647
250 47 19 22 0.645
785 44 14 16 0.633
929 87 18 21 0.627
487 68 20 22 0.626
744 48 11 14 0.621
194 94 21 25 0.621
998 33 14 19 0.615
881 166 23 31 0.604
372 83 20 25 0.601
200 36 16 20 0.594
888 138 22 27 0.578
927 36 12 16 0.574
114 27 13 17 0.574
645 77 18 22 0.574
0 32 13 21 0.573
953 84 17 20 0.570
952 54 14 17 0.564
128 19 13 16 0.545
286 39 15 18 0.545
49 71 17 19 0.529
650 40 16 18 0.515
840 22 11 16 0.499
466 39 15 18 0.494
674 53 17 19 0.471
398 100 18 27 0.468
728 35 11 14 0.458
512 66 17 21 0.440
49 9 12 14 0.426
873 76 12 15 0.423
487 3 11 15 0.418
914 74 12 16 0.411
506 49 13 15 0.402
401 9 14 17 0.398
567 20 12 14 0.394
2 4 11 15 0.388
289 65 16 19 0.385
867 17 12 13 0.382
923 15 11 14 0.375
488 30 12 15 0.365
608 26 11 14 0.331
634 25 11 14 0.329
88 15 10 12 0.328
428 12 13 17 0.326
519 20 14 16 0.326
116 23 19 17 0.320
444 24 12 14 0.316
904 38 12 15 0.315
631 48 13 14 0.312
673 15 14 17 0.303
775 81 17 21 0.288
627 11 11 13 0.281
1016 24 8 22 0.273
382 12 11 14 0.272
1 109 19 28 0.268
18 5 12 13 0.267
738 16 9 12 0.266
798 21 11 15 0.265
206 63 17 20 0.261
369 68 18 19 0.257
167 48 16 20 0.255
316 21 13 15 0.254
779 190 32 36 0.253
546 29 12 14 0.251
339 3 10 14 0.249
818 160 26 29 0.248
327 90 20 23 0.232
12 65 19 25 0.232
857 27 11 14 0.230
878 24 11 15 0.229
580 5 10 13 0.229
776 25 11 14 0.220
824 21 11 15 0.218
445 138 26 30 0.216
410 28 11 13 0.214
590 64 21 36 0.212
377 42 12 15 0.211
113 60 20 23 0.210
356 17 12 13 0.205
717 24 11 14 0.200
695 33 12 15 0.193
649 11 11 16 0.193
204 116 20 22 0.191
72 0 10 14 0.191
445 42 15 17 0.185
579 35 12 14 0.184
138 65 14 19 0.180
370 70 20 30 0.180
36 0 13 13 0.177
524 44 13 16 0.170
552 16 10 12 0.169
1002 33 20 17 0.157
96 64 18 21 0.154
521 11 12 22 0.154
334 17 11 14 0.154
197 1 9 12 0.147
719 9 9 11 0.144
749 26 12 14 0.141
492 22 14 19 0.137
1009 113 11 18 0.135
0 71 9 22 0.134
924 12 10 30 0.130
90 64 18 21 0.126
875 28 11 13 0.121
454 37 27 21 0.119
496 16 12 17 0.118
337 6 11 21 0.118
268 5 14 16 0.117
755 28 11 14 0.115
522 9 11 14 0.115
772 29 12 13 0.113
166 53 17 22 0.113
277 163 25 37 0.111
149 3 14 17 0.110
651 15 12 14 0.108
866 21 22 16 0.108
286 21 13 15 0.107
693 15 13 14 0.106
765 14 10 13 0.104
700 17 13 13 0.104
300 4 10 14 0.103
216 12 10 12 0.103
1004 171 20 31 0.101
241 2 12 12 0.101
270 2 13 16 0.101
21 2 20 15 0.099
204 117 24 36 0.098
538 55 35 33 0.098
343 9 17 18 0.098
912 35 31 17 0.098
321 4 11 14 0.095
404 17 14 18 0.095
584 28 13 14 0.094
602 21 14 21 0.094
646 43 16 72 0.094
768 24 22 17 0.094
605 10 11 21 0.091
209 131 26 32 0.091
218 9 11 14 0.091
310 60 17 21 0.090
693 11 10 10 0.089
927 85 47 21 0.089
880 28 12 13 0.086
719 8 8 25 0.083
628 10 15 27 0.082
431 8 12 16 0.081
221 1 16 14 0.081
319 6 11 32 0.081
125 60 26 23 0.079
816 0 10 12 0.079
284 6 13 21 0.079
396 111 18 27 0.077
17 42 17 23 0.076
218 36 14 17 0.073
899 33 13 17 0.071
1015 37 9 16 0.071
211 67 17 21 0.070
361 0 15 12 0.070
263 7 14 15 0.069
17 53 19 37 0.068
2 3 22 16 0.067
790 138 24 27 0.066
277 4 18 15 0.065
312 21 34 19 0.065
374 14 10 13 0.061
695 16 12 34 0.061
218 29 12 18 0.060
677 8 11 13 0.059
520 10 14 40 0.058
464 8 12 16 0.058
380 6 11 14 0.058
488 41 13 13 0.058
274 0 9 9 0.058
599 155 26 30 0.057
541 43 12 15 0.057
104 4 12 14 0.057
670 83 14 19 0.056
220 40 14 18 0.054
545 30 11 25 0.054
579 9 15 14 0.052
793 143 40 30 0.052
67 2 14 13 0.051
484 25 13 17 0.051
121 0 10 11 0.051
482 15 24 48 0.050
647 6 11 15 0.049
265 3 20 23 0.048
337 23 17 20 0.047
678 48 17 21 0.046
911 33 13 71 0.046
69 30 27 33 0.046
969 64 14 15 0.045
767 80 18 22 0.044
342 30 9 14 0.044
824 153 24 27 0.044
689 69 16 21 0.043
700 20 24 18 0.043
276 142 26 31 0.043
85 64 15 18 0.042
223 1 28 12 0.041
870 171 26 34 0.041
846 9 13 12 0.040
205 178 30 33 0.039
491 79 16 21 0.037
991 72 13 20 0.036
855 145 20 23 0.036
391 150 23 30 0.036
166 64 21 36 0.036
294 3 14 15 0.036
835 6 11 14 0.035
401 109 19 26 0.034
834 8 15 28 0.034
283 0 19 44 0.034
580 80 23 22 0.034
132 66 18 23 0.033
404 10 38 27 0.032
317 26 15 16 0.032
828 82 18 18 0.031
106 0 15 15 0.031
189 20 13 17 0.030
640 3 24 33 0.030
463 7 22 18 0.030
373 0 12 9 0.030
531 0 9 11 0.029
252 240 36 41 0.029
994 68 12 16 0.029
688 223 27 33 0.028
104 0 12 11 0.028
907 30 15 18 0.027
349 8 51 22 0.027
0 126 13 24 0.027
677 36 19 20 0.027
251 3 21 13 0.027
579 57 12 17 0.027
411 0 11 8 0.026
24 78 18 24 0.026
835 26 14 14 0.026
924 9 10 14 0.026
471 114 18 24 0.025
879 22 13 14 0.025
307 8 24 25 0.025
228 0 12 11 0.025
736 21 40 18 0.024
405 0 20 20 0.024
534 142 20 27 0.024
671 77 15 19 0.024
603 3 18 16 0.024
460 19 14 22 0.023
359 0 28 58 0.023
710 67 15 18 0.022
610 2 25 12 0.022
271 17 14 20 0.022
537 1 33 65 0.021
20 24 17 46 0.021
722 41 11 13 0.021
448 72 16 21 0.021
516 5 14 16 0.021
146 63 23 20 0.020
185 0 15 12 0.020
