0_Parade_Parade_0_164
393
690 328 12 15 0.521
897 501 16 17 0.489
144 390 10 14 0.481
18 434 14 17 0.473
679 273 10 14 0.454
284 325 9 12 0.452
195 373 9 12 0.451
285 303 9 11 0.434
300 379 10 11 0.421
278 399 9 12 0.420
644 262 9 12 0.417
62 425 11 14 0.408
714 300 11 15 0.403
90 396 11 13 0.394
123 411 10 12 0.391
240 321 9 11 0.389
635 303 11 14 0.388
336 319 8 9 0.388
252 302 8 10 0.377
45 395 11 13 0.369
655 283 12 15 0.351
89 421 13 14 0.348
183 376 9 12 0.340
136 370 10 12 0.337
671 355 17 21 0.329
999 439 11 13 0.321
552 305 13 16 0.317
313 310 8 9 0.313
886 449 14 17 0.295
107 405 11 14 0.294
364 299 8 10 0.290
946 387 11 13 0.278
923 408 11 12 0.277
124 342 10 14 0.276
901 337 9 12 0.269
1004 330 9 11 0.268
925 473 12 15 0.261
820 375 10 12 0.261
224 357 9 11 0.255
910 363 11 14 0.252
514 339 12 14 0.247
286 258 7 8 0.238
986 321 9 11 0.235
848 366 10 12 0.230
648 316 12 15 0.224
943 420 10 12 0.223
228 343 10 12 0.220
410 307 8 9 0.220
694 258 10 14 0.219
793 424 11 16 0.218
384 534 16 18 0.217
490 264 7 9 0.215
170 327 7 9 0.213
833 439 11 13 0.210
731 267 9 12 0.205
656 250 9 12 0.205
492 353 10 13 0.202
896 561 13 16 0.196
340 295 7 9 0.194
843 346 10 12 0.182
803 381 10 12 0.180
948 301 8 9 0.180
999 360 11 14 0.177
211 417 12 14 0.175
470 268 9 12 0.175
333 340 8 9 0.171
865 375 9 12 0.170
511 251 8 10 0.168
721 279 9 14 0.164
117 409 17 13 0.163
22 432 14 16 0.161
680 234 8 11 0.159
917 310 8 12 0.154
538 238 8 9 0.153
112 397 12 14 0.148
235 314 8 10 0.146
258 375 9 11 0.146
243 384 10 14 0.146
417 268 7 9 0.143
997 302 9 10 0.142
772 224 8 10 0.139
839 294 8 11 0.135
0 427 9 14 0.133
739 226 8 12 0.130
190 374 14 13 0.130
427 289 8 9 0.130
1 399 9 12 0.124
316 331 9 9 0.124
749 250 10 9 0.124
897 296 8 10 0.123
106 396 14 18 0.123
652 252 11 15 0.122
916 286 8 9 0.119
974 519 14 18 0.118
899 267 7 8 0.116
866 396 9 12 0.115
137 372 12 17 0.114
964 383 11 13 0.114
918 316 9 9 0.111
590 293 10 13 0.110
979 517 15 20 0.109
398 267 8 11 0.106
865 294 9 12 0.105
93 419 12 15 0.103
390 302 9 10 0.103
983 513 15 18 0.102
604 298 12 15 0.102
881 449 12 17 0.100
632 390 16 21 0.097
972 358 9 12 0.096
900 266 6 16 0.096
959 321 11 12 0.096
998 356 11 13 0.094
690 282 9 12 0.093
277 363 8 12 0.090
450 247 7 9 0.090
734 287 9 10 0.090
691 261 14 15 0.089
1000 641 16 17 0.089
940 276 8 14 0.088
915 265 7 9 0.088
743 255 10 17 0.088
915 433 11 14 0.087
720 234 11 11 0.087
466 242 8 7 0.086
902 280 8 15 0.086
623 269 10 16 0.085
873 349 10 12 0.085
954 274 8 9 0.085
450 420 14 18 0.085
761 238 9 9 0.080
713 246 9 11 0.080
289 329 9 10 0.080
248 487 14 17 0.079
936 249 7 8 0.079
714 295 13 18 0.077
447 273 9 11 0.077
427 279 8 21 0.076
596 405 18 15 0.075
859 312 9 12 0.075
943 449 11 16 0.074
941 446 10 13 0.074
362 325 9 9 0.074
690 227 8 10 0.073
946 453 10 15 0.073
178 357 12 14 0.073
839 563 13 13 0.072
623 276 10 14 0.071
88 397 13 49 0.071
665 242 9 16 0.071
995 650 11 13 0.070
606 328 14 18 0.070
736 285 10 11 0.069
672 348 15 20 0.069
121 404 20 17 0.069
940 321 8 11 0.068
180 369 12 17 0.068
844 269 8 10 0.066
573 357 15 17 0.065
417 265 10 18 0.065
246 356 8 10 0.063
932 293 9 10 0.063
225 342 9 12 0.063
325 307 8 9 0.062
753 246 9 20 0.061
961 324 12 11 0.061
48 398 11 13 0.061
894 315 9 12 0.061
486 386 12 14 0.060
410 252 8 9 0.058
414 384 10 12 0.058
972 520 11 17 0.058
356 276 7 8 0.057
927 346 10 12 0.057
249 358 7 9 0.056
314 331 20 12 0.056
755 240 8 24 0.055
964 251 8 10 0.054
635 378 15 24 0.054
1005 323 9 13 0.054
642 263 18 13 0.052
280 278 8 13 0.052
922 401 16 20 0.052
430 245 8 13 0.052
908 285 17 11 0.052
651 405 16 18 0.052
730 258 12 23 0.051
523 271 7 9 0.051
309 523 18 19 0.051
939 274 8 24 0.051
618 235 8 9 0.051
188 522 14 19 0.050
941 222 7 9 0.050
972 337 11 12 0.050
283 305 8 10 0.049
856 310 10 12 0.048
774 227 8 10 0.048
396 284 8 10 0.048
846 263 7 22 0.047
646 325 11 15 0.047
922 464 12 17 0.047
509 408 17 21 0.047
556 422 15 18 0.046
970 612 15 15 0.046
864 429 11 14 0.046
99 398 29 23 0.046
915 264 13 17 0.046
971 295 10 9 0.046
1001 558 12 16 0.046
158 429 9 12 0.046
918 455 12 14 0.045
361 276 11 8 0.045
863 279 9 23 0.045
846 359 12 19 0.045
467 239 7 19 0.045
895 392 12 13 0.045
846 266 9 10 0.045
621 231 9 11 0.044
997 442 12 17 0.044
358 321 15 14 0.044
455 379 11 13 0.044
605 336 13 18 0.043
249 378 13 12 0.043
28 431 12 14 0.043
936 278 23 13 0.043
224 348 12 17 0.043
398 258 9 24 0.042
867 375 9 20 0.042
637 374 13 16 0.042
952 337 10 15 0.042
717 281 28 13 0.042
915 334 12 12 0.041
888 174 8 9 0.041
858 311 10 22 0.041
989 480 11 16 0.041
880 355 10 12 0.040
329 315 13 20 0.040
752 288 10 11 0.040
519 232 9 21 0.039
944 352 11 12 0.039
888 398 13 12 0.039
733 223 13 21 0.039
342 424 11 14 0.039
994 591 13 15 0.039
1017 303 7 14 0.039
179 374 10 13 0.039
446 267 11 18 0.038
473 270 7 18 0.038
402 253 10 9 0.038
922 411 31 19 0.037
495 348 19 17 0.037
439 298 7 9 0.037
168 325 7 9 0.037
814 396 12 15 0.036
932 542 14 18 0.036
946 318 23 14 0.036
997 647 15 16 0.036
434 295 13 9 0.036
899 385 11 13 0.036
1012 337 9 12 0.035
864 369 12 20 0.035
480 238 8 12 0.035
936 296 23 13 0.035
283 315 12 20 0.035
564 225 10 18 0.035
703 269 22 13 0.034
754 263 11 13 0.034
828 152 8 9 0.034
441 294 8 11 0.034
460 272 18 10 0.033
988 513 13 15 0.033
277 335 11 13 0.033
936 243 7 29 0.033
457 420 17 21 0.033
284 258 6 8 0.033
880 296 22 10 0.033
898 380 10 24 0.033
518 459 17 23 0.033
995 642 14 17 0.033
944 377 11 14 0.032
576 353 14 16 0.032
976 525 12 17 0.032
591 404 27 20 0.032
895 297 7 32 0.032
258 462 14 15 0.032
717 261 19 29 0.031
363 323 12 13 0.031
397 275 7 22 0.031
464 477 13 19 0.031
390 470 22 23 0.031
930 393 12 15 0.031
897 369 12 17 0.031
949 341 11 22 0.031
551 422 15 17 0.031
994 462 10 12 0.031
894 370 11 12 0.030
249 491 15 19 0.030
814 404 12 15 0.030
882 330 15 14 0.030
912 356 16 16 0.029
883 250 10 27 0.029
595 202 9 9 0.029
553 419 27 20 0.029
459 413 16 16 0.029
903 339 19 12 0.029
979 261 7 9 0.029
394 291 9 17 0.029
328 340 13 12 0.029
124 340 14 27 0.029
666 398 15 19 0.028
1015 300 8 14 0.028
576 418 17 20 0.028
667 297 10 14 0.028
850 326 10 16 0.028
589 403 17 17 0.028
566 216 9 26 0.028
967 293 15 16 0.027
426 274 16 24 0.027
267 345 9 11 0.027
822 468 13 15 0.027
411 340 8 12 0.027
627 277 14 48 0.027
812 390 11 24 0.027
926 345 21 14 0.027
429 246 21 12 0.027
949 614 12 13 0.027
186 531 13 19 0.027
996 653 11 14 0.027
389 336 9 9 0.027
987 483 15 18 0.027
797 423 14 16 0.027
549 233 19 10 0.026
96 378 10 12 0.026
617 199 7 27 0.026
973 340 9 27 0.026
715 247 13 30 0.026
864 400 8 11 0.026
415 253 9 30 0.025
399 471 16 20 0.025
992 425 9 14 0.025
580 353 15 16 0.025
693 242 10 31 0.025
889 173 8 9 0.024
842 565 13 14 0.024
652 210 8 14 0.024
604 276 12 68 0.024
907 261 19 27 0.024
587 241 9 18 0.024
864 320 14 16 0.024
185 545 16 23 0.024
928 193 7 9 0.023
702 218 7 13 0.023
609 320 13 16 0.023
279 394 10 14 0.023
172 330 13 14 0.023
955 271 9 21 0.023
568 418 22 28 0.023
239 318 12 17 0.023
450 245 7 31 0.023
888 315 11 26 0.023
284 253 7 30 0.023
201 564 15 19 0.023
208 411 14 17 0.023
868 426 14 14 0.023
189 554 21 22 0.022
635 243 9 14 0.022
298 249 10 15 0.022
963 308 15 19 0.022
883 401 13 12 0.022
803 319 9 12 0.022
607 416 16 16 0.022
99 377 10 13 0.022
716 232 11 30 0.022
578 411 17 18 0.022
834 404 12 15 0.022
825 282 10 11 0.021
938 355 14 15 0.021
861 294 30 14 0.021
928 386 10 15 0.021
515 405 16 21 0.021
859 256 7 9 0.021
938 326 9 25 0.021
330 442 15 19 0.021
123 347 8 13 0.021
835 283 12 24 0.021
1016 281 8 16 0.021
532 345 17 20 0.020
980 566 16 18 0.020
385 471 17 18 0.020
843 357 10 14 0.020
704 271 14 15 0.020
594 196 11 27 0.020
687 322 13 15 0.020
