0_Parade_marchingband_1_104
56
315 252 35 40 0.825
451 263 27 32 0.794
739 230 16 21 0.729
239 245 15 19 0.664
35 252 14 17 0.657
126 253 16 17 0.650
149 240 14 17 0.629
577 253 15 22 0.576
1002 219 19 23 0.557
837 230 11 14 0.518
103 240 11 14 0.518
408 241 11 14 0.516
353 235 11 13 0.415
968 232 8 11 0.402
503 225 9 11 0.398
548 244 10 13 0.380
604 227 8 10 0.282
285 235 11 13 0.280
23 237 11 14 0.275
896 235 10 12 0.230
58 257 12 16 0.206
194 244 11 13 0.185
69 245 11 14 0.155
934 232 10 12 0.143
415 255 11 12 0.143
345 231 13 14 0.136
54 257 13 14 0.131
341 228 10 13 0.124
606 228 10 11 0.119
484 233 9 11 0.112
3 265 14 16 0.112
900 236 9 10 0.112
618 230 7 9 0.095
460 245 11 13 0.092
176 239 11 13 0.075
419 256 10 11 0.070
249 235 11 12 0.064
946 233 9 12 0.063
948 232 9 12 0.061
73 244 13 14 0.060
218 242 12 13 0.054
182 241 19 15 0.053
829 212 9 9 0.047
281 240 13 14 0.047
547 243 15 17 0.044
538 231 11 8 0.043
270 235 9 11 0.038
890 235 8 11 0.034
193 242 26 13 0.032
619 229 8 11 0.031
61 253 15 17 0.029
453 239 12 18 0.027
170 241 13 14 0.026
537 230 8 9 0.024
277 245 11 13 0.023
143 240 14 16 0.021
