0_Parade_Parade_0_472
73
320 114 43 51 0.835
602 264 46 55 0.823
60 135 32 37 0.822
511 128 36 44 0.791
561 134 19 30 0.745
933 226 18 25 0.697
656 167 19 25 0.695
644 120 17 23 0.640
629 160 19 23 0.628
747 121 14 22 0.557
950 150 18 22 0.518
400 130 29 31 0.497
834 116 18 25 0.473
814 121 17 25 0.461
710 109 19 23 0.457
172 182 18 20 0.413
842 169 19 29 0.401
992 143 17 21 0.393
599 221 17 25 0.345
976 145 17 21 0.344
217 240 12 17 0.317
980 144 24 23 0.299
679 126 17 26 0.257
683 133 19 26 0.238
736 119 16 22 0.214
247 177 11 17 0.203
252 157 10 13 0.171
835 241 19 24 0.171
805 188 17 20 0.154
223 184 11 11 0.151
794 127 20 25 0.150
801 127 23 24 0.121
831 78 16 18 0.109
918 147 18 19 0.106
782 163 18 27 0.105
687 138 17 24 0.103
714 114 20 24 0.088
222 266 12 17 0.081
675 122 15 19 0.073
637 123 49 23 0.072
251 197 13 21 0.063
248 165 12 29 0.063
804 223 17 22 0.058
845 186 15 22 0.058
899 158 16 21 0.056
793 117 17 24 0.052
741 116 15 23 0.051
0 247 8 11 0.050
829 178 35 27 0.049
841 161 20 27 0.045
801 185 16 21 0.040
727 114 16 20 0.038
924 147 19 19 0.038
0 193 9 14 0.038
841 176 16 28 0.037
828 81 15 23 0.036
446 169 17 20 0.035
395 125 24 28 0.034
793 135 16 20 0.034
1010 232 14 32 0.033
598 150 20 25 0.032
845 246 17 21 0.031
740 149 17 20 0.030
832 149 18 26 0.028
803 136 19 21 0.027
691 131 22 27 0.027
897 161 15 23 0.026
999 218 19 33 0.026
675 127 16 22 0.025
994 217 20 27 0.025
969 216 17 22 0.021
848 161 22 28 0.021
235 179 16 14 0.020
