0_Parade_marchingband_1_465
283
1008 256 9 11 0.515
596 234 9 10 0.511
669 260 7 8 0.501
82 306 7 8 0.480
467 258 7 8 0.478
1005 160 9 11 0.466
876 168 8 9 0.447
986 137 6 7 0.445
45 302 8 11 0.388
366 249 8 8 0.387
520 261 9 9 0.385
984 244 9 9 0.380
975 156 8 10 0.377
771 159 6 7 0.358
1011 139 7 9 0.348
170 226 7 8 0.319
915 152 7 9 0.314
800 203 7 9 0.313
489 233 6 8 0.303
232 248 6 8 0.298
947 160 7 8 0.293
878 130 7 7 0.284
983 191 7 9 0.280
700 237 7 9 0.278
618 264 7 8 0.277
815 168 6 7 0.270
91 223 7 7 0.270
733 241 7 8 0.269
119 303 9 9 0.261
882 214 7 7 0.260
114 285 7 9 0.259
827 223 8 8 0.255
709 265 7 8 0.246
946 174 7 9 0.244
794 165 7 8 0.242
960 136 7 9 0.241
850 159 7 8 0.238
349 166 6 7 0.237
926 280 9 10 0.232
663 239 8 9 0.231
129 235 7 8 0.229
314 175 7 8 0.227
874 149 7 8 0.213
388 165 6 8 0.212
936 137 7 7 0.206
628 235 6 8 0.203
161 264 7 8 0.201
559 235 7 8 0.200
23 321 8 10 0.198
875 228 8 9 0.196
797 132 6 7 0.195
728 159 7 7 0.186
902 139 6 9 0.183
750 159 6 7 0.183
839 141 6 8 0.176
293 253 9 10 0.169
961 138 7 8 0.161
28 226 7 8 0.154
901 142 8 10 0.144
522 239 7 8 0.134
901 137 6 7 0.134
74 174 5 7 0.134
929 279 9 11 0.127
763 265 7 8 0.123
709 200 7 7 0.120
660 151 5 8 0.119
212 150 6 7 0.117
26 191 7 8 0.117
915 174 8 9 0.116
6 260 7 9 0.115
878 226 8 12 0.115
701 235 8 8 0.114
1 315 7 9 0.112
991 296 8 9 0.111
933 138 9 8 0.109
36 198 6 8 0.109
137 259 9 10 0.109
177 242 7 9 0.107
158 161 6 7 0.107
933 266 8 10 0.106
525 206 6 7 0.104
854 129 6 7 0.104
75 239 6 9 0.103
701 128 6 6 0.100
927 235 10 13 0.098
994 311 9 10 0.096
130 164 5 6 0.094
169 224 8 17 0.093
385 163 7 9 0.091
923 228 11 15 0.090
389 212 6 8 0.089
383 146 5 7 0.085
734 127 5 7 0.083
175 159 5 7 0.082
334 153 6 7 0.081
976 174 8 10 0.080
4 273 8 9 0.079
503 163 6 8 0.076
473 318 7 9 0.075
468 213 7 7 0.074
704 154 6 7 0.074
703 266 7 9 0.072
488 145 7 7 0.072
194 193 7 8 0.071
435 143 5 7 0.071
430 166 6 6 0.070
914 177 8 9 0.070
964 206 8 9 0.068
261 156 7 7 0.068
787 258 7 8 0.068
187 280 6 8 0.068
536 164 6 7 0.067
0 332 8 11 0.067
332 135 6 7 0.067
836 209 8 9 0.066
41 238 8 9 0.065
467 166 5 6 0.065
196 156 6 6 0.065
939 231 12 10 0.064
191 191 7 8 0.064
609 206 7 9 0.064
1013 205 8 11 0.062
869 253 13 11 0.061
506 54 6 8 0.061
140 200 6 7 0.061
796 132 5 6 0.061
523 236 6 8 0.060
105 601 14 19 0.060
871 267 8 9 0.059
102 235 8 9 0.059
867 253 9 11 0.059
842 180 7 9 0.058
582 120 6 8 0.058
295 248 7 9 0.056
48 280 7 8 0.056
974 193 16 10 0.056
876 254 8 9 0.056
253 115 7 9 0.055
971 174 8 11 0.055
868 262 9 12 0.055
528 157 6 9 0.054
73 172 5 7 0.053
725 201 6 8 0.053
28 228 9 9 0.052
288 254 8 10 0.052
902 227 11 10 0.052
958 238 8 10 0.051
240 178 7 8 0.050
904 283 8 9 0.050
85 260 8 9 0.049
664 238 7 8 0.049
470 319 8 8 0.049
686 129 6 7 0.048
1010 209 9 10 0.048
2 311 7 11 0.048
235 248 6 8 0.048
43 239 7 9 0.047
1004 298 8 11 0.047
430 158 6 16 0.046
298 253 9 10 0.046
45 297 7 13 0.046
550 145 6 9 0.046
322 171 7 9 0.045
262 160 6 8 0.044
961 241 7 9 0.044
835 205 7 23 0.044
1 320 7 25 0.044
482 508 21 23 0.044
870 147 10 12 0.044
6 257 6 27 0.043
997 295 13 11 0.043
115 302 10 11 0.043
429 222 7 9 0.042
523 207 5 8 0.042
901 228 7 9 0.042
623 283 8 7 0.042
130 312 8 9 0.041
570 149 7 11 0.041
967 207 7 9 0.041
896 155 8 19 0.040
659 148 6 7 0.040
199 195 6 7 0.039
170 241 8 10 0.039
197 219 8 9 0.038
911 228 11 10 0.038
839 135 13 20 0.038
115 183 8 9 0.037
928 240 8 10 0.037
378 105 6 7 0.037
936 176 8 11 0.037
855 126 6 16 0.037
34 232 7 9 0.035
287 134 8 9 0.035
601 155 6 12 0.035
338 121 5 6 0.035
733 239 7 7 0.035
682 146 7 10 0.035
733 119 6 26 0.035
504 157 5 26 0.035
882 212 6 8 0.034
107 255 7 9 0.034
505 184 7 8 0.034
506 138 5 10 0.034
466 161 6 21 0.033
251 116 7 10 0.033
337 105 7 7 0.033
921 180 9 10 0.033
869 253 13 24 0.032
418 80 5 8 0.032
26 194 17 9 0.032
996 196 14 16 0.032
904 228 21 9 0.032
527 181 8 8 0.031
843 174 7 17 0.031
113 165 6 8 0.031
64 203 6 8 0.031
488 234 13 11 0.030
801 207 8 9 0.030
696 234 9 23 0.030
164 190 6 9 0.030
132 244 10 24 0.030
160 265 8 11 0.029
859 221 8 9 0.029
610 203 7 10 0.029
165 191 6 9 0.029
28 375 7 8 0.029
705 148 5 26 0.028
465 181 6 7 0.028
434 137 5 23 0.028
704 170 6 10 0.028
168 158 15 10 0.027
660 239 10 22 0.027
242 176 6 16 0.027
489 136 7 25 0.027
606 135 6 7 0.027
468 319 6 8 0.027
799 129 5 6 0.027
429 216 7 9 0.026
262 150 6 25 0.026
264 171 6 8 0.026
621 261 7 33 0.026
87 260 11 9 0.026
606 134 5 13 0.026
837 181 11 9 0.025
550 140 7 23 0.025
113 170 7 11 0.025
533 131 6 18 0.025
632 239 6 8 0.025
377 45 6 7 0.025
244 277 6 7 0.025
594 233 12 14 0.025
47 305 10 11 0.024
720 256 8 11 0.024
864 166 9 8 0.024
348 210 7 7 0.024
973 270 7 9 0.024
877 259 8 12 0.023
905 283 17 9 0.023
482 100 5 7 0.023
480 121 7 7 0.023
139 289 8 9 0.023
729 127 11 8 0.023
518 319 8 9 0.023
705 200 6 7 0.023
371 254 7 8 0.023
993 293 21 22 0.023
238 157 6 14 0.022
995 248 8 9 0.022
609 200 6 21 0.022
677 186 8 10 0.022
108 599 17 18 0.022
188 193 7 9 0.021
25 544 12 12 0.021
78 236 8 26 0.021
707 252 10 26 0.021
379 106 7 10 0.021
962 180 11 24 0.021
511 114 6 10 0.021
317 287 8 8 0.021
217 177 6 9 0.021
773 165 6 20 0.020
753 160 6 5 0.020
727 151 6 20 0.020
