0_Parade_Parade_0_664
257
937 334 29 32 0.819
15 336 38 35 0.794
412 335 19 23 0.773
122 322 23 26 0.765
618 339 21 27 0.765
464 340 23 29 0.759
212 315 22 26 0.728
976 343 19 22 0.728
658 320 17 23 0.710
515 313 14 19 0.698
842 322 21 25 0.690
489 324 18 23 0.682
542 352 24 20 0.674
34 307 18 21 0.649
361 322 15 18 0.645
806 347 20 24 0.644
258 356 32 16 0.632
196 293 13 16 0.629
582 328 17 20 0.619
172 350 21 22 0.618
108 303 17 19 0.614
342 360 25 12 0.597
463 299 15 19 0.589
60 308 19 25 0.581
576 308 13 14 0.552
426 309 10 13 0.510
89 288 10 12 0.510
738 333 14 17 0.491
881 355 25 17 0.481
161 304 12 15 0.480
1014 321 10 14 0.457
229 297 13 14 0.449
535 309 12 15 0.433
785 327 12 14 0.414
245 307 17 22 0.412
936 318 12 13 0.399
977 320 10 13 0.395
38 287 10 12 0.380
980 309 11 13 0.371
924 309 9 11 0.366
132 302 13 16 0.365
860 306 11 13 0.364
68 284 9 11 0.346
768 353 15 19 0.337
0 323 11 17 0.331
724 298 8 9 0.326
998 303 8 10 0.323
891 320 11 12 0.313
15 286 9 10 0.305
502 297 10 11 0.298
270 278 10 11 0.290
659 301 9 10 0.288
341 309 14 16 0.288
830 366 29 6 0.283
128 277 11 14 0.281
724 355 20 17 0.278
957 312 11 14 0.265
178 288 9 10 0.262
636 311 14 14 0.243
793 294 7 8 0.241
699 303 10 11 0.240
442 280 8 10 0.236
1005 293 8 9 0.226
676 314 12 17 0.219
486 302 14 16 0.214
555 294 9 10 0.204
702 318 8 11 0.197
842 297 8 9 0.195
357 297 11 15 0.194
161 352 29 20 0.188
763 323 9 11 0.182
684 298 9 12 0.176
979 307 11 26 0.174
894 307 10 11 0.174
987 293 8 9 0.169
251 274 9 11 0.156
247 301 15 19 0.152
453 289 11 11 0.149
770 338 10 12 0.148
944 295 9 10 0.145
957 317 12 13 0.144
442 299 10 16 0.144
336 276 9 11 0.143
408 291 10 12 0.139
1014 339 10 17 0.138
441 308 11 14 0.136
311 281 10 11 0.136
467 282 8 10 0.133
949 313 22 14 0.125
438 303 13 15 0.124
392 295 10 13 0.124
406 288 10 13 0.123
42 270 9 10 0.120
894 304 8 10 0.119
694 280 7 9 0.114
730 285 7 9 0.113
940 298 10 18 0.109
960 306 10 17 0.109
25 302 16 16 0.108
619 287 8 9 0.107
39 279 9 25 0.104
288 299 13 18 0.104
375 286 12 13 0.099
708 284 7 16 0.099
289 305 15 21 0.098
346 302 21 16 0.097
774 285 6 8 0.096
499 297 22 15 0.095
356 282 9 10 0.093
764 321 9 18 0.093
744 288 8 8 0.093
152 292 10 14 0.091
1011 298 10 23 0.090
935 311 17 24 0.088
943 294 9 21 0.088
1 266 8 10 0.088
632 280 8 9 0.084
341 319 14 21 0.083
135 306 16 20 0.083
255 313 20 24 0.083
656 304 14 39 0.083
425 307 21 16 0.083
525 298 10 11 0.082
915 343 18 19 0.082
724 291 9 21 0.081
153 357 29 15 0.079
692 300 17 14 0.077
873 325 11 15 0.075
759 308 10 23 0.075
59 301 15 17 0.075
358 288 8 12 0.074
524 301 17 11 0.072
907 287 7 8 0.072
13 310 13 19 0.071
253 274 9 9 0.071
755 286 7 22 0.069
333 278 12 15 0.068
707 287 10 8 0.066
262 308 19 21 0.065
787 328 15 15 0.065
305 335 16 21 0.064
793 316 11 13 0.064
383 313 11 16 0.064
23 272 9 14 0.061
372 271 9 10 0.061
560 318 11 14 0.060
923 313 28 15 0.060
667 295 9 15 0.058
6 317 13 18 0.057
754 289 7 7 0.057
943 316 21 19 0.057
859 297 12 10 0.057
761 301 21 15 0.056
708 332 11 15 0.055
383 294 20 15 0.053
618 304 10 13 0.052
892 312 13 15 0.052
793 288 8 8 0.052
534 314 14 17 0.051
866 337 13 18 0.051
832 333 16 20 0.051
619 296 10 19 0.051
456 282 21 28 0.050
374 299 12 17 0.050
377 305 14 19 0.050
150 289 13 12 0.049
335 272 15 19 0.049
861 300 15 20 0.049
385 318 11 15 0.049
1 283 19 10 0.047
683 322 17 14 0.044
14 284 12 15 0.044
776 282 8 27 0.043
203 315 19 24 0.043
585 301 20 14 0.042
488 297 11 14 0.042
202 321 12 17 0.041
248 290 12 19 0.041
418 285 9 15 0.041
284 296 13 15 0.041
727 284 15 20 0.041
269 305 17 18 0.041
1003 290 8 8 0.041
820 296 14 18 0.040
594 298 16 13 0.040
466 282 11 14 0.040
405 272 8 21 0.040
893 339 13 14 0.039
769 301 11 28 0.039
283 266 8 11 0.038
698 306 12 20 0.038
981 294 23 28 0.038
377 288 26 16 0.038
1 264 7 30 0.038
215 287 11 25 0.038
566 297 19 15 0.037
224 307 20 24 0.037
970 294 27 10 0.037
755 291 12 30 0.037
675 307 16 26 0.036
902 323 14 13 0.036
260 318 18 23 0.036
778 287 7 29 0.035
244 290 38 50 0.035
343 331 14 16 0.035
12 298 16 22 0.034
449 259 8 13 0.034
639 314 13 17 0.034
576 279 8 19 0.033
110 267 8 10 0.033
782 291 24 11 0.033
784 313 14 26 0.032
909 281 7 29 0.032
862 341 15 19 0.031
319 308 15 15 0.030
400 275 9 7 0.030
110 270 8 17 0.030
111 292 51 33 0.029
381 272 12 26 0.029
1002 340 15 17 0.028
372 271 13 30 0.028
221 276 8 17 0.028
21 284 16 44 0.028
368 326 14 16 0.028
727 358 26 14 0.027
591 322 17 21 0.027
250 288 15 19 0.027
480 272 7 12 0.027
90 287 19 16 0.026
178 292 12 13 0.025
128 273 10 12 0.025
308 280 16 15 0.025
235 270 8 12 0.025
867 347 23 24 0.025
630 281 17 8 0.024
409 275 8 7 0.024
592 288 10 26 0.024
620 309 25 17 0.024
797 313 13 14 0.024
755 306 14 18 0.024
779 287 11 9 0.024
80 272 9 10 0.023
0 298 13 20 0.023
49 267 19 25 0.023
988 290 7 7 0.023
741 281 18 27 0.023
25 262 10 28 0.023
367 308 28 38 0.023
737 295 26 22 0.022
441 279 12 15 0.022
464 275 19 20 0.021
518 316 19 18 0.021
492 313 15 22 0.021
961 295 19 14 0.021
332 263 9 10 0.020
200 291 19 15 0.020
521 333 15 17 0.020
