0_Parade_marchingband_1_525
57
400 386 24 26 0.797
677 380 22 27 0.789
191 373 25 28 0.781
290 394 21 24 0.774
537 395 21 24 0.758
899 424 20 22 0.727
39 424 15 19 0.705
765 438 16 20 0.701
134 413 19 22 0.691
860 484 15 19 0.680
983 462 15 17 0.659
119 409 14 17 0.642
833 420 15 17 0.577
75 424 12 14 0.382
797 430 13 16 0.370
625 414 12 14 0.362
951 468 16 18 0.344
783 421 13 15 0.310
15 422 10 13 0.289
815 421 12 15 0.288
728 398 12 16 0.284
971 461 13 16 0.251
126 412 24 20 0.233
510 417 9 10 0.121
582 424 11 14 0.116
731 400 14 16 0.116
88 434 8 11 0.107
157 419 9 12 0.098
18 422 11 13 0.096
801 432 15 15 0.087
10 424 11 12 0.078
584 415 11 17 0.074
6 418 13 14 0.057
927 431 11 14 0.054
499 442 9 13 0.049
815 431 13 13 0.047
11 419 13 15 0.043
724 397 10 15 0.042
776 418 14 15 0.041
23 425 23 15 0.039
569 410 10 15 0.037
332 395 16 22 0.036
574 411 13 14 0.034
149 416 17 16 0.032
728 407 14 20 0.031
62 421 20 15 0.031
59 420 11 14 0.029
78 428 14 14 0.029
367 405 21 23 0.029
790 417 19 16 0.027
510 415 13 16 0.027
838 416 15 18 0.026
264 398 12 19 0.024
558 424 11 13 0.022
334 402 14 20 0.021
726 412 12 17 0.021
501 433 9 17 0.020
