0_Parade_Parade_0_266
81
955 337 26 33 0.791
29 420 13 16 0.607
906 441 23 28 0.542
703 359 49 79 0.536
24 448 14 17 0.400
861 572 24 35 0.373
128 404 11 14 0.318
210 324 11 14 0.308
166 338 11 13 0.281
1003 413 19 39 0.280
994 324 18 23 0.280
368 357 18 21 0.257
48 337 12 15 0.234
26 334 10 12 0.217
0 422 9 15 0.186
9 330 11 14 0.163
195 344 11 13 0.161
216 384 11 15 0.149
78 434 13 16 0.146
177 416 11 14 0.138
71 332 11 13 0.133
126 332 10 13 0.119
650 398 70 76 0.111
151 398 10 14 0.111
90 322 9 12 0.100
142 341 10 13 0.100
277 334 8 12 0.095
865 320 9 10 0.089
12 333 10 14 0.089
93 343 11 15 0.074
34 419 14 17 0.074
226 339 10 12 0.073
899 329 9 10 0.073
5 328 9 15 0.070
955 310 9 12 0.070
897 719 26 45 0.068
146 416 13 17 0.067
73 342 11 14 0.066
47 335 20 16 0.063
959 310 11 12 0.056
227 423 12 14 0.054
6 333 27 12 0.053
766 318 9 11 0.053
276 331 7 9 0.051
124 375 14 17 0.049
411 366 14 18 0.049
212 328 19 15 0.047
456 285 16 23 0.043
812 317 9 10 0.041
141 404 20 24 0.039
92 348 10 11 0.037
995 307 10 12 0.036
318 362 9 10 0.036
996 331 17 24 0.036
71 443 15 16 0.036
10 430 10 14 0.034
673 363 74 99 0.034
118 436 14 19 0.034
171 334 11 15 0.033
43 420 12 17 0.032
914 485 19 29 0.032
0 459 9 16 0.032
446 315 24 29 0.031
90 320 10 28 0.031
124 333 25 17 0.030
151 342 26 12 0.030
96 394 10 13 0.028
7 425 16 14 0.026
68 324 22 32 0.026
304 334 9 12 0.025
72 366 11 14 0.024
264 438 11 14 0.024
236 400 8 11 0.023
851 574 21 35 0.022
946 483 22 36 0.022
76 442 15 20 0.021
90 406 12 17 0.021
154 317 8 10 0.021
219 401 9 12 0.021
177 411 16 18 0.021
217 447 12 14 0.020
