0_Parade_Parade_0_137
39
752 447 16 25 0.692
715 446 16 21 0.680
662 485 17 21 0.603
953 461 15 20 0.579
708 352 18 22 0.568
0 432 12 16 0.482
964 487 19 23 0.474
998 511 15 18 0.462
238 468 14 17 0.403
658 447 17 22 0.370
717 478 16 22 0.180
932 368 18 24 0.140
896 365 19 21 0.120
248 420 16 20 0.114
659 464 16 19 0.096
1016 315 8 16 0.095
510 347 23 26 0.092
385 338 32 33 0.077
880 331 15 21 0.062
583 397 21 29 0.058
932 364 14 18 0.056
377 372 27 30 0.044
1013 338 10 16 0.039
518 346 17 22 0.035
471 327 26 26 0.034
250 443 16 21 0.033
926 304 11 13 0.033
585 388 22 28 0.030
335 368 12 15 0.024
215 371 22 24 0.024
376 331 28 32 0.024
242 409 17 30 0.024
0 454 10 18 0.023
819 355 22 27 0.022
906 341 12 16 0.022
352 349 15 17 0.021
686 405 18 23 0.021
345 351 18 18 0.020
882 317 13 24 0.020
