0_Parade_marchingband_1_1045
67
945 261 42 52 0.820
88 261 35 44 0.766
661 269 29 37 0.761
180 313 21 25 0.732
357 292 20 26 0.701
439 302 19 22 0.693
696 257 20 26 0.678
384 297 16 20 0.667
281 299 23 28 0.644
756 305 17 20 0.620
505 306 18 21 0.595
151 316 14 22 0.592
586 260 26 37 0.578
776 297 12 15 0.571
0 312 14 23 0.502
213 307 12 16 0.477
468 290 14 19 0.474
598 307 12 15 0.438
792 301 13 14 0.372
203 320 13 18 0.359
329 304 13 18 0.350
315 288 10 12 0.347
419 305 11 15 0.347
485 310 13 15 0.331
13 293 11 13 0.303
233 285 11 13 0.254
56 286 20 23 0.251
784 299 20 16 0.222
230 259 8 11 0.208
307 302 12 15 0.186
464 294 14 19 0.181
408 280 12 14 0.177
139 319 22 26 0.163
469 292 19 27 0.161
865 325 7 8 0.142
208 304 17 26 0.125
192 317 19 22 0.117
5 297 17 18 0.109
535 296 12 13 0.104
136 324 19 23 0.099
464 313 13 16 0.094
201 247 12 14 0.090
823 317 8 9 0.086
222 245 10 12 0.074
326 307 13 18 0.061
309 298 40 28 0.051
409 308 15 16 0.042
442 292 46 38 0.041
516 310 15 17 0.040
535 299 20 19 0.038
1004 308 8 10 0.037
412 279 12 15 0.036
867 325 7 8 0.035
1013 309 7 9 0.034
403 312 14 16 0.031
199 245 26 16 0.030
242 311 16 21 0.029
245 302 13 19 0.028
733 295 10 13 0.028
545 306 20 20 0.026
51 290 22 23 0.024
792 306 14 13 0.023
62 282 21 28 0.022
886 319 8 10 0.022
514 304 23 19 0.021
813 319 14 10 0.021
230 253 11 42 0.020
