0_Parade_Parade_0_353
74
493 240 28 33 0.770
325 294 34 40 0.762
389 260 20 25 0.745
836 263 23 25 0.699
885 247 15 19 0.670
289 287 13 16 0.669
694 246 13 17 0.659
598 236 48 54 0.646
853 249 16 19 0.542
456 282 10 12 0.500
799 256 10 12 0.491
253 287 13 15 0.484
34 339 15 19 0.472
200 298 23 28 0.423
741 257 24 37 0.366
431 280 8 9 0.333
721 251 13 17 0.325
155 372 11 12 0.235
924 246 8 10 0.225
937 250 10 10 0.225
826 254 10 12 0.217
378 289 11 12 0.196
433 282 8 9 0.179
172 296 20 22 0.160
103 244 11 14 0.157
79 310 19 22 0.155
318 286 10 14 0.137
562 274 40 45 0.126
665 248 11 13 0.107
448 269 7 10 0.076
430 278 7 9 0.063
145 301 18 22 0.061
795 269 14 17 0.059
258 306 15 17 0.057
258 287 14 16 0.053
811 251 9 10 0.053
801 257 14 16 0.050
82 269 7 9 0.048
725 252 13 19 0.048
739 271 27 37 0.047
907 245 12 15 0.045
150 388 14 15 0.042
76 317 18 19 0.042
541 270 13 15 0.042
427 279 11 14 0.041
822 257 25 23 0.039
316 267 13 14 0.039
317 280 12 15 0.038
39 339 15 20 0.038
825 273 14 19 0.035
257 295 15 24 0.035
189 307 24 28 0.034
909 242 20 12 0.034
316 275 15 26 0.030
829 269 21 23 0.030
386 264 16 23 0.029
83 316 17 20 0.029
152 379 14 23 0.028
4 372 8 10 0.027
68 319 16 19 0.026
30 314 8 11 0.026
541 266 19 23 0.026
357 287 36 26 0.026
779 268 16 18 0.026
823 249 14 35 0.026
818 230 6 8 0.025
29 339 15 19 0.024
29 331 13 22 0.024
137 277 9 12 0.024
903 240 15 15 0.022
819 244 11 21 0.021
28 310 9 22 0.021
848 252 20 23 0.021
921 242 13 15 0.020
