0_Parade_Parade_0_29
52
541 163 63 74 0.845
979 185 36 40 0.839
239 233 23 28 0.806
802 165 40 50 0.795
316 231 32 40 0.779
421 246 20 23 0.743
194 240 20 22 0.709
162 249 16 18 0.698
487 234 17 19 0.697
707 243 17 21 0.633
747 240 22 27 0.628
586 239 24 26 0.580
295 240 13 16 0.568
142 248 13 15 0.548
512 242 15 17 0.521
122 244 11 13 0.504
358 241 14 17 0.487
691 245 12 16 0.468
669 240 7 9 0.430
648 238 9 11 0.406
218 251 14 13 0.320
460 249 8 11 0.303
671 238 10 11 0.215
103 249 9 10 0.201
680 237 9 11 0.198
859 234 24 29 0.188
73 250 9 11 0.180
616 250 14 16 0.174
377 253 9 10 0.131
406 238 13 16 0.108
458 245 9 11 0.085
654 248 9 11 0.079
390 250 10 11 0.071
387 251 9 9 0.071
648 245 10 12 0.063
283 254 13 11 0.062
646 238 13 15 0.053
667 243 9 10 0.049
352 245 19 22 0.047
608 246 16 19 0.041
414 244 20 23 0.039
70 238 9 23 0.038
78 226 9 11 0.034
859 239 31 37 0.030
69 233 13 14 0.028
754 237 19 26 0.028
269 255 15 11 0.027
357 247 28 18 0.024
510 239 21 26 0.023
354 237 19 25 0.022
53 234 9 11 0.022
376 255 9 13 0.021
