0_Parade_marchingband_1_234
63
582 414 16 20 0.806
471 402 16 20 0.793
404 410 17 21 0.786
785 319 17 21 0.786
334 409 17 22 0.777
647 411 16 20 0.772
508 255 16 19 0.769
668 321 16 21 0.768
208 420 16 20 0.768
760 420 16 21 0.765
217 293 15 19 0.763
704 419 16 20 0.759
307 313 16 19 0.757
367 308 16 20 0.756
435 312 16 20 0.755
643 247 16 19 0.750
613 321 15 20 0.749
556 313 15 19 0.749
865 302 14 18 0.749
281 420 16 20 0.749
525 414 15 20 0.748
747 272 15 18 0.745
670 210 16 17 0.739
255 254 15 17 0.739
844 252 17 18 0.738
728 317 17 20 0.738
702 253 16 17 0.729
468 232 15 18 0.727
677 282 16 19 0.727
776 254 16 17 0.727
602 204 16 19 0.725
437 260 15 17 0.725
540 292 16 18 0.724
353 230 15 16 0.722
318 260 15 16 0.715
403 289 15 17 0.714
531 222 15 18 0.710
491 310 15 18 0.708
806 281 16 18 0.707
376 262 14 16 0.706
570 266 15 17 0.703
293 232 14 16 0.701
228 221 15 18 0.700
244 330 16 19 0.700
401 217 14 18 0.693
344 278 15 17 0.688
737 230 14 17 0.675
836 326 16 20 0.673
481 176 16 17 0.672
285 296 15 17 0.652
555 165 15 18 0.641
188 328 16 18 0.618
608 304 15 17 0.591
469 311 14 16 0.529
474 311 35 17 0.271
142 427 11 16 0.155
345 268 36 24 0.142
142 433 11 14 0.052
291 230 24 15 0.047
234 189 12 15 0.040
777 223 11 14 0.038
401 201 14 61 0.030
810 248 11 16 0.022
