0_Parade_marchingband_1_382
26
146 168 36 44 0.843
803 122 37 41 0.829
338 100 33 39 0.824
201 66 27 39 0.771
449 40 29 37 0.761
932 73 18 24 0.726
955 68 18 28 0.698
979 93 22 30 0.636
911 28 16 23 0.627
996 21 14 21 0.600
905 66 17 25 0.582
770 0 25 16 0.388
930 0 15 14 0.365
1000 98 19 28 0.325
982 65 20 26 0.118
916 68 20 27 0.105
981 77 22 37 0.082
936 0 15 12 0.076
586 11 29 37 0.035
988 3 13 15 0.030
961 66 20 28 0.029
891 135 18 22 0.029
903 56 16 28 0.025
741 145 18 22 0.023
1008 107 14 26 0.021
660 50 21 30 0.020
