0_Parade_marchingband_1_606
24
487 134 34 40 0.827
259 140 30 36 0.823
785 155 39 47 0.817
46 158 32 37 0.816
842 152 29 35 0.802
704 175 26 30 0.787
617 193 25 29 0.785
132 212 25 29 0.740
434 181 19 27 0.662
14 210 20 24 0.519
942 243 21 22 0.402
192 242 19 24 0.303
747 194 15 22 0.109
799 104 22 31 0.109
357 209 19 24 0.062
169 216 15 19 0.061
183 207 24 25 0.048
176 209 23 24 0.037
362 330 10 12 0.037
568 209 16 21 0.035
4 213 16 24 0.034
173 213 17 20 0.030
124 203 23 27 0.024
564 175 17 22 0.022
