0_Parade_Parade_0_239
29
500 375 33 42 0.838
353 292 32 42 0.824
506 293 30 34 0.809
901 279 33 42 0.808
275 303 26 32 0.795
395 286 32 36 0.784
880 326 36 43 0.780
609 294 28 35 0.776
226 318 36 41 0.756
707 290 25 34 0.756
747 291 34 41 0.702
853 308 16 19 0.548
832 307 14 18 0.485
1012 311 12 22 0.244
38 305 34 43 0.141
960 315 20 23 0.139
5 297 12 17 0.100
58 368 23 33 0.071
484 279 19 26 0.063
44 298 28 33 0.048
801 307 15 21 0.044
980 313 15 18 0.037
3 361 24 30 0.034
188 299 27 34 0.033
802 300 23 26 0.025
818 294 17 24 0.025
1011 316 13 27 0.023
899 241 17 21 0.021
1009 305 14 22 0.021
