0_Parade_marchingband_1_552
30
969 383 13 16 0.652
345 369 13 16 0.622
536 372 14 17 0.602
183 379 12 15 0.586
739 380 14 15 0.529
587 377 12 14 0.402
851 392 15 17 0.396
42 359 18 18 0.378
418 380 14 16 0.200
409 381 18 16 0.155
308 374 11 12 0.084
94 353 9 10 0.082
35 360 16 16 0.068
698 347 12 14 0.061
489 370 11 13 0.059
452 360 9 11 0.058
406 383 15 16 0.058
617 349 11 11 0.055
592 376 11 15 0.048
407 379 13 16 0.048
93 354 11 13 0.036
143 362 10 9 0.031
583 380 12 15 0.030
864 397 11 14 0.029
482 374 10 12 0.027
39 363 17 17 0.026
611 351 10 12 0.024
744 380 12 15 0.023
147 364 9 10 0.021
139 364 8 10 0.020
