0_Parade_marchingband_1_188
101
548 517 12 14 0.704
252 502 12 14 0.695
919 486 13 16 0.685
575 567 12 15 0.661
443 548 12 14 0.631
242 325 8 12 0.577
784 384 10 12 0.573
589 325 8 9 0.563
522 366 9 11 0.544
798 360 9 11 0.542
211 417 9 13 0.537
611 280 8 9 0.495
452 321 9 11 0.474
344 320 8 10 0.472
723 302 8 10 0.457
556 265 8 9 0.456
602 410 11 12 0.452
64 324 8 9 0.451
158 368 9 10 0.440
693 283 9 9 0.434
302 376 9 9 0.427
439 274 8 9 0.426
615 434 11 12 0.414
119 334 8 9 0.412
505 280 7 9 0.409
709 407 10 12 0.407
362 253 8 9 0.403
682 306 7 8 0.397
51 430 9 10 0.396
250 264 7 8 0.395
333 268 9 9 0.391
298 248 7 7 0.371
687 351 10 12 0.350
616 370 10 12 0.331
142 210 6 8 0.308
665 391 9 12 0.296
781 184 7 8 0.286
865 384 12 13 0.277
512 213 7 8 0.271
505 394 9 10 0.229
218 177 6 7 0.216
170 385 10 13 0.203
676 387 11 12 0.203
859 427 13 14 0.171
996 243 7 9 0.165
511 251 7 10 0.133
707 370 8 9 0.132
768 229 6 9 0.109
115 588 13 15 0.104
335 251 7 7 0.089
492 177 8 10 0.084
589 362 8 10 0.082
360 253 7 9 0.067
462 444 11 12 0.066
722 334 8 9 0.063
146 211 6 9 0.060
867 380 13 14 0.056
251 142 6 9 0.054
463 438 12 16 0.052
437 274 7 9 0.052
454 349 7 9 0.049
864 380 11 14 0.046
312 394 8 10 0.045
119 587 12 15 0.045
218 175 6 6 0.044
363 269 8 10 0.041
854 430 12 13 0.041
467 431 9 12 0.039
998 247 8 12 0.038
855 426 12 14 0.038
435 256 6 9 0.037
681 386 10 12 0.037
68 324 7 8 0.036
664 389 16 14 0.036
155 371 8 10 0.035
299 372 12 14 0.033
517 229 6 9 0.032
617 389 12 11 0.031
777 448 10 11 0.031
500 400 9 9 0.031
334 249 6 9 0.029
147 214 6 9 0.029
616 371 9 25 0.029
470 430 9 11 0.028
356 322 11 9 0.028
67 422 7 9 0.027
251 241 6 9 0.027
65 423 9 9 0.026
295 387 8 10 0.026
501 395 12 13 0.025
994 243 7 8 0.025
872 386 13 12 0.025
592 325 8 9 0.025
463 447 11 13 0.025
2 572 9 14 0.024
304 370 8 24 0.023
211 424 9 12 0.022
517 218 7 10 0.022
516 228 8 11 0.021
359 319 8 9 0.021
697 327 7 11 0.020
