0_Parade_marchingband_1_445
51
480 146 42 49 0.763
665 120 36 42 0.750
823 113 33 43 0.731
266 107 28 40 0.639
335 97 26 31 0.600
415 124 19 21 0.457
577 143 11 14 0.437
158 105 34 37 0.377
859 129 16 22 0.361
582 0 10 10 0.195
773 109 10 12 0.177
523 4 10 11 0.161
168 106 36 39 0.147
573 58 9 10 0.125
614 65 10 11 0.120
895 133 9 11 0.083
548 26 10 11 0.080
547 7 10 11 0.076
569 172 12 11 0.074
157 107 23 28 0.062
591 120 12 14 0.061
720 141 23 26 0.061
500 10 10 11 0.061
987 151 12 14 0.057
340 99 29 33 0.054
411 73 11 13 0.052
758 82 10 12 0.051
576 26 11 12 0.046
412 129 16 20 0.046
737 84 9 11 0.046
442 3 10 10 0.046
934 110 13 16 0.046
435 128 15 19 0.046
271 0 14 13 0.036
409 75 14 21 0.036
519 94 9 10 0.036
343 159 33 41 0.035
904 237 13 16 0.032
902 113 10 10 0.030
621 6 9 10 0.030
83 167 24 34 0.027
776 89 8 9 0.027
566 54 12 11 0.027
712 134 19 25 0.027
756 134 12 15 0.026
409 88 17 23 0.022
174 101 45 47 0.021
744 68 9 13 0.021
347 109 30 29 0.021
829 120 24 29 0.020
545 8 9 10 0.020
