0_Parade_Parade_0_490
171
120 440 82 90 0.867
771 565 111 130 0.863
766 317 62 85 0.853
102 184 46 55 0.848
899 366 79 101 0.847
730 239 42 48 0.843
384 350 59 74 0.842
526 221 37 44 0.838
176 198 49 65 0.837
594 281 51 64 0.835
241 321 54 68 0.833
758 82 35 41 0.830
475 330 50 66 0.826
16 293 42 49 0.821
670 132 40 56 0.816
350 124 29 34 0.808
503 152 31 40 0.808
12 490 72 79 0.806
279 177 39 47 0.801
746 153 36 43 0.799
716 89 33 36 0.797
824 148 43 47 0.785
911 84 27 32 0.784
877 50 23 32 0.779
401 280 42 57 0.767
930 6 21 27 0.754
595 169 40 53 0.754
668 640 41 59 0.753
547 115 26 34 0.752
27 168 28 31 0.752
174 132 33 38 0.751
434 111 24 31 0.750
969 52 25 37 0.748
571 57 25 30 0.746
242 164 29 35 0.741
73 159 31 33 0.741
384 96 22 28 0.733
635 77 26 31 0.729
939 192 46 43 0.727
448 68 21 27 0.725
493 667 51 76 0.724
597 111 25 34 0.723
275 80 21 26 0.720
224 450 58 66 0.719
671 78 27 32 0.719
851 31 20 26 0.712
357 57 19 24 0.706
60 112 17 20 0.694
135 76 18 22 0.693
537 75 21 30 0.688
537 21 17 22 0.688
381 183 43 49 0.670
954 22 23 30 0.665
439 216 39 44 0.663
441 39 18 21 0.646
233 91 19 24 0.644
902 13 21 27 0.623
372 242 35 46 0.620
5 91 14 18 0.606
0 220 16 42 0.588
86 62 17 21 0.571
501 91 18 26 0.559
1003 166 21 45 0.557
723 39 23 31 0.549
812 29 21 25 0.530
700 19 18 23 0.523
675 9 13 16 0.519
645 23 12 16 0.515
869 211 32 52 0.476
914 292 48 56 0.467
10 140 20 25 0.453
784 15 16 18 0.452
789 46 18 25 0.447
992 29 19 25 0.435
614 5 15 17 0.421
247 56 14 16 0.418
770 249 34 51 0.409
336 119 18 26 0.378
12 378 37 52 0.367
112 146 20 24 0.347
513 23 16 20 0.322
820 95 32 36 0.274
207 18 12 14 0.269
240 128 25 31 0.264
185 45 10 14 0.252
474 66 18 23 0.250
606 28 13 17 0.248
932 15 43 30 0.195
272 146 27 32 0.187
234 86 20 44 0.172
809 7 15 18 0.172
608 19 15 24 0.165
1016 108 8 32 0.162
499 88 40 26 0.161
714 150 27 34 0.160
286 283 44 60 0.157
661 50 20 22 0.131
0 114 8 21 0.128
284 9 12 15 0.124
242 55 15 58 0.120
876 30 20 23 0.117
105 147 30 34 0.117
758 38 19 22 0.112
793 45 22 27 0.107
884 0 17 18 0.090
854 21 17 19 0.088
521 21 11 19 0.087
842 2 14 16 0.084
916 67 23 37 0.082
818 85 28 31 0.080
606 1 14 18 0.079
734 39 20 29 0.076
472 279 42 53 0.074
243 127 26 52 0.074
725 9 14 18 0.068
203 15 12 17 0.065
955 15 20 27 0.064
69 189 30 52 0.057
465 68 25 26 0.054
544 0 10 10 0.054
466 116 26 31 0.053
382 122 18 24 0.052
620 148 26 36 0.050
610 4 14 18 0.049
572 0 12 8 0.046
727 5 15 17 0.046
807 4 25 18 0.042
480 60 19 25 0.041
272 63 15 17 0.038
863 32 30 25 0.038
432 112 53 31 0.037
805 5 49 18 0.036
20 150 27 36 0.035
237 126 22 26 0.034
917 64 20 24 0.033
385 147 23 27 0.033
986 163 38 51 0.033
763 22 20 24 0.032
294 74 15 22 0.032
1015 0 9 15 0.032
316 150 26 36 0.032
383 127 22 43 0.032
903 5 18 24 0.031
731 0 20 21 0.031
80 64 16 21 0.030
0 388 23 64 0.029
270 60 12 16 0.028
696 13 19 21 0.027
0 544 18 74 0.027
399 0 13 8 0.027
904 155 34 43 0.027
787 0 13 11 0.027
392 240 40 47 0.026
27 249 31 36 0.026
760 27 18 21 0.026
798 54 23 29 0.026
507 26 18 20 0.026
783 49 18 24 0.025
368 6 18 19 0.025
769 10 15 22 0.025
950 175 42 55 0.025
604 55 15 20 0.023
686 52 18 23 0.023
827 2 16 18 0.023
770 5 12 17 0.023
442 31 15 20 0.023
296 36 10 12 0.022
351 0 13 13 0.022
161 142 27 29 0.021
676 60 26 38 0.021
537 0 15 34 0.020
