0_Parade_Parade_0_814
114
767 512 20 26 0.687
894 551 17 18 0.672
927 526 18 24 0.665
473 371 12 15 0.653
753 374 11 15 0.595
497 375 13 16 0.587
776 383 12 15 0.531
417 450 15 17 0.527
338 398 10 13 0.496
680 392 12 14 0.486
134 415 8 10 0.483
74 414 9 11 0.470
112 408 8 10 0.416
728 381 11 13 0.400
324 405 8 10 0.372
151 406 9 10 0.360
648 403 10 12 0.346
367 338 13 17 0.340
12 392 9 10 0.337
102 394 8 8 0.323
340 585 27 39 0.320
290 393 8 10 0.316
262 407 9 10 0.313
972 424 11 12 0.308
126 400 8 10 0.261
95 423 9 11 0.256
525 381 10 12 0.245
85 406 8 10 0.241
706 436 10 12 0.231
816 549 11 16 0.209
984 410 8 10 0.185
152 404 11 11 0.167
165 400 7 9 0.132
128 404 9 13 0.131
310 397 12 9 0.129
50 391 8 10 0.127
420 400 11 13 0.125
231 365 15 19 0.121
695 528 20 26 0.113
320 392 8 9 0.111
466 371 48 16 0.108
165 419 9 10 0.095
295 400 8 9 0.089
518 378 14 15 0.085
292 392 9 9 0.083
952 394 9 13 0.077
384 382 9 14 0.076
292 396 7 10 0.076
84 400 7 15 0.073
150 407 14 12 0.072
725 389 12 16 0.072
816 339 7 8 0.071
812 579 15 25 0.071
89 381 7 9 0.068
888 311 18 23 0.068
182 343 12 15 0.067
49 392 15 10 0.066
153 633 25 34 0.063
408 452 14 16 0.063
50 421 9 9 0.061
536 345 16 22 0.061
59 394 9 10 0.061
1007 410 10 10 0.060
168 382 6 7 0.056
881 596 15 21 0.056
289 429 7 9 0.054
1004 409 9 9 0.053
138 385 6 7 0.053
413 383 14 12 0.050
418 383 16 11 0.050
938 402 10 9 0.046
385 385 10 17 0.046
404 390 19 17 0.045
1000 561 13 14 0.045
400 392 16 12 0.045
70 376 7 8 0.044
427 383 8 11 0.044
71 405 9 24 0.043
938 404 12 11 0.042
387 395 9 10 0.041
996 400 7 10 0.041
105 432 9 24 0.040
952 391 8 9 0.039
107 442 8 10 0.038
74 412 13 14 0.038
976 416 14 15 0.037
119 389 11 32 0.033
946 396 16 22 0.033
120 384 13 16 0.032
723 395 9 11 0.032
239 368 13 16 0.032
123 386 20 7 0.031
267 409 8 9 0.030
997 407 19 11 0.030
954 413 11 14 0.030
527 351 15 43 0.030
159 544 15 18 0.030
70 372 6 16 0.029
1015 407 7 24 0.027
418 411 13 62 0.027
1017 423 7 13 0.027
406 398 10 13 0.027
127 410 23 16 0.026
606 538 21 26 0.025
34 433 9 10 0.025
215 389 8 11 0.025
267 404 7 8 0.024
384 391 9 13 0.023
940 409 8 9 0.022
49 387 7 9 0.022
173 407 7 11 0.022
881 311 22 29 0.021
484 392 12 15 0.021
191 563 28 42 0.020
