10_People_Marching_People_Marching_2_395
36
579 181 32 40 0.799
217 159 34 44 0.745
955 177 32 40 0.728
743 214 27 35 0.720
829 211 27 33 0.717
466 179 29 36 0.662
336 231 24 32 0.585
151 167 29 40 0.560
321 226 20 25 0.555
389 206 23 29 0.499
9 229 19 23 0.469
929 142 22 33 0.466
92 171 29 41 0.457
666 215 20 28 0.439
62 225 27 33 0.378
0 232 14 20 0.372
405 212 29 33 0.302
13 256 21 29 0.243
669 213 26 33 0.229
94 189 27 35 0.216
300 343 16 20 0.213
518 202 22 27 0.180
33 198 21 26 0.173
91 163 27 32 0.123
357 262 24 34 0.072
806 193 26 32 0.043
663 217 16 24 0.039
400 207 28 33 0.037
676 220 25 33 0.034
662 225 17 25 0.028
282 259 16 23 0.026
515 210 18 22 0.026
469 193 27 34 0.025
117 186 31 35 0.024
32 196 17 23 0.024
516 188 24 33 0.021
