10_People_Marching_People_Marching_2_1046
47
513 202 50 61 0.843
217 213 21 25 0.755
49 204 22 26 0.740
281 258 16 21 0.735
743 238 19 25 0.685
426 198 17 21 0.674
97 207 16 19 0.667
201 188 16 18 0.660
364 237 16 19 0.656
1006 226 18 27 0.618
580 240 21 26 0.534
169 244 23 28 0.531
135 236 20 23 0.494
874 234 21 23 0.481
684 195 13 15 0.403
585 193 12 13 0.363
711 249 24 41 0.240
178 246 22 30 0.180
210 199 22 37 0.175
149 301 32 48 0.110
0 272 8 19 0.101
787 213 19 23 0.081
1012 295 12 30 0.072
603 213 11 13 0.067
202 162 10 11 0.065
349 219 10 14 0.060
951 201 18 22 0.058
328 195 10 13 0.050
710 236 24 41 0.048
390 195 11 15 0.044
716 232 21 31 0.040
607 213 14 14 0.039
878 225 18 22 0.035
10 205 14 18 0.035
728 232 25 32 0.034
625 215 11 15 0.031
356 232 14 19 0.029
406 194 13 15 0.027
653 237 19 27 0.027
599 211 13 14 0.026
168 218 13 16 0.026
163 245 17 21 0.024
395 192 15 16 0.024
876 241 23 25 0.022
326 250 11 15 0.022
0 264 11 30 0.020
3 202 16 19 0.020
