10_People_Marching_People_Marching_2_591
380
850 181 30 36 0.753
597 184 20 26 0.739
527 1274 20 25 0.727
755 194 25 32 0.723
672 190 22 31 0.718
212 185 19 25 0.712
458 184 20 27 0.707
276 189 18 24 0.691
39 174 21 26 0.688
155 184 18 22 0.681
508 1121 16 20 0.680
895 156 46 56 0.671
610 1279 20 25 0.666
512 1181 21 26 0.662
425 1217 20 25 0.658
566 1301 21 25 0.645
415 181 18 24 0.630
83 177 21 25 0.622
574 1250 19 26 0.622
842 1242 20 26 0.622
538 1222 18 24 0.618
360 1140 15 20 0.599
334 188 17 22 0.592
46 1106 16 19 0.578
646 1283 18 24 0.565
805 1298 19 26 0.558
413 1132 16 20 0.556
498 1227 18 24 0.555
448 1142 16 21 0.552
734 1269 18 25 0.552
321 1137 16 20 0.536
620 1226 18 21 0.532
47 1214 15 19 0.530
281 1252 19 23 0.522
352 1256 21 25 0.513
771 1267 19 25 0.475
319 1290 20 25 0.468
873 1342 18 26 0.463
452 1275 17 23 0.453
486 1267 19 25 0.451
568 1189 18 22 0.443
291 1173 17 22 0.440
154 1377 21 32 0.430
369 199 17 21 0.428
413 1286 21 28 0.419
75 1125 15 18 0.418
695 1267 17 23 0.406
105 1169 16 19 0.393
610 1139 18 21 0.387
41 1186 17 21 0.379
554 1354 22 25 0.379
128 1155 17 21 0.376
642 1347 21 24 0.368
218 1243 21 26 0.366
456 1196 19 24 0.364
529 1330 18 25 0.362
934 1164 15 19 0.357
741 1187 20 22 0.354
358 1214 20 25 0.351
583 1188 18 23 0.348
384 1169 17 19 0.328
73 1155 17 21 0.328
391 189 16 20 0.320
326 1231 17 23 0.319
507 211 22 22 0.305
267 1461 29 17 0.291
150 1196 15 18 0.290
985 1199 14 19 0.287
736 1123 15 18 0.283
162 1062 15 18 0.281
205 1146 17 24 0.281
279 1169 18 20 0.274
336 1175 16 19 0.266
241 1166 15 21 0.254
603 1353 19 28 0.251
162 1163 16 21 0.248
574 1187 20 25 0.240
716 1115 14 17 0.236
352 1206 18 25 0.229
654 1210 15 21 0.228
646 1204 19 24 0.220
511 1348 19 26 0.215
249 1127 14 18 0.213
666 1242 16 22 0.213
422 1264 18 25 0.213
891 1304 18 24 0.210
284 1089 16 21 0.210
758 1240 18 25 0.207
251 1217 17 23 0.206
685 1147 16 21 0.206
679 1109 15 19 0.205
113 1390 21 28 0.202
129 183 19 25 0.201
163 1217 15 18 0.196
871 1182 17 20 0.195
814 1162 16 19 0.193
757 1131 14 16 0.185
697 1326 20 27 0.184
516 1242 19 23 0.182
461 1193 18 24 0.179
7 1113 14 19 0.176
695 1176 16 21 0.172
505 205 20 25 0.170
575 1126 16 20 0.164
811 1294 19 27 0.162
759 1114 15 18 0.162
902 1104 15 18 0.161
876 710 11 12 0.160
0 1151 8 20 0.158
582 1163 16 20 0.156
148 1125 16 18 0.151
397 1220 15 23 0.147
390 1168 18 22 0.146
939 1087 12 16 0.136
205 1139 18 21 0.135
116 1126 19 21 0.135
178 1235 16 19 0.133
389 1276 22 28 0.128
884 1298 21 26 0.128
568 1169 19 52 0.127
630 1214 32 25 0.125
911 1130 15 19 0.124
155 1204 16 23 0.123
392 1281 27 29 0.121
535 1114 16 20 0.121
520 1331 27 34 0.119
729 1270 40 24 0.119
222 1194 16 21 0.118
477 1178 19 28 0.116
300 1146 19 23 0.116
753 1123 18 23 0.115
603 1102 13 16 0.115
219 1188 17 20 0.113
768 1088 13 17 0.113
180 1086 18 22 0.112
363 1220 17 22 0.112
109 1122 22 24 0.112
741 1161 19 66 0.110
148 1093 17 19 0.110
814 1131 15 23 0.109
3 1184 15 22 0.109
102 1116 20 20 0.107
250 1207 17 23 0.107
343 1247 23 28 0.107
649 1113 17 20 0.107
488 1250 19 52 0.103
768 1376 19 23 0.103
669 187 19 29 0.102
157 1216 16 20 0.102
210 1132 17 20 0.102
961 1104 15 17 0.096
297 1158 17 23 0.096
761 1112 18 17 0.094
5 1216 16 19 0.094
589 1196 19 24 0.093
663 1229 19 38 0.092
990 691 10 13 0.090
907 701 10 11 0.090
202 1221 16 20 0.089
347 1195 23 42 0.089
669 1110 23 20 0.088
181 1135 16 19 0.086
913 1238 22 29 0.084
172 1224 17 25 0.084
835 1104 13 17 0.083
324 1240 23 26 0.083
907 1348 19 25 0.083
228 1088 14 18 0.083
91 1114 22 20 0.082
6 1120 16 23 0.078
40 1102 38 31 0.077
794 1335 19 25 0.076
815 1138 14 40 0.075
866 1185 18 23 0.074
913 1135 15 19 0.074
854 1107 14 17 0.074
655 1122 19 23 0.073
668 1133 15 23 0.072
865 1137 15 20 0.071
350 1203 21 106 0.071
285 1257 19 24 0.071
95 1087 20 20 0.070
549 1189 22 23 0.067
398 1174 18 25 0.067
542 1193 19 24 0.066
252 1128 16 29 0.066
627 1100 15 19 0.065
736 1161 16 20 0.065
834 719 10 13 0.064
200 1235 17 25 0.064
934 1127 15 19 0.063
752 1287 18 26 0.063
450 1138 20 34 0.063
585 1095 12 14 0.062
49 1155 23 21 0.061
818 1076 17 20 0.061
590 1186 20 24 0.060
690 1324 21 27 0.059
914 1245 26 30 0.058
73 1207 15 19 0.057
87 1086 17 18 0.056
148 1107 16 32 0.056
468 1315 20 28 0.056
879 1179 14 19 0.056
946 1311 20 26 0.056
798 1341 18 25 0.056
1005 190 19 23 0.055
550 1144 17 21 0.055
327 1075 16 18 0.055
785 682 11 14 0.054
206 1244 21 22 0.054
79 1202 21 22 0.054
384 186 20 22 0.053
788 1225 17 23 0.053
271 1145 34 63 0.052
207 1217 25 30 0.052
487 1190 15 24 0.052
224 1204 37 19 0.051
553 1214 44 67 0.051
706 1113 28 21 0.051
570 1121 23 30 0.050
723 1267 76 29 0.050
958 699 11 11 0.050
628 1096 14 38 0.050
737 1100 13 19 0.050
285 1094 23 22 0.049
295 1133 18 23 0.049
279 1234 57 43 0.049
305 1208 18 21 0.048
585 1132 18 25 0.048
909 1248 20 25 0.048
159 1058 21 40 0.047
110 1132 18 20 0.046
627 1203 28 21 0.046
916 1075 18 17 0.045
541 201 16 21 0.045
11 1098 14 20 0.045
708 1266 17 22 0.045
758 1065 16 17 0.045
876 1289 20 28 0.044
102 1087 15 19 0.044
124 1253 16 20 0.044
477 1156 13 35 0.044
719 1344 21 28 0.044
770 691 11 13 0.044
233 1087 16 19 0.043
702 1125 25 19 0.043
978 694 16 12 0.043
881 1278 28 51 0.043
881 1079 14 15 0.043
245 1184 19 27 0.042
242 1121 17 21 0.042
97 1176 20 28 0.042
668 1250 24 27 0.042
831 715 12 15 0.041
490 1222 19 25 0.041
730 1358 19 26 0.041
661 1305 18 27 0.041
162 1381 20 28 0.040
567 1130 22 25 0.040
690 1126 17 85 0.040
694 1213 16 153 0.040
708 1218 20 27 0.040
339 1196 19 25 0.039
984 1196 18 33 0.039
441 173 16 21 0.039
657 1314 19 25 0.038
353 1132 16 25 0.038
563 1238 17 178 0.038
261 1197 18 20 0.038
893 1127 15 19 0.038
807 1118 18 22 0.037
475 1151 15 24 0.037
899 1188 19 24 0.037
635 1142 17 21 0.037
232 1267 17 24 0.037
870 1143 16 19 0.037
928 1252 18 24 0.037
399 1266 24 26 0.036
830 1092 16 32 0.036
842 1107 30 17 0.036
623 1117 17 43 0.036
929 1052 12 15 0.036
266 1125 19 19 0.036
726 1351 25 26 0.035
143 183 21 25 0.035
508 1113 25 22 0.035
748 1233 20 25 0.035
814 1080 17 24 0.034
618 1349 38 24 0.034
564 1231 18 23 0.034
198 1213 18 22 0.034
942 699 11 10 0.034
816 1298 25 26 0.034
7 1205 15 26 0.034
6 1131 18 23 0.034
591 1208 16 22 0.034
919 701 13 11 0.032
115 1116 18 24 0.032
782 1218 18 23 0.032
969 1166 21 21 0.032
958 1168 19 21 0.032
547 1128 21 29 0.032
173 1077 31 34 0.032
1009 1123 14 26 0.031
753 714 12 14 0.031
732 1112 35 38 0.031
764 1064 12 12 0.031
914 1218 19 22 0.031
121 1260 16 21 0.031
112 1108 30 67 0.030
979 1204 20 22 0.030
829 1208 18 25 0.030
997 1314 22 26 0.030
258 1201 37 93 0.029
846 1101 20 23 0.029
490 1273 20 24 0.029
909 1077 18 18 0.029
876 1186 19 23 0.029
445 177 24 24 0.029
523 203 31 22 0.029
278 1252 19 38 0.029
774 1310 20 27 0.028
1006 1135 15 19 0.028
276 1104 16 33 0.028
723 1073 16 15 0.027
359 1396 22 31 0.027
79 1209 18 24 0.027
776 1109 31 17 0.027
264 1130 48 109 0.026
687 1288 19 26 0.026
79 1084 20 26 0.026
714 1223 18 23 0.026
1011 1119 13 20 0.026
104 1191 19 33 0.026
0 1121 13 90 0.026
679 1293 23 26 0.025
713 1100 44 62 0.025
301 1105 23 20 0.025
600 1102 19 22 0.025
42 1167 18 29 0.024
726 1072 9 12 0.024
473 1225 20 25 0.024
993 1244 23 23 0.024
364 1104 16 28 0.024
677 1301 29 41 0.024
223 1104 45 61 0.024
82 1093 28 35 0.024
955 698 19 13 0.023
994 1125 29 22 0.023
924 1242 18 26 0.023
518 212 22 19 0.023
847 1201 24 24 0.023
445 1277 20 25 0.023
764 688 13 18 0.023
547 1104 16 17 0.023
103 1235 20 20 0.022
303 1086 36 112 0.022
749 1100 28 32 0.022
468 1129 16 21 0.022
795 1232 16 21 0.022
667 1092 18 25 0.022
307 1214 26 29 0.022
815 712 16 14 0.022
628 1316 20 25 0.021
734 1303 23 33 0.021
745 1350 21 23 0.021
926 737 11 12 0.021
747 1298 18 32 0.021
922 1083 34 24 0.021
146 1084 20 90 0.021
504 1351 22 26 0.020
641 1316 24 26 0.020
760 1277 23 30 0.020
372 1179 23 27 0.020
266 1146 18 33 0.020
384 1206 18 25 0.020
312 1250 24 26 0.020
856 1117 15 22 0.020
1007 1243 17 26 0.020
