10_People_Marching_People_Marching_2_668
42
657 307 34 39 0.830
296 351 36 42 0.820
100 262 31 41 0.806
540 293 31 36 0.804
409 310 43 49 0.799
192 298 38 44 0.798
769 316 26 30 0.779
604 305 24 29 0.764
857 314 22 26 0.749
921 333 17 22 0.742
370 330 21 25 0.680
461 317 26 32 0.674
513 316 20 23 0.650
985 330 15 18 0.615
957 330 15 17 0.606
902 347 15 16 0.183
1004 339 13 16 0.144
306 317 19 22 0.093
986 325 13 17 0.087
499 311 15 21 0.081
346 318 13 15 0.076
910 341 17 19 0.074
289 306 9 11 0.072
643 328 17 24 0.071
650 318 30 32 0.069
357 315 13 15 0.058
945 342 14 16 0.056
451 319 27 31 0.048
374 313 13 16 0.048
1010 342 12 15 0.045
982 333 16 19 0.043
828 340 12 12 0.043
44 300 7 8 0.037
641 289 16 23 0.036
601 311 20 24 0.033
1006 330 13 19 0.032
882 316 14 19 0.027
272 309 11 12 0.025
829 336 16 19 0.024
344 317 25 20 0.024
302 313 14 16 0.022
860 320 32 23 0.021
