10_People_Marching_People_Marching_2_277
67
47 183 48 68 0.786
620 185 32 38 0.778
837 184 27 31 0.749
367 182 28 33 0.738
259 168 21 25 0.699
415 177 33 40 0.676
328 177 21 27 0.676
503 191 26 31 0.674
755 189 27 30 0.658
870 192 18 23 0.651
229 170 18 23 0.621
972 189 19 22 0.599
913 183 22 24 0.591
673 193 22 27 0.590
790 190 20 23 0.484
940 184 15 16 0.477
817 189 20 25 0.467
556 176 14 16 0.452
1011 184 13 18 0.419
466 178 18 21 0.331
599 182 21 26 0.326
26 167 7 9 0.266
823 187 25 29 0.256
714 186 15 18 0.216
195 264 17 19 0.180
998 192 12 15 0.180
959 175 14 15 0.172
733 191 17 22 0.154
964 173 12 15 0.115
890 197 14 17 0.113
847 187 26 29 0.105
999 185 20 21 0.101
495 173 13 15 0.093
999 176 12 12 0.086
311 182 10 11 0.082
0 152 8 14 0.077
542 174 17 20 0.066
944 180 18 18 0.064
575 157 10 13 0.056
796 188 22 23 0.056
721 188 29 18 0.043
738 202 16 22 0.040
5 196 20 25 0.040
23 171 8 11 0.038
890 190 16 20 0.037
21 202 16 17 0.035
664 188 23 28 0.035
551 172 20 24 0.035
444 179 25 28 0.033
995 175 13 12 0.030
535 174 20 21 0.030
494 172 18 28 0.030
704 182 14 17 0.030
552 205 15 20 0.030
600 154 10 10 0.028
411 170 27 30 0.028
879 185 20 24 0.025
56 254 12 16 0.025
296 178 13 13 0.025
481 177 20 20 0.024
18 200 27 38 0.024
2 198 26 37 0.024
459 183 22 24 0.023
490 196 17 25 0.023
551 180 18 35 0.023
688 179 26 24 0.022
712 185 24 27 0.022
