10_People_Marching_People_Marching_10_People_Marching_People_Marching_10_499
36
543 27 22 23 0.623
564 291 21 22 0.535
381 244 26 28 0.506
739 84 27 27 0.495
643 75 22 24 0.438
496 273 24 27 0.421
595 68 29 28 0.394
450 271 25 28 0.296
908 35 32 35 0.238
814 123 39 28 0.164
369 166 17 20 0.163
791 4 27 28 0.144
788 148 36 28 0.124
557 291 21 23 0.105
932 98 36 35 0.103
801 133 43 31 0.098
896 54 33 34 0.096
441 276 28 27 0.090
900 41 36 38 0.070
374 203 22 24 0.062
732 76 28 31 0.052
504 267 22 29 0.050
569 285 18 24 0.031
827 124 39 26 0.030
458 269 22 25 0.028
844 0 22 11 0.028
99 355 38 39 0.026
672 152 21 28 0.026
377 250 23 24 0.025
628 71 29 27 0.024
797 155 31 30 0.024
734 60 32 33 0.023
387 238 24 30 0.022
535 24 25 23 0.021
640 65 27 27 0.020
780 148 30 28 0.020
