10_People_Marching_People_Marching_2_269
134
769 238 25 33 0.807
749 193 9 12 0.555
656 191 8 10 0.521
67 219 13 15 0.500
725 197 10 12 0.490
245 207 11 14 0.483
724 181 10 12 0.370
200 218 13 14 0.344
694 182 8 10 0.323
603 194 9 11 0.323
943 180 9 11 0.236
674 195 9 11 0.232
652 212 11 12 0.210
342 196 7 9 0.210
668 183 7 8 0.202
605 199 11 14 0.199
774 188 9 11 0.198
948 193 9 12 0.194
254 252 12 14 0.143
889 176 9 11 0.143
228 209 8 11 0.137
694 185 14 9 0.134
572 195 6 8 0.130
919 171 9 12 0.120
332 203 8 8 0.117
478 206 10 13 0.116
610 199 11 14 0.114
695 188 9 11 0.113
198 220 10 13 0.107
461 256 8 9 0.105
941 235 14 19 0.104
761 181 8 9 0.103
664 183 11 13 0.102
142 221 6 8 0.093
808 186 7 10 0.090
7 218 10 11 0.084
496 201 11 13 0.082
395 202 8 10 0.082
967 180 12 16 0.078
944 179 9 22 0.077
724 194 16 16 0.076
846 190 8 10 0.075
528 216 8 10 0.073
651 194 33 10 0.072
232 208 21 13 0.070
87 220 10 13 0.070
1014 190 8 13 0.069
965 177 11 26 0.069
547 237 8 9 0.066
812 217 9 13 0.065
328 205 7 7 0.063
0 250 8 14 0.062
488 260 7 8 0.062
283 218 7 9 0.061
964 178 11 12 0.057
653 198 12 16 0.057
791 224 12 15 0.055
381 206 7 8 0.054
634 191 18 9 0.054
744 224 10 19 0.053
943 237 21 17 0.053
808 183 7 8 0.053
397 198 7 14 0.053
94 197 11 12 0.050
809 185 8 20 0.049
196 224 9 10 0.049
138 224 11 8 0.048
433 197 7 7 0.048
861 179 11 13 0.047
5 235 10 13 0.046
917 171 18 12 0.045
864 180 10 13 0.045
612 190 17 10 0.045
628 191 15 9 0.044
160 226 6 7 0.044
101 232 8 10 0.044
989 175 11 13 0.044
474 213 10 10 0.041
128 225 6 8 0.040
41 216 10 11 0.040
933 167 9 12 0.039
955 239 14 16 0.039
768 182 11 10 0.038
632 202 9 11 0.037
642 192 25 12 0.037
967 186 15 15 0.037
920 171 10 21 0.036
141 227 6 7 0.036
875 196 9 11 0.036
377 207 8 7 0.036
702 220 10 13 0.035
98 182 11 15 0.034
436 195 7 8 0.034
306 203 6 6 0.034
434 194 9 14 0.033
706 225 9 11 0.033
104 210 9 14 0.033
793 181 9 9 0.033
802 180 14 19 0.032
537 197 10 13 0.031
771 186 14 16 0.031
631 186 12 23 0.031
54 212 15 12 0.031
697 188 17 22 0.031
229 212 10 15 0.030
946 165 9 11 0.030
675 197 10 12 0.029
665 201 14 12 0.029
709 182 9 9 0.029
555 189 10 23 0.029
889 193 8 9 0.028
936 168 12 24 0.027
278 211 8 11 0.027
397 378 9 13 0.027
585 191 14 9 0.026
890 178 9 12 0.026
920 169 11 11 0.025
483 256 12 9 0.025
478 203 22 16 0.025
104 211 8 25 0.024
399 194 6 14 0.024
555 193 8 12 0.024
519 198 21 14 0.024
811 205 9 26 0.023
75 217 11 16 0.023
755 178 13 26 0.023
943 179 25 35 0.022
435 208 7 12 0.022
789 193 12 15 0.022
654 188 10 41 0.022
644 214 12 17 0.021
1016 200 8 26 0.021
175 236 7 8 0.021
390 198 17 16 0.020
