10_People_Marching_People_Marching_2_236
35
464 160 28 36 0.670
918 124 11 16 0.611
37 122 12 14 0.524
0 123 10 13 0.494
974 124 13 14 0.418
554 126 13 16 0.412
875 130 11 13 0.385
473 116 16 20 0.355
994 308 17 24 0.347
805 134 17 19 0.343
831 120 12 15 0.318
137 117 15 16 0.315
715 127 12 15 0.244
603 114 16 18 0.192
708 124 18 17 0.182
702 118 13 16 0.161
721 125 14 15 0.079
701 115 12 14 0.064
471 112 14 19 0.062
281 231 15 20 0.059
980 199 15 20 0.049
141 115 17 16 0.044
149 143 14 14 0.041
728 126 13 16 0.039
833 99 10 12 0.038
14 154 13 16 0.037
793 106 12 15 0.035
579 125 11 13 0.031
869 130 12 15 0.027
462 168 20 30 0.026
580 121 20 15 0.025
55 192 12 15 0.024
609 112 15 18 0.022
624 120 14 17 0.021
309 215 12 13 0.021
