10_People_Marching_People_Marching_10_People_Marching_People_Marching_10_People_Marching_People_Marching_10_933
23
111 202 38 47 0.789
539 156 28 35 0.738
983 140 20 29 0.571
809 48 12 16 0.075
673 10 15 18 0.072
544 280 26 30 0.067
232 10 15 20 0.054
519 177 24 27 0.041
954 0 13 13 0.040
179 0 13 10 0.035
753 29 11 16 0.034
975 0 10 10 0.034
715 39 12 18 0.031
748 181 16 25 0.028
319 71 14 22 0.028
816 49 13 17 0.025
776 181 14 25 0.024
0 5 16 19 0.024
13 10 13 18 0.024
7 5 16 20 0.024
280 53 19 25 0.024
949 23 10 12 0.023
289 139 17 23 0.022
