10_People_Marching_People_Marching_2_27
55
363 182 28 36 0.791
832 226 31 37 0.781
575 190 36 45 0.778
704 203 35 39 0.771
913 212 30 39 0.759
433 184 29 38 0.753
212 202 24 30 0.752
861 204 26 33 0.748
538 195 31 38 0.745
790 229 27 33 0.741
915 266 33 46 0.740
646 181 29 36 0.736
38 204 29 37 0.719
611 210 31 37 0.719
484 195 24 28 0.718
519 194 24 33 0.709
18 187 26 34 0.705
305 183 33 37 0.694
265 194 24 31 0.676
653 219 25 33 0.666
989 206 24 37 0.641
206 188 20 24 0.594
0 187 14 32 0.588
132 196 30 33 0.545
162 183 25 34 0.468
419 220 19 23 0.262
73 215 22 29 0.239
759 228 23 31 0.216
158 178 21 29 0.131
769 208 22 28 0.130
125 198 23 29 0.094
141 294 30 37 0.093
854 2 52 54 0.088
706 185 30 35 0.078
462 160 24 31 0.075
891 218 24 33 0.069
300 185 24 30 0.066
611 200 22 28 0.065
341 188 20 28 0.061
537 176 21 24 0.058
122 201 17 26 0.057
142 192 29 34 0.043
68 206 18 29 0.037
112 216 24 35 0.035
905 200 22 26 0.031
87 143 20 26 0.030
19 179 22 28 0.029
164 194 28 33 0.026
570 183 30 39 0.025
967 200 20 28 0.025
0 197 17 34 0.024
81 219 25 29 0.024
124 207 22 32 0.021
999 203 24 40 0.021
767 201 19 25 0.021
