10_People_Marching_People_Marching_2_36
85
950 334 34 40 0.812
223 315 26 35 0.779
816 331 30 36 0.778
502 321 27 34 0.773
306 334 31 37 0.767
467 305 27 37 0.767
558 327 28 31 0.763
259 322 28 35 0.762
650 306 25 29 0.760
428 303 25 32 0.757
382 294 28 32 0.756
696 302 30 37 0.754
32 287 17 21 0.739
752 316 30 34 0.724
189 309 25 34 0.722
673 271 15 18 0.691
153 304 27 35 0.665
13 311 17 19 0.658
113 287 21 29 0.652
855 290 15 18 0.631
904 303 12 17 0.631
974 293 14 18 0.628
831 293 15 18 0.622
295 272 27 35 0.615
59 237 15 16 0.575
93 307 18 22 0.559
815 293 13 17 0.552
132 293 21 28 0.533
51 409 14 16 0.513
930 294 14 18 0.488
593 273 18 22 0.473
1007 291 12 16 0.465
960 280 14 16 0.388
545 282 21 26 0.370
323 285 28 33 0.370
608 301 22 28 0.368
632 291 16 21 0.358
523 283 21 21 0.350
333 283 30 35 0.262
254 229 16 19 0.227
828 291 32 18 0.207
16 303 21 22 0.188
596 283 22 27 0.185
567 290 16 15 0.172
717 281 15 15 0.153
784 293 15 15 0.142
622 295 20 24 0.129
528 281 25 23 0.128
692 284 14 19 0.121
596 292 43 38 0.111
319 292 23 27 0.105
17 429 14 15 0.101
764 285 9 12 0.086
60 374 11 15 0.083
939 284 13 17 0.074
558 292 23 22 0.073
869 314 10 13 0.068
690 287 23 29 0.068
641 293 14 18 0.060
555 282 20 23 0.052
693 293 28 36 0.050
288 304 25 39 0.049
732 300 18 22 0.047
955 299 12 16 0.046
765 287 16 13 0.040
0 386 7 20 0.040
1003 286 13 20 0.035
347 288 26 30 0.035
792 291 11 13 0.034
283 317 24 32 0.034
789 293 15 17 0.031
732 308 20 25 0.030
548 275 18 21 0.027
704 280 25 18 0.026
636 288 15 19 0.026
822 291 23 24 0.025
1014 307 10 19 0.025
789 290 27 23 0.025
606 293 23 26 0.024
30 338 17 22 0.023
758 287 14 16 0.022
532 313 26 28 0.022
157 295 24 32 0.021
549 291 23 26 0.021
970 289 20 25 0.020
