10_People_Marching_People_Marching_10_People_Marching_People_Marching_10_447
852
967 474 25 33 0.748
175 829 24 30 0.736
850 652 25 29 0.728
568 752 28 33 0.725
965 391 24 31 0.724
68 444 23 29 0.718
410 452 24 32 0.718
768 742 27 33 0.714
873 624 22 29 0.712
275 546 23 28 0.711
14 290 22 28 0.709
488 326 23 28 0.707
34 685 27 33 0.707
131 793 24 29 0.704
926 615 26 32 0.702
383 645 24 29 0.698
232 637 22 28 0.696
669 508 24 30 0.696
261 437 21 28 0.695
463 480 28 32 0.694
719 46 21 26 0.690
170 470 26 31 0.689
809 308 23 28 0.689
620 3 20 25 0.685
613 363 25 30 0.682
256 569 22 27 0.682
280 367 23 28 0.680
248 484 24 29 0.677
862 471 25 30 0.669
253 808 23 30 0.669
296 334 21 26 0.667
830 525 23 29 0.665
72 648 21 27 0.664
848 11 17 22 0.659
806 637 23 30 0.659
557 634 23 27 0.655
568 274 22 27 0.653
108 535 23 29 0.653
952 25 20 25 0.651
638 673 26 29 0.648
685 266 21 26 0.647
358 510 19 26 0.647
490 153 23 30 0.641
736 333 20 24 0.640
187 573 21 28 0.636
222 339 21 26 0.636
853 292 21 26 0.635
150 177 19 26 0.633
883 404 25 29 0.632
49 76 18 24 0.632
663 440 22 27 0.629
142 346 20 24 0.629
340 252 20 25 0.627
15 454 21 26 0.626
678 363 25 30 0.623
272 280 19 25 0.622
979 271 22 27 0.621
704 19 20 25 0.620
333 158 19 25 0.619
773 496 23 28 0.618
897 198 22 27 0.616
294 231 22 27 0.615
310 642 24 29 0.613
766 360 22 25 0.610
893 239 22 26 0.603
609 692 24 26 0.600
832 243 21 27 0.599
37 783 23 31 0.599
906 69 19 24 0.596
86 193 22 25 0.596
214 882 26 32 0.595
521 351 24 29 0.591
124 450 23 27 0.590
410 165 25 30 0.587
459 301 24 28 0.584
502 289 22 26 0.584
646 271 23 28 0.583
878 2 20 24 0.582
546 36 20 23 0.579
663 150 23 27 0.577
635 239 20 25 0.577
838 196 23 27 0.576
255 71 24 27 0.574
571 227 20 25 0.574
741 136 20 24 0.574
286 587 20 23 0.569
667 46 21 26 0.569
995 367 21 28 0.566
191 124 20 25 0.565
902 160 22 27 0.564
792 704 24 28 0.562
194 428 24 28 0.561
935 329 18 25 0.559
760 407 22 27 0.556
608 267 20 25 0.556
158 727 23 29 0.554
405 798 30 36 0.554
706 232 22 26 0.554
871 109 20 26 0.554
600 156 22 28 0.550
565 333 20 26 0.549
213 100 19 25 0.549
148 670 21 28 0.548
417 349 21 26 0.547
208 64 18 21 0.546
459 185 21 26 0.544
328 427 22 27 0.544
994 106 22 27 0.543
955 103 19 26 0.541
758 105 21 29 0.539
679 315 18 24 0.537
463 40 16 19 0.537
873 325 21 26 0.536
502 38 21 25 0.535
678 134 22 25 0.535
479 112 22 26 0.535
177 604 25 27 0.531
905 437 22 28 0.530
837 46 22 27 0.530
79 895 26 33 0.527
514 78 20 24 0.527
496 414 21 29 0.526
858 587 22 28 0.520
108 59 20 24 0.515
783 19 22 25 0.513
530 179 21 25 0.510
630 94 20 24 0.507
871 379 22 28 0.492
491 786 43 47 0.480
299 399 22 28 0.480
1006 184 16 24 0.479
175 908 23 28 0.478
700 653 21 28 0.474
827 365 20 26 0.472
64 104 19 23 0.471
123 590 22 28 0.465
192 8 18 23 0.456
19 154 20 24 0.449
162 718 26 29 0.446
545 134 21 26 0.445
962 202 20 24 0.443
591 62 21 25 0.433
400 84 25 30 0.432
51 3 20 23 0.432
520 430 24 28 0.427
336 467 21 25 0.426
639 396 23 28 0.425
83 621 20 25 0.424
974 355 20 24 0.424
250 754 24 29 0.421
561 106 23 27 0.420
773 201 21 29 0.419
170 539 22 23 0.419
0 733 15 29 0.414
226 294 22 23 0.404
231 394 24 28 0.403
414 389 22 26 0.403
754 538 24 29 0.403
206 538 20 24 0.402
603 523 23 30 0.393
434 510 23 28 0.392
339 366 20 26 0.392
784 268 22 28 0.390
251 122 17 21 0.388
957 703 27 27 0.388
723 455 24 27 0.388
4 249 17 24 0.387
462 100 18 25 0.387
651 116 22 26 0.386
420 281 22 26 0.385
699 113 19 25 0.384
992 340 20 28 0.379
993 527 21 25 0.372
810 118 21 24 0.372
17 227 18 22 0.371
900 731 24 30 0.370
457 249 19 22 0.370
319 577 22 28 0.367
971 165 19 24 0.364
513 255 20 24 0.362
660 480 21 24 0.357
528 252 20 25 0.356
111 126 19 22 0.353
741 424 20 25 0.350
567 157 19 25 0.349
315 203 22 28 0.345
891 353 21 26 0.344
128 314 21 27 0.333
763 0 18 14 0.328
651 203 21 29 0.327
718 366 24 26 0.327
849 46 22 27 0.325
200 392 24 27 0.322
545 147 19 25 0.321
404 285 22 26 0.317
234 293 23 24 0.316
984 0 16 12 0.312
54 585 22 26 0.305
318 262 15 21 0.299
955 308 22 29 0.296
818 816 28 39 0.296
718 294 19 24 0.295
71 540 20 27 0.295
167 605 23 26 0.295
531 0 24 17 0.294
150 392 23 25 0.291
533 272 19 23 0.290
721 0 17 17 0.290
110 506 22 26 0.288
626 333 22 27 0.288
37 590 19 23 0.284
319 741 25 31 0.282
805 421 24 30 0.281
696 92 20 27 0.280
181 584 23 43 0.278
523 398 17 22 0.278
426 28 20 24 0.277
605 129 31 28 0.276
724 177 25 30 0.276
870 267 20 24 0.275
437 0 18 15 0.275
620 54 18 24 0.274
357 681 20 26 0.273
463 224 22 26 0.272
267 556 25 34 0.271
37 187 18 26 0.271
25 634 22 29 0.270
531 507 22 27 0.269
457 284 25 33 0.266
468 106 22 28 0.264
774 189 22 29 0.263
380 237 17 28 0.262
816 146 22 27 0.262
67 836 24 29 0.260
8 74 19 24 0.258
663 0 19 21 0.257
698 86 20 24 0.256
144 50 18 22 0.253
627 72 19 28 0.252
946 227 24 28 0.251
63 481 20 28 0.251
283 494 21 27 0.246
595 453 21 27 0.246
526 0 18 17 0.246
966 586 20 28 0.245
838 347 22 27 0.244
39 586 31 25 0.244
586 488 24 30 0.240
30 504 22 26 0.240
550 382 23 26 0.239
62 491 19 28 0.239
319 493 20 26 0.238
856 427 22 25 0.237
713 373 21 27 0.235
1002 223 20 31 0.232
419 408 23 30 0.231
126 583 25 32 0.227
42 838 24 30 0.225
567 0 22 19 0.224
694 0 21 17 0.224
19 537 22 26 0.222
137 559 20 26 0.222
920 264 21 28 0.218
152 875 20 34 0.217
708 378 21 27 0.215
827 167 20 25 0.215
146 412 23 28 0.214
541 466 25 32 0.210
748 82 18 22 0.207
350 405 20 29 0.207
530 256 19 34 0.207
406 224 24 30 0.206
506 248 20 24 0.202
178 306 22 25 0.202
157 738 20 25 0.201
909 0 23 19 0.201
322 7 22 26 0.200
782 420 20 26 0.199
313 306 22 28 0.197
182 373 18 25 0.196
0 585 16 25 0.196
145 395 25 34 0.193
446 224 21 27 0.189
576 0 18 17 0.189
463 454 23 22 0.188
41 893 22 28 0.187
657 356 21 25 0.185
507 253 36 24 0.184
911 349 20 24 0.181
636 477 20 23 0.181
451 353 21 27 0.180
239 293 22 30 0.179
956 779 56 56 0.179
362 543 18 27 0.178
659 48 22 26 0.177
45 661 20 25 0.177
254 760 25 29 0.176
763 712 25 27 0.175
597 123 23 26 0.175
614 421 25 30 0.174
193 652 22 27 0.172
324 256 23 24 0.172
412 396 22 27 0.171
688 769 41 47 0.169
590 408 23 27 0.168
354 330 17 25 0.167
524 423 26 40 0.166
769 215 19 26 0.164
778 455 24 33 0.164
869 445 25 30 0.164
136 571 21 29 0.162
878 110 23 26 0.161
811 117 21 45 0.160
704 539 27 29 0.159
777 117 20 27 0.159
565 305 21 57 0.159
156 388 23 25 0.159
384 259 16 27 0.158
775 242 21 26 0.158
464 382 25 29 0.156
882 512 18 29 0.155
738 173 31 28 0.155
524 184 23 26 0.154
393 134 17 26 0.153
962 102 20 27 0.152
714 286 20 28 0.152
927 388 20 26 0.151
170 41 17 23 0.151
778 471 23 38 0.151
748 614 22 26 0.150
791 522 26 30 0.149
41 127 20 25 0.147
877 2 42 22 0.147
419 706 21 28 0.146
767 277 20 25 0.144
791 277 22 28 0.144
537 707 19 25 0.144
3 0 16 14 0.144
651 275 23 29 0.143
860 367 23 30 0.142
343 380 23 29 0.142
590 116 22 27 0.141
334 453 22 44 0.141
6 184 19 26 0.140
169 624 22 27 0.140
774 164 20 38 0.139
648 742 26 34 0.138
407 251 22 30 0.138
590 59 45 21 0.137
918 228 18 25 0.137
407 766 21 30 0.137
494 84 22 22 0.137
484 266 17 22 0.136
932 241 22 28 0.134
0 119 13 22 0.134
242 315 21 23 0.134
547 452 26 42 0.131
683 32 20 23 0.131
598 598 32 28 0.130
328 730 28 30 0.127
700 342 20 25 0.125
299 315 28 40 0.125
30 733 23 26 0.125
421 608 19 25 0.124
28 789 21 29 0.124
306 39 19 24 0.123
108 678 20 28 0.123
320 480 22 36 0.123
762 729 27 38 0.121
946 579 30 30 0.120
956 285 23 32 0.119
678 95 22 26 0.116
263 597 19 23 0.115
751 171 33 25 0.115
66 750 23 31 0.115
870 357 33 47 0.115
922 516 25 31 0.115
536 386 26 27 0.113
694 0 39 20 0.113
138 151 20 25 0.112
163 0 15 15 0.112
222 77 27 22 0.112
88 509 23 25 0.112
44 652 21 51 0.111
594 600 22 26 0.110
312 77 24 28 0.110
403 79 34 29 0.109
423 413 34 28 0.108
107 56 44 24 0.108
658 546 21 25 0.108
96 876 21 28 0.108
899 444 24 27 0.108
749 105 31 50 0.108
781 261 27 47 0.108
122 125 20 23 0.107
320 566 24 30 0.106
116 385 20 24 0.106
612 597 21 25 0.106
216 292 24 25 0.106
739 461 23 29 0.105
689 348 27 29 0.105
1006 455 18 31 0.105
531 267 30 24 0.105
388 376 19 24 0.105
203 392 55 29 0.104
384 274 16 26 0.104
527 215 21 24 0.104
502 466 19 24 0.103
766 653 23 28 0.103
644 477 38 28 0.103
15 203 22 54 0.103
646 314 22 28 0.103
192 377 28 60 0.102
325 203 22 29 0.102
714 540 23 27 0.102
601 93 24 26 0.101
886 290 20 24 0.099
822 715 22 27 0.099
940 218 20 29 0.096
373 855 30 38 0.096
654 187 24 30 0.096
920 530 26 26 0.096
492 424 20 28 0.096
718 20 20 86 0.095
941 575 24 26 0.095
783 221 19 102 0.095
562 451 22 28 0.094
949 215 24 46 0.094
537 163 24 33 0.094
848 421 23 27 0.093
17 145 25 43 0.093
343 849 37 46 0.093
393 101 22 36 0.093
289 412 23 26 0.092
254 688 21 24 0.092
207 72 21 68 0.092
397 258 27 40 0.091
808 172 21 24 0.091
549 370 23 54 0.091
241 284 46 29 0.091
396 247 31 34 0.090
459 141 21 26 0.090
516 196 20 24 0.090
163 309 22 27 0.089
393 630 27 41 0.089
309 690 24 29 0.089
548 445 24 27 0.088
911 310 19 28 0.088
834 147 23 103 0.088
442 414 21 28 0.088
401 381 30 26 0.088
719 182 22 28 0.088
881 292 20 43 0.088
924 0 20 17 0.087
8 221 25 53 0.086
847 236 79 34 0.086
78 743 29 33 0.086
572 417 22 31 0.086
184 299 20 26 0.086
429 79 20 25 0.086
667 18 22 96 0.086
696 641 22 31 0.084
627 314 26 53 0.084
699 367 43 27 0.084
825 180 28 26 0.083
528 217 17 43 0.083
538 64 20 24 0.082
968 346 23 29 0.082
803 54 17 21 0.082
763 57 19 22 0.081
865 618 32 41 0.081
637 224 21 61 0.081
403 216 24 30 0.080
499 243 17 22 0.080
488 105 21 100 0.079
383 103 19 26 0.079
955 281 20 24 0.079
710 267 20 26 0.079
945 62 20 25 0.079
334 581 26 29 0.078
172 641 23 28 0.078
60 10 21 24 0.078
531 447 29 33 0.078
601 269 55 24 0.077
397 616 25 27 0.077
775 300 19 27 0.077
584 478 22 28 0.076
774 210 19 53 0.076
415 276 20 125 0.075
746 993 55 44 0.074
692 591 24 28 0.074
191 97 18 24 0.074
165 713 33 27 0.073
539 248 28 23 0.073
379 224 20 30 0.073
782 703 27 29 0.073
26 497 21 61 0.073
519 406 26 66 0.072
4 238 18 25 0.072
992 416 23 22 0.072
598 400 31 31 0.072
128 1 17 18 0.071
183 541 23 27 0.070
941 98 26 27 0.070
159 436 21 24 0.069
345 132 15 22 0.069
427 136 24 28 0.069
1007 232 16 28 0.069
434 355 34 26 0.068
590 440 21 102 0.068
523 322 21 103 0.068
618 358 24 49 0.067
810 427 25 41 0.067
1003 211 20 30 0.067
617 136 22 27 0.067
927 734 24 34 0.067
822 449 26 29 0.067
975 64 19 27 0.066
1006 266 15 29 0.066
321 504 22 28 0.066
380 858 34 42 0.066
573 326 23 28 0.065
349 853 52 43 0.065
543 411 25 29 0.065
233 157 16 18 0.065
273 402 22 26 0.065
384 15 16 23 0.065
746 339 45 55 0.064
485 384 23 26 0.064
589 67 45 34 0.064
273 308 18 23 0.064
647 481 22 25 0.064
0 590 29 23 0.063
825 192 97 32 0.063
996 171 25 35 0.063
765 797 34 34 0.062
399 805 28 34 0.062
77 0 17 17 0.062
915 735 27 32 0.062
621 338 22 32 0.062
641 334 30 35 0.062
992 140 22 27 0.062
29 164 22 45 0.061
963 225 23 30 0.061
45 892 53 33 0.061
967 140 22 26 0.061
825 142 25 43 0.060
668 370 22 32 0.060
878 279 22 33 0.060
708 706 21 29 0.060
168 37 33 24 0.059
255 803 22 60 0.059
416 687 20 81 0.059
640 73 28 27 0.059
829 353 22 27 0.059
852 164 19 26 0.058
382 143 21 26 0.058
73 512 21 31 0.058
726 46 21 27 0.058
565 79 25 31 0.057
461 343 18 27 0.057
412 745 21 34 0.057
905 231 41 43 0.057
419 165 28 29 0.057
747 602 24 30 0.056
832 450 20 27 0.056
952 657 26 31 0.056
871 447 30 43 0.056
145 436 33 27 0.056
680 706 23 27 0.056
59 539 26 30 0.055
632 270 19 24 0.055
264 71 23 27 0.055
287 17 18 22 0.055
679 483 20 25 0.055
387 367 19 27 0.055
91 742 24 31 0.055
667 87 27 125 0.054
1006 466 18 35 0.054
961 145 26 30 0.054
125 308 20 27 0.054
835 134 25 24 0.054
928 96 19 25 0.054
916 578 21 20 0.054
186 604 21 26 0.054
753 306 21 27 0.054
238 403 20 25 0.054
231 556 20 24 0.053
806 23 18 22 0.053
903 305 24 29 0.053
425 275 20 26 0.052
532 712 22 29 0.052
965 131 23 148 0.052
386 118 25 50 0.052
545 114 30 99 0.052
797 93 27 61 0.052
362 541 34 25 0.051
777 322 23 33 0.051
927 486 24 37 0.051
757 303 34 31 0.051
223 554 23 22 0.051
406 320 22 28 0.051
871 63 20 26 0.051
71 711 23 27 0.049
334 87 18 24 0.049
257 858 24 38 0.049
403 428 21 28 0.049
144 640 22 28 0.049
562 431 35 43 0.049
997 700 22 29 0.048
1 46 17 24 0.048
699 538 22 26 0.047
461 187 26 122 0.047
775 333 23 33 0.047
193 46 20 23 0.047
453 199 25 104 0.046
980 522 26 29 0.046
442 221 19 26 0.046
418 10 25 69 0.046
192 135 18 22 0.045
816 395 27 32 0.045
390 237 21 95 0.045
355 434 18 27 0.045
299 289 22 30 0.045
957 136 24 27 0.045
597 476 21 32 0.045
314 298 20 27 0.045
488 415 23 31 0.045
830 42 25 28 0.045
760 371 44 98 0.045
588 371 22 26 0.044
725 364 23 25 0.044
877 195 33 26 0.043
807 406 25 29 0.043
956 17 32 29 0.043
584 92 41 28 0.042
86 182 24 30 0.042
612 515 22 31 0.042
827 813 37 45 0.042
458 443 26 36 0.042
352 549 27 44 0.042
0 547 14 24 0.042
776 22 23 24 0.042
326 307 21 26 0.041
930 482 26 28 0.041
770 185 20 111 0.041
531 493 25 32 0.041
555 70 29 118 0.041
593 387 28 123 0.041
599 142 30 42 0.041
385 614 44 65 0.041
33 134 30 30 0.041
746 625 28 29 0.041
799 31 21 40 0.041
486 82 22 24 0.041
237 582 20 24 0.041
772 411 64 54 0.040
998 328 16 25 0.040
958 312 26 32 0.040
630 305 22 29 0.040
1 86 15 40 0.040
168 903 24 30 0.039
349 339 20 38 0.039
272 0 19 20 0.039
992 119 23 39 0.039
721 259 35 150 0.039
616 47 20 24 0.039
22 545 30 28 0.038
73 548 20 26 0.038
1002 145 17 28 0.038
194 35 30 28 0.038
839 341 22 24 0.038
724 212 23 28 0.038
802 175 21 24 0.037
430 133 22 53 0.037
833 402 23 33 0.037
162 537 20 24 0.037
286 234 22 27 0.037
346 473 22 27 0.037
217 417 24 27 0.037
304 27 22 54 0.037
335 836 29 43 0.036
874 52 20 31 0.036
218 168 20 29 0.036
4 39 18 24 0.036
857 523 19 24 0.036
514 0 21 154 0.036
104 667 21 28 0.036
753 155 33 28 0.036
663 391 23 27 0.036
53 832 39 38 0.036
311 54 21 29 0.036
218 585 24 24 0.036
998 411 21 56 0.035
997 72 21 25 0.035
222 473 22 26 0.035
403 192 29 107 0.035
147 59 20 24 0.035
974 235 27 39 0.035
593 53 20 23 0.035
334 542 22 26 0.034
568 408 28 30 0.034
879 316 30 30 0.034
708 236 27 30 0.034
390 364 31 33 0.034
333 201 20 27 0.034
386 869 33 40 0.034
1008 79 13 22 0.034
311 655 24 36 0.034
990 237 29 31 0.034
572 61 23 24 0.033
506 30 20 27 0.033
195 294 23 26 0.033
91 890 25 34 0.033
430 697 22 31 0.033
402 109 21 28 0.033
466 157 26 37 0.033
827 708 29 32 0.033
896 735 41 36 0.033
409 621 23 43 0.033
205 175 23 25 0.032
397 0 23 15 0.032
243 537 23 29 0.032
153 602 31 26 0.032
460 207 21 187 0.032
459 364 23 31 0.032
194 707 24 27 0.032
410 637 19 31 0.032
841 427 23 41 0.032
343 723 24 30 0.032
209 877 22 30 0.032
799 13 20 22 0.031
134 138 20 25 0.031
757 312 27 27 0.031
436 177 25 25 0.031
716 446 22 28 0.031
225 556 24 49 0.031
422 40 20 39 0.031
924 481 22 28 0.031
391 545 16 22 0.031
43 545 25 28 0.031
427 43 21 30 0.031
110 686 20 27 0.031
245 121 24 37 0.031
282 0 23 24 0.031
892 368 27 27 0.030
285 766 23 27 0.030
532 304 19 29 0.030
414 798 31 37 0.030
443 244 29 28 0.030
377 32 19 31 0.030
345 567 23 30 0.030
617 702 25 30 0.030
104 658 22 29 0.030
403 830 32 38 0.030
924 505 27 80 0.029
593 36 66 125 0.029
940 144 20 31 0.029
804 362 23 25 0.029
748 590 30 33 0.029
49 598 25 30 0.029
25 253 19 26 0.029
930 762 26 43 0.028
766 56 36 22 0.028
756 720 25 30 0.028
312 197 21 29 0.028
84 580 22 29 0.028
746 637 21 27 0.028
612 218 19 25 0.028
214 137 14 18 0.028
543 304 45 99 0.027
926 278 34 30 0.027
251 313 32 27 0.027
46 137 20 25 0.027
623 59 41 127 0.027
847 131 19 24 0.026
259 538 35 31 0.026
103 144 22 25 0.026
241 357 26 23 0.026
839 699 24 28 0.026
1001 91 19 28 0.026
150 678 22 29 0.025
943 165 19 30 0.025
332 551 29 31 0.025
297 138 15 21 0.025
697 660 24 31 0.025
852 249 20 29 0.025
6 643 35 33 0.025
23 518 22 30 0.025
940 133 21 26 0.025
728 226 20 27 0.025
946 305 26 30 0.025
959 525 23 27 0.025
8 137 21 31 0.025
0 118 7 21 0.025
147 344 22 28 0.025
679 88 81 99 0.024
208 326 27 32 0.024
765 503 22 54 0.024
10 651 21 32 0.024
4 649 18 30 0.024
220 425 19 23 0.024
252 119 31 27 0.024
269 536 51 100 0.024
533 315 19 24 0.024
962 707 27 30 0.024
311 0 23 113 0.024
260 296 31 36 0.024
877 41 24 24 0.024
643 472 22 29 0.024
26 91 20 29 0.024
703 768 35 45 0.023
562 112 20 35 0.023
802 826 29 32 0.023
844 683 29 57 0.023
917 656 22 32 0.023
119 61 19 24 0.023
84 729 27 40 0.023
873 156 18 27 0.023
97 149 23 27 0.023
49 500 28 29 0.023
1009 302 13 23 0.023
775 85 25 206 0.023
658 76 28 29 0.023
198 171 39 25 0.022
28 246 19 28 0.022
839 994 49 64 0.022
976 589 20 29 0.022
703 493 27 31 0.022
213 35 16 20 0.022
627 489 21 31 0.022
540 213 24 25 0.022
142 646 21 29 0.022
708 220 22 29 0.022
11 453 17 26 0.022
324 320 33 201 0.022
292 297 69 120 0.021
62 430 21 165 0.021
343 259 25 28 0.021
66 132 19 29 0.021
900 267 25 25 0.021
865 66 22 30 0.021
771 631 18 27 0.021
33 599 19 43 0.021
928 602 37 96 0.021
286 25 22 25 0.021
139 160 24 28 0.021
341 678 27 28 0.020
778 103 29 27 0.020
703 693 23 37 0.020
922 425 21 27 0.020
300 476 28 29 0.020
