10_People_Marching_People_Marching_2_401
101
332 403 68 84 0.870
194 352 52 65 0.869
640 532 76 96 0.848
91 515 65 76 0.838
729 301 35 45 0.821
662 266 34 41 0.813
541 240 24 31 0.813
725 385 38 45 0.809
626 249 28 37 0.801
101 280 31 37 0.798
851 507 88 120 0.795
797 280 47 51 0.792
553 498 55 60 0.790
45 288 26 31 0.790
567 263 29 39 0.786
284 294 23 28 0.786
352 277 21 26 0.786
423 240 23 28 0.772
22 409 56 61 0.771
103 392 36 41 0.765
65 318 27 36 0.764
348 332 33 36 0.762
190 268 24 28 0.760
252 272 22 28 0.759
849 250 36 48 0.755
921 264 30 37 0.754
385 248 20 24 0.752
307 328 26 30 0.750
315 269 17 21 0.733
497 269 29 38 0.732
781 352 45 76 0.731
209 302 25 29 0.718
508 241 20 25 0.709
478 266 21 30 0.694
741 251 21 26 0.686
758 265 25 34 0.670
671 419 39 49 0.663
383 310 27 32 0.662
0 353 18 52 0.625
702 241 15 18 0.611
358 251 13 17 0.599
610 476 37 62 0.589
746 229 15 19 0.588
815 245 29 32 0.582
328 290 20 26 0.577
32 269 19 25 0.433
169 263 16 22 0.390
996 270 22 38 0.363
615 236 17 23 0.353
497 345 35 54 0.300
782 265 28 40 0.257
901 232 19 24 0.243
546 301 28 35 0.236
985 227 17 21 0.234
587 247 22 27 0.209
338 266 14 17 0.158
71 282 17 21 0.138
259 377 24 36 0.136
138 197 16 17 0.121
299 273 14 17 0.109
1 286 11 24 0.105
907 240 19 24 0.101
940 245 19 24 0.098
667 241 14 17 0.096
302 277 43 42 0.090
486 239 16 18 0.086
636 230 17 21 0.085
980 203 14 19 0.074
710 216 10 12 0.068
176 328 24 30 0.066
812 244 22 25 0.066
36 275 24 28 0.057
750 226 15 19 0.055
1004 258 20 33 0.054
994 279 25 46 0.052
958 362 55 82 0.050
587 233 18 27 0.047
446 218 10 12 0.047
589 229 16 20 0.046
913 245 16 20 0.046
748 233 18 27 0.046
592 251 22 27 0.045
500 356 42 66 0.040
982 238 21 32 0.040
240 288 13 17 0.039
971 243 18 26 0.039
974 240 18 23 0.035
964 201 10 12 0.031
317 254 13 14 0.031
410 325 25 31 0.028
743 262 23 29 0.028
792 213 11 11 0.026
988 231 30 51 0.026
315 261 17 21 0.024
617 461 38 62 0.023
736 250 17 23 0.023
857 235 18 25 0.022
658 260 30 37 0.022
0 323 13 36 0.021
172 260 22 27 0.021
147 385 30 34 0.020
