10_People_Marching_People_Marching_2_191
55
748 323 20 27 0.801
659 320 22 25 0.780
96 314 17 21 0.756
515 316 19 28 0.726
337 306 16 23 0.723
243 310 19 23 0.721
379 238 14 19 0.720
82 294 16 21 0.716
329 237 15 18 0.716
828 322 17 25 0.704
454 320 17 23 0.695
183 314 19 22 0.677
970 344 20 26 0.672
318 301 15 21 0.637
845 316 24 28 0.627
384 316 19 21 0.616
139 305 14 20 0.601
22 301 17 20 0.563
253 288 15 20 0.499
364 306 17 23 0.255
484 327 14 18 0.235
1012 473 12 27 0.190
499 331 12 16 0.174
733 313 18 23 0.135
248 283 17 57 0.134
68 285 10 16 0.122
357 301 22 25 0.115
359 277 14 18 0.114
18 292 18 22 0.114
490 328 18 18 0.092
1004 309 12 20 0.089
123 296 12 17 0.087
21 286 17 20 0.086
638 316 18 25 0.079
365 298 16 23 0.076
569 342 10 12 0.075
316 300 26 24 0.070
167 296 14 19 0.063
737 316 20 25 0.057
9 288 23 22 0.046
0 287 15 24 0.045
252 284 12 18 0.045
390 313 17 21 0.041
230 307 15 17 0.037
821 320 18 25 0.037
977 346 23 28 0.036
271 321 14 19 0.036
238 311 16 23 0.031
318 296 13 18 0.031
33 289 15 21 0.029
0 296 12 17 0.028
790 471 17 28 0.025
1003 469 21 30 0.022
595 336 9 11 0.022
177 316 14 19 0.021
