10_People_Marching_People_Marching_10_People_Marching_People_Marching_10_69
1071
119 618 20 25 0.829
302 604 19 24 0.797
401 524 18 23 0.793
232 549 18 22 0.789
49 594 22 27 0.788
607 553 20 25 0.786
513 566 18 22 0.785
959 630 22 28 0.784
879 575 22 28 0.784
359 629 21 27 0.783
163 557 21 26 0.780
746 573 20 27 0.778
931 576 21 26 0.777
601 660 21 26 0.775
690 660 22 27 0.775
839 613 22 28 0.775
0 658 21 26 0.774
99 564 19 26 0.773
5 610 22 27 0.773
169 487 18 24 0.772
359 535 17 23 0.769
716 538 21 28 0.769
583 625 20 24 0.767
162 513 16 22 0.767
87 510 20 24 0.765
209 607 19 25 0.764
733 416 16 20 0.764
534 609 18 25 0.764
652 458 18 23 0.764
178 652 21 26 0.763
258 637 19 23 0.762
562 533 19 24 0.761
978 601 21 25 0.759
392 596 20 23 0.759
951 477 17 21 0.758
842 476 17 22 0.757
319 550 16 21 0.756
886 482 17 21 0.753
308 502 17 21 0.751
536 466 18 23 0.750
876 648 21 27 0.748
424 490 17 22 0.747
476 561 16 21 0.745
821 369 14 17 0.745
471 502 17 21 0.743
753 615 23 28 0.743
156 415 15 18 0.742
932 446 17 22 0.742
182 447 17 22 0.742
767 444 17 21 0.741
368 498 16 21 0.741
503 435 16 20 0.736
729 501 18 22 0.734
491 544 18 24 0.734
795 543 18 23 0.729
869 541 20 23 0.726
226 485 16 20 0.725
223 518 17 19 0.724
295 458 17 21 0.724
438 618 20 22 0.723
979 337 14 16 0.721
630 495 17 22 0.721
780 503 16 19 0.720
217 659 19 25 0.718
661 307 11 15 0.717
883 443 18 23 0.716
441 475 15 21 0.716
251 404 15 20 0.714
359 456 16 21 0.714
588 446 14 18 0.710
999 595 16 22 0.708
402 575 20 24 0.705
652 345 14 17 0.703
697 483 19 24 0.703
287 662 18 22 0.701
430 661 20 24 0.700
300 423 13 17 0.700
761 651 20 22 0.700
238 356 14 19 0.697
457 467 14 18 0.697
994 527 21 23 0.696
272 566 20 22 0.695
562 372 15 19 0.694
483 310 13 17 0.693
877 394 14 18 0.691
144 228 12 15 0.690
695 637 20 23 0.690
629 371 13 17 0.690
717 357 14 20 0.689
426 451 16 18 0.689
382 352 13 17 0.687
785 405 16 18 0.685
130 476 17 19 0.684
551 578 17 22 0.684
539 377 15 18 0.682
560 319 12 16 0.681
396 504 17 20 0.681
110 220 12 15 0.681
321 194 11 15 0.680
683 419 14 18 0.680
116 330 15 18 0.679
643 582 20 21 0.679
461 214 11 15 0.676
449 269 11 15 0.675
93 244 12 16 0.673
98 195 11 14 0.670
299 199 10 13 0.668
623 280 12 15 0.668
381 410 15 17 0.668
706 339 13 16 0.668
437 293 12 16 0.665
181 163 11 13 0.664
689 327 14 16 0.663
640 312 11 15 0.663
713 182 10 12 0.663
131 156 10 13 0.662
541 540 18 21 0.662
821 162 9 12 0.661
485 267 12 15 0.661
740 328 11 15 0.659
601 310 12 15 0.659
761 506 16 19 0.656
436 128 11 13 0.656
681 190 10 14 0.655
662 263 10 13 0.655
450 325 13 17 0.654
794 377 13 17 0.653
891 631 19 22 0.652
341 373 14 17 0.649
468 299 11 15 0.648
721 385 14 17 0.648
750 92 9 11 0.646
150 147 10 13 0.643
498 159 9 11 0.642
139 196 11 13 0.640
504 494 17 20 0.640
303 481 16 20 0.638
428 170 9 12 0.634
566 459 14 19 0.634
466 409 16 19 0.633
777 359 11 13 0.633
647 106 9 12 0.633
680 251 11 14 0.631
691 273 13 16 0.627
518 167 10 12 0.626
449 371 14 17 0.626
629 329 12 15 0.625
567 298 11 15 0.625
133 181 11 13 0.625
744 391 13 16 0.623
473 159 10 13 0.622
781 104 9 12 0.620
660 289 11 14 0.619
135 663 23 23 0.618
164 180 12 14 0.618
295 158 10 12 0.616
909 471 13 17 0.614
586 96 9 10 0.613
166 209 11 13 0.611
886 323 13 16 0.610
218 197 10 13 0.610
272 197 10 13 0.609
735 311 10 13 0.607
586 233 10 14 0.607
598 509 19 21 0.607
428 314 13 15 0.605
817 527 17 20 0.604
107 249 13 17 0.603
720 445 15 19 0.602
424 342 12 17 0.602
204 90 10 12 0.601
1001 202 13 16 0.600
196 423 14 17 0.600
113 106 9 12 0.599
710 304 12 16 0.599
199 189 10 12 0.599
700 123 9 12 0.598
807 399 15 19 0.597
73 191 11 13 0.597
528 206 10 14 0.597
1010 185 11 13 0.595
511 238 11 14 0.593
386 195 9 12 0.592
547 112 8 11 0.591
578 494 15 20 0.588
821 576 20 25 0.587
705 162 9 11 0.587
507 283 11 13 0.587
581 255 10 12 0.584
638 193 10 12 0.584
407 161 10 12 0.583
715 214 10 12 0.580
463 275 11 15 0.577
292 109 10 12 0.576
855 148 9 12 0.574
196 214 11 14 0.573
630 418 13 19 0.570
504 634 18 20 0.569
375 179 10 13 0.568
409 193 10 13 0.568
581 351 13 15 0.565
721 70 9 10 0.564
282 184 10 14 0.563
568 266 10 14 0.563
625 174 9 13 0.560
555 81 9 11 0.560
507 669 21 20 0.560
787 144 8 10 0.558
242 119 9 11 0.557
493 142 9 11 0.555
687 389 14 17 0.552
714 234 10 12 0.552
244 611 17 20 0.551
634 246 10 13 0.548
644 332 13 15 0.546
613 139 9 11 0.545
617 265 11 13 0.543
638 146 9 10 0.543
243 157 9 11 0.540
367 55 9 11 0.540
407 98 8 11 0.540
848 419 16 18 0.538
312 148 10 12 0.536
466 188 11 14 0.536
691 176 9 11 0.535
580 113 9 11 0.535
680 214 10 12 0.534
120 141 10 13 0.533
593 171 10 12 0.531
447 4 7 8 0.530
75 227 12 14 0.530
691 151 9 11 0.528
951 305 14 17 0.528
220 113 10 13 0.527
235 140 9 12 0.525
644 132 9 11 0.525
742 76 8 10 0.522
704 108 8 10 0.521
441 250 11 13 0.521
65 313 14 16 0.519
920 548 20 21 0.518
604 241 11 14 0.517
595 331 13 15 0.515
336 128 8 11 0.511
444 186 10 13 0.509
402 71 9 11 0.508
659 228 10 13 0.507
625 224 11 13 0.507
760 117 9 12 0.506
655 547 16 22 0.505
603 82 9 10 0.503
293 61 7 10 0.502
613 210 11 14 0.500
597 284 10 12 0.500
105 317 13 15 0.499
604 191 10 12 0.498
764 79 9 11 0.498
293 135 9 12 0.497
457 181 11 13 0.496
420 121 10 12 0.495
141 66 9 11 0.494
437 223 10 13 0.489
438 96 8 13 0.487
535 194 10 13 0.486
915 170 11 14 0.486
820 670 22 18 0.486
726 473 17 20 0.484
347 53 8 11 0.480
684 228 11 13 0.479
333 611 19 24 0.477
328 469 15 17 0.477
202 135 11 15 0.477
189 131 10 13 0.476
470 265 12 15 0.476
694 301 10 13 0.475
874 105 10 12 0.473
772 151 9 11 0.470
325 359 13 16 0.470
307 169 10 13 0.470
175 136 10 12 0.469
650 67 9 11 0.466
95 67 7 9 0.466
218 4 8 10 0.464
313 93 7 11 0.462
689 49 8 10 0.462
429 79 9 11 0.462
504 385 14 16 0.462
524 114 8 11 0.459
183 71 9 11 0.459
379 147 9 11 0.457
561 159 9 11 0.456
197 2 7 8 0.456
16 573 19 23 0.455
152 56 8 10 0.455
730 50 8 11 0.455
368 125 10 11 0.452
288 79 7 10 0.451
295 173 12 14 0.449
127 82 10 12 0.448
456 245 9 13 0.447
520 286 10 13 0.446
583 138 9 12 0.445
611 358 14 15 0.444
409 56 8 10 0.444
819 343 12 14 0.442
377 3 7 10 0.439
146 93 8 11 0.439
115 189 10 13 0.437
473 134 9 11 0.437
234 88 10 11 0.437
895 130 9 13 0.436
275 91 9 11 0.436
134 130 9 11 0.433
462 115 9 11 0.433
553 422 13 19 0.433
326 163 9 12 0.432
620 126 7 10 0.430
363 170 9 11 0.430
382 383 16 17 0.429
713 49 8 11 0.428
262 54 7 9 0.428
222 109 12 14 0.427
879 531 18 23 0.426
817 438 15 21 0.426
350 207 9 12 0.425
710 83 8 11 0.425
382 71 10 11 0.424
239 54 8 11 0.423
329 183 9 11 0.422
92 642 23 28 0.422
137 112 8 11 0.421
266 183 10 11 0.421
158 82 8 11 0.420
544 218 9 13 0.410
497 221 11 13 0.409
530 158 10 12 0.409
647 38 8 10 0.402
268 415 14 18 0.398
672 156 9 11 0.397
164 502 18 24 0.394
866 137 9 10 0.393
344 160 11 12 0.393
100 125 9 12 0.391
229 187 10 12 0.390
186 100 9 12 0.390
434 534 14 17 0.389
269 112 9 10 0.387
174 623 17 20 0.384
84 443 14 16 0.382
474 144 9 11 0.379
398 113 9 12 0.379
320 60 7 10 0.378
507 189 9 12 0.376
105 465 16 17 0.374
285 45 8 10 0.373
499 53 9 10 0.372
369 41 9 11 0.371
347 67 9 11 0.370
493 187 10 14 0.368
286 404 13 17 0.367
267 129 10 12 0.366
454 100 9 12 0.366
261 147 10 13 0.365
369 94 9 10 0.364
348 125 9 12 0.364
315 670 20 22 0.359
501 122 9 11 0.358
182 9 8 11 0.358
387 385 15 16 0.358
738 140 9 12 0.355
465 48 9 11 0.355
339 32 9 11 0.354
507 263 11 14 0.351
98 149 11 12 0.350
762 335 11 13 0.348
273 170 8 11 0.348
513 83 7 10 0.346
406 675 19 16 0.345
503 206 9 12 0.345
391 92 10 11 0.339
234 25 8 12 0.338
315 31 9 9 0.337
566 578 17 22 0.337
606 399 12 15 0.335
571 593 19 22 0.335
396 127 7 10 0.333
102 248 17 16 0.333
593 207 10 13 0.331
375 17 8 10 0.329
193 33 8 10 0.328
606 115 10 11 0.325
332 101 8 10 0.322
55 561 15 18 0.322
323 49 9 10 0.320
700 28 8 9 0.319
371 420 13 15 0.317
123 236 11 15 0.313
641 16 8 9 0.313
594 155 10 13 0.311
398 149 8 10 0.309
400 31 9 10 0.307
552 350 11 15 0.305
179 48 8 11 0.304
513 283 12 15 0.304
347 101 9 11 0.303
570 22 8 9 0.302
155 113 10 11 0.301
442 116 9 11 0.298
211 163 9 10 0.295
435 60 8 10 0.295
386 50 8 9 0.294
523 146 10 12 0.294
544 136 10 11 0.293
499 77 9 11 0.291
246 67 9 11 0.290
226 43 8 11 0.289
282 27 9 10 0.288
251 21 8 10 0.287
243 178 11 14 0.286
647 183 10 11 0.285
260 39 8 10 0.282
460 30 8 10 0.280
359 4 9 10 0.278
413 3 9 9 0.277
108 171 9 12 0.277
219 64 8 11 0.277
89 137 9 11 0.273
703 602 19 24 0.272
478 476 11 15 0.270
712 286 10 12 0.269
239 8 8 10 0.268
300 533 16 20 0.267
564 301 11 19 0.263
512 143 10 13 0.263
442 443 11 15 0.263
328 99 10 12 0.262
627 62 8 9 0.260
436 44 8 9 0.257
391 214 11 13 0.256
442 22 7 9 0.254
446 81 9 10 0.254
547 135 9 10 0.254
396 4 8 8 0.254
204 132 10 13 0.254
762 385 13 16 0.252
214 31 8 10 0.252
727 99 8 10 0.252
633 44 7 9 0.251
319 127 9 11 0.250
547 151 9 11 0.248
571 176 11 11 0.247
396 48 8 11 0.246
209 230 11 13 0.246
583 184 10 11 0.245
1007 187 13 18 0.245
197 58 9 14 0.244
612 162 11 12 0.240
419 138 11 14 0.238
227 189 10 13 0.238
582 354 12 16 0.235
1017 330 7 17 0.235
462 185 12 15 0.235
153 37 8 9 0.234
479 86 8 12 0.233
508 10 7 9 0.232
568 126 9 11 0.231
671 65 8 11 0.226
579 290 11 13 0.226
260 410 22 20 0.225
108 283 11 14 0.224
666 145 9 11 0.224
550 629 17 22 0.224
474 137 9 29 0.223
231 228 12 14 0.223
869 161 11 13 0.221
436 446 14 18 0.220
96 485 17 19 0.219
423 27 8 10 0.218
257 2 9 8 0.218
537 447 13 15 0.217
487 349 12 16 0.217
499 106 8 9 0.216
281 152 9 12 0.215
465 67 9 11 0.212
188 234 9 13 0.212
937 335 15 15 0.212
315 79 9 10 0.211
442 250 17 12 0.211
458 159 9 11 0.209
210 16 9 11 0.206
551 360 11 16 0.206
1000 566 20 22 0.206
638 55 8 10 0.205
87 650 22 26 0.204
959 201 14 14 0.204
376 102 9 13 0.202
528 155 10 14 0.202
936 160 10 11 0.201
271 167 8 24 0.200
179 156 12 22 0.199
267 3 8 9 0.199
208 43 10 10 0.198
268 10 8 13 0.197
300 4 9 8 0.197
954 665 20 24 0.196
164 228 10 12 0.193
553 176 9 10 0.193
406 410 13 17 0.193
416 427 13 16 0.192
907 144 11 12 0.191
209 166 10 12 0.190
644 129 8 22 0.188
326 14 9 12 0.188
415 144 10 12 0.187
567 455 37 18 0.187
213 28 8 16 0.187
351 3 9 9 0.185
376 380 14 18 0.184
715 209 10 39 0.183
89 89 9 11 0.182
484 237 9 12 0.182
187 131 21 13 0.181
145 5 8 9 0.181
1012 303 11 16 0.180
398 109 9 24 0.179
661 256 13 24 0.177
122 595 16 19 0.176
573 256 15 17 0.175
738 124 8 10 0.171
511 221 11 12 0.170
663 19 8 9 0.170
309 31 16 10 0.170
99 34 9 10 0.170
422 134 17 13 0.168
683 215 10 27 0.167
360 438 14 18 0.166
507 268 10 29 0.165
162 124 10 12 0.164
588 91 10 15 0.164
686 125 9 12 0.164
184 98 16 13 0.163
738 316 15 30 0.162
117 189 11 22 0.161
546 298 10 12 0.161
323 96 14 13 0.161
540 62 8 9 0.157
680 238 12 36 0.157
125 36 8 10 0.156
174 135 24 11 0.156
661 83 9 11 0.155
779 311 11 12 0.154
518 48 8 11 0.154
511 120 10 16 0.154
262 88 9 12 0.154
386 48 15 11 0.152
793 361 13 49 0.150
132 131 18 10 0.150
314 72 8 21 0.149
507 382 13 19 0.149
654 273 12 13 0.148
606 358 13 15 0.148
529 191 11 13 0.147
447 183 19 15 0.147
494 177 9 13 0.147
388 85 9 18 0.146
441 98 9 25 0.145
152 138 9 18 0.145
323 3 9 9 0.143
122 400 11 14 0.142
263 81 9 16 0.142
526 432 12 15 0.142
233 7 10 8 0.141
136 177 10 30 0.141
844 365 12 15 0.141
441 245 13 21 0.140
472 101 9 20 0.139
151 19 8 10 0.138
765 575 14 19 0.137
273 216 9 11 0.137
585 10 8 10 0.136
338 4 9 8 0.136
774 104 18 12 0.136
690 72 10 12 0.135
74 270 12 14 0.135
286 2 8 8 0.133
414 141 15 12 0.132
490 241 11 12 0.132
421 27 14 11 0.131
413 0 8 16 0.131
289 347 11 14 0.131
651 275 10 13 0.130
720 432 17 37 0.130
490 187 21 14 0.130
713 50 15 10 0.130
806 571 16 21 0.130
686 382 13 18 0.129
176 385 16 17 0.129
330 156 9 12 0.129
107 90 9 11 0.128
325 98 9 13 0.128
817 135 12 14 0.128
496 140 11 27 0.128
315 80 7 26 0.127
621 7 7 10 0.126
622 355 11 14 0.126
957 632 20 47 0.125
611 204 14 18 0.123
493 170 9 14 0.123
337 82 9 12 0.123
483 126 22 10 0.123
592 25 9 10 0.122
732 126 13 11 0.122
324 11 13 23 0.122
368 37 8 23 0.121
407 188 11 14 0.120
594 371 13 18 0.119
707 323 13 42 0.119
533 92 10 11 0.118
529 196 12 30 0.118
410 83 8 19 0.117
309 124 19 12 0.117
655 84 16 10 0.117
651 181 11 15 0.116
168 9 7 26 0.115
963 198 13 15 0.115
264 58 25 10 0.115
675 251 13 16 0.115
579 211 11 12 0.114
284 41 14 16 0.113
659 49 9 11 0.113
490 4 8 8 0.112
246 20 14 14 0.112
578 330 12 15 0.112
429 43 16 10 0.111
962 545 14 23 0.111
165 173 11 16 0.110
305 4 9 8 0.110
656 14 7 9 0.108
166 9 9 14 0.108
626 60 15 10 0.106
591 297 14 13 0.106
61 247 10 12 0.105
714 283 11 15 0.104
548 363 12 16 0.104
261 35 7 28 0.104
595 126 10 17 0.103
183 131 12 13 0.102
822 366 20 17 0.102
82 657 20 21 0.102
601 91 9 16 0.101
139 61 13 17 0.101
287 174 19 17 0.101
655 160 10 11 0.101
224 73 22 10 0.101
90 151 10 11 0.101
649 84 10 11 0.100
709 594 17 23 0.099
474 90 9 28 0.099
364 349 11 16 0.099
173 138 10 13 0.098
904 354 15 19 0.097
663 143 9 12 0.097
700 264 11 13 0.097
293 17 13 16 0.096
534 187 11 22 0.096
270 67 9 22 0.096
568 272 10 55 0.096
90 483 16 20 0.096
567 127 8 26 0.094
218 62 10 22 0.094
57 266 10 14 0.093
576 505 16 18 0.093
169 86 8 15 0.093
435 208 9 11 0.092
154 111 14 19 0.092
720 61 9 22 0.092
523 253 11 14 0.091
446 71 8 24 0.091
417 0 11 8 0.091
505 314 13 16 0.091
403 12 12 19 0.090
625 328 32 15 0.089
578 5 8 9 0.089
399 485 17 60 0.088
222 100 12 32 0.087
490 23 9 13 0.087
610 28 8 9 0.087
137 231 18 16 0.086
600 82 20 10 0.086
291 341 12 15 0.086
270 176 13 27 0.085
312 142 10 16 0.085
594 222 9 13 0.085
333 340 11 14 0.085
411 410 17 32 0.085
526 30 7 9 0.085
311 115 11 15 0.084
676 214 22 12 0.084
261 1 14 16 0.084
357 92 8 10 0.084
605 373 13 55 0.084
77 418 16 20 0.084
513 87 9 16 0.083
58 202 10 13 0.082
241 5 15 9 0.082
163 219 11 25 0.081
625 308 11 14 0.081
115 511 16 21 0.081
420 406 13 17 0.080
143 43 12 21 0.080
915 148 13 16 0.080
699 249 13 12 0.080
884 127 10 12 0.080
136 179 11 13 0.080
463 256 22 40 0.080
484 65 16 21 0.080
311 18 8 28 0.079
658 185 8 12 0.079
331 344 13 18 0.078
275 607 16 18 0.078
540 51 9 10 0.078
324 161 31 13 0.078
605 27 11 11 0.077
466 43 7 33 0.077
365 428 14 19 0.077
301 0 8 26 0.077
166 34 21 10 0.076
182 5 8 35 0.076
151 187 11 14 0.076
329 165 9 27 0.075
723 146 8 10 0.075
553 417 13 17 0.075
140 117 14 26 0.075
390 468 15 19 0.075
489 55 15 18 0.074
218 350 10 14 0.074
619 251 11 45 0.073
581 201 9 22 0.073
540 53 8 23 0.073
539 172 16 12 0.073
21 565 46 25 0.072
204 358 11 15 0.072
625 146 10 63 0.072
436 117 11 33 0.072
588 53 8 10 0.071
473 116 14 24 0.071
533 34 7 9 0.071
151 115 10 69 0.070
376 0 8 26 0.070
642 409 14 19 0.070
500 118 9 25 0.070
195 71 28 12 0.069
440 194 10 26 0.069
186 229 11 14 0.069
384 179 11 45 0.068
868 135 9 15 0.068
619 163 8 14 0.067
819 91 8 12 0.067
382 14 22 17 0.067
403 70 8 25 0.066
822 339 13 17 0.066
543 601 16 21 0.066
408 433 13 17 0.065
614 133 10 21 0.065
887 470 15 68 0.065
671 55 14 20 0.065
493 244 10 19 0.065
435 366 11 15 0.064
534 234 10 14 0.064
349 175 8 11 0.064
484 5 7 9 0.064
90 143 20 20 0.064
138 169 10 54 0.064
637 151 9 13 0.063
434 58 14 20 0.062
268 9 10 27 0.062
650 97 11 14 0.062
646 286 10 13 0.062
534 90 13 12 0.062
889 527 15 20 0.062
436 18 12 22 0.061
128 70 17 25 0.061
187 441 16 23 0.061
112 550 13 17 0.061
516 47 8 26 0.060
273 200 9 28 0.060
721 267 12 16 0.060
693 291 27 45 0.060
492 130 11 33 0.058
206 357 15 15 0.058
86 148 10 15 0.058
165 5 9 9 0.058
498 79 23 15 0.058
118 352 12 15 0.058
684 378 14 16 0.058
484 353 16 20 0.057
211 0 12 26 0.057
654 46 16 16 0.057
260 116 10 25 0.057
558 575 20 23 0.057
216 400 16 17 0.057
194 28 8 39 0.056
99 144 13 23 0.056
700 117 10 20 0.056
128 86 9 27 0.056
436 23 7 30 0.056
753 211 11 12 0.056
381 105 23 16 0.056
478 362 12 17 0.056
97 421 14 18 0.055
180 29 19 18 0.055
228 176 20 16 0.055
439 442 22 68 0.055
651 554 18 24 0.055
490 20 8 25 0.055
446 42 17 20 0.055
459 73 12 21 0.054
771 64 10 11 0.054
346 64 16 14 0.054
620 71 8 17 0.054
589 13 9 26 0.054
522 288 11 14 0.054
127 156 11 14 0.054
69 213 12 15 0.053
292 105 10 41 0.053
524 32 14 11 0.053
277 209 12 16 0.053
491 47 18 14 0.053
938 406 16 20 0.053
419 407 13 27 0.052
702 334 14 17 0.052
719 353 12 17 0.051
671 529 16 20 0.051
213 10 11 31 0.051
849 182 9 10 0.051
570 160 11 11 0.051
188 18 13 25 0.051
57 266 27 17 0.051
541 310 11 14 0.050
864 316 11 14 0.050
167 363 12 16 0.050
627 111 10 12 0.050
244 71 31 11 0.050
409 150 10 83 0.050
198 359 20 18 0.050
593 139 10 53 0.049
240 21 19 22 0.049
762 175 9 10 0.049
197 137 13 15 0.049
939 140 11 14 0.049
486 267 39 33 0.049
466 69 28 13 0.049
502 5 10 9 0.048
57 255 12 29 0.047
502 390 13 15 0.047
625 81 12 11 0.047
529 87 13 16 0.047
677 77 13 11 0.047
641 35 12 28 0.047
383 28 18 17 0.047
525 236 17 14 0.047
355 103 15 19 0.047
628 464 14 20 0.046
450 45 8 30 0.046
344 207 10 12 0.046
552 259 12 14 0.046
155 2 9 8 0.046
611 22 10 16 0.046
348 0 16 23 0.046
544 287 10 21 0.046
399 43 18 37 0.045
182 5 11 9 0.045
601 25 18 12 0.045
227 460 16 19 0.044
486 0 14 17 0.044
188 105 16 14 0.044
216 170 15 15 0.044
737 308 12 16 0.044
279 114 8 13 0.043
670 151 12 20 0.043
443 4 9 8 0.043
299 25 16 24 0.043
165 161 19 18 0.042
896 523 13 17 0.042
151 15 17 24 0.042
151 35 12 37 0.042
61 205 14 17 0.041
953 203 13 14 0.041
419 346 15 16 0.041
126 229 11 17 0.041
494 285 12 13 0.040
272 149 11 99 0.040
383 409 27 18 0.040
433 523 17 32 0.040
334 378 15 16 0.040
343 12 20 24 0.039
286 0 7 24 0.039
521 107 12 23 0.039
131 135 11 53 0.039
113 110 11 14 0.039
1008 561 16 21 0.039
603 158 10 69 0.039
564 4 8 8 0.038
224 94 10 23 0.038
711 268 11 54 0.038
72 161 10 14 0.038
706 607 19 25 0.038
365 121 10 24 0.038
735 132 12 24 0.037
690 301 12 14 0.037
586 54 9 12 0.037
402 28 24 20 0.037
261 197 18 14 0.036
70 167 11 14 0.036
403 395 24 31 0.036
547 96 10 38 0.036
324 9 23 29 0.036
237 107 9 66 0.035
222 457 15 18 0.035
306 393 12 16 0.035
250 195 11 17 0.035
321 128 9 130 0.035
473 251 12 20 0.034
166 153 9 105 0.034
125 394 17 17 0.034
769 147 25 14 0.034
942 333 14 16 0.034
235 89 12 15 0.034
510 342 12 18 0.033
613 383 13 17 0.033
775 61 8 11 0.033
728 125 10 11 0.033
615 95 11 13 0.033
362 29 14 23 0.033
340 76 22 27 0.033
352 204 10 13 0.033
817 129 15 18 0.033
699 214 29 50 0.032
138 202 11 19 0.032
851 151 8 17 0.032
482 2 7 8 0.032
325 39 25 26 0.032
527 162 12 94 0.031
98 112 13 15 0.031
614 380 16 17 0.031
319 470 21 19 0.031
451 365 14 19 0.031
518 134 10 79 0.030
72 167 12 20 0.030
211 77 26 20 0.030
383 2 22 8 0.030
737 80 11 15 0.030
918 151 19 29 0.030
241 132 11 54 0.030
913 130 15 71 0.030
362 343 16 26 0.030
578 92 10 48 0.029
212 226 23 16 0.029
260 28 35 19 0.029
869 126 12 19 0.029
517 219 20 19 0.029
404 210 10 12 0.029
170 372 15 20 0.029
101 320 13 16 0.029
75 425 20 33 0.029
376 327 13 15 0.029
122 54 10 22 0.029
433 294 13 17 0.028
803 318 12 14 0.028
134 391 13 16 0.028
305 36 15 32 0.028
466 22 21 10 0.028
464 416 16 19 0.028
455 156 10 13 0.028
169 67 16 22 0.028
499 207 10 16 0.028
645 405 13 18 0.028
630 463 20 21 0.028
302 0 18 27 0.028
182 387 24 17 0.028
477 84 16 26 0.028
154 4 23 18 0.028
787 124 8 11 0.028
215 354 12 15 0.028
115 64 17 26 0.027
586 47 8 13 0.027
343 131 13 66 0.027
931 193 11 13 0.027
495 415 12 16 0.027
577 214 16 24 0.027
509 9 6 29 0.027
236 389 13 17 0.027
541 280 11 14 0.027
779 314 12 15 0.027
72 158 18 16 0.027
697 217 14 23 0.027
224 399 19 23 0.026
240 149 12 67 0.026
367 107 12 45 0.026
598 142 22 24 0.026
722 48 13 13 0.026
422 74 9 94 0.026
1014 168 8 14 0.026
587 7 8 8 0.026
202 353 36 18 0.026
996 200 14 17 0.026
959 150 10 13 0.025
650 286 12 116 0.025
332 0 14 33 0.025
318 340 24 30 0.025
374 419 16 18 0.025
336 112 17 40 0.024
363 341 11 20 0.024
870 105 10 12 0.024
880 322 15 17 0.024
818 144 10 12 0.024
540 56 19 19 0.024
200 223 36 27 0.024
714 244 11 15 0.024
499 172 11 83 0.024
624 414 15 20 0.024
567 210 11 18 0.023
233 461 14 17 0.023
405 170 11 21 0.023
853 364 18 18 0.023
17 564 12 19 0.023
411 192 13 14 0.023
771 413 10 15 0.023
861 368 14 15 0.023
634 225 17 15 0.023
674 391 12 17 0.023
734 55 8 18 0.023
821 131 15 18 0.023
510 315 13 19 0.023
585 443 15 19 0.023
509 368 12 19 0.023
421 95 29 75 0.023
370 150 16 30 0.023
53 139 9 11 0.022
626 459 14 19 0.022
393 0 19 27 0.022
377 0 24 24 0.022
186 82 10 43 0.022
270 63 14 58 0.022
126 39 7 26 0.022
677 194 12 13 0.022
749 370 12 16 0.022
916 543 18 22 0.022
383 173 29 63 0.022
172 612 18 22 0.022
840 359 30 32 0.022
416 0 18 26 0.022
681 393 14 16 0.022
171 184 45 64 0.022
566 1 13 31 0.022
882 144 11 22 0.022
650 66 11 17 0.021
358 235 11 13 0.021
97 30 8 21 0.021
648 550 18 21 0.021
80 416 22 20 0.021
581 86 11 105 0.021
612 452 15 16 0.021
50 671 19 15 0.021
75 350 13 14 0.021
518 66 13 19 0.020
313 392 13 14 0.020
745 360 11 18 0.020
389 9 27 29 0.020
212 389 20 32 0.020
722 251 10 14 0.020
