10_People_Marching_People_Marching_2_34
625
525 711 30 39 0.800
995 723 29 40 0.790
625 718 33 43 0.778
760 745 31 24 0.755
715 702 23 30 0.749
404 719 18 24 0.735
85 734 22 27 0.726
398 656 17 21 0.720
836 670 20 25 0.718
864 722 29 35 0.717
176 747 27 21 0.717
305 717 21 24 0.710
343 642 12 16 0.687
669 710 24 29 0.686
103 682 15 19 0.684
456 636 13 17 0.676
371 641 12 16 0.663
591 687 23 31 0.656
218 669 13 17 0.631
448 683 15 19 0.630
174 689 16 19 0.630
167 635 12 15 0.616
512 688 19 29 0.602
307 625 12 14 0.599
663 666 15 19 0.577
40 684 14 18 0.562
605 623 10 13 0.554
810 638 14 17 0.522
453 546 8 10 0.501
31 619 10 13 0.500
384 668 15 21 0.481
342 576 8 10 0.479
754 610 12 13 0.459
300 587 9 10 0.459
250 580 9 12 0.458
206 583 8 10 0.454
101 556 9 12 0.453
364 566 8 10 0.449
622 625 12 15 0.444
244 641 13 17 0.442
295 570 9 11 0.429
700 681 17 20 0.424
189 579 8 10 0.412
440 530 7 8 0.411
461 527 7 9 0.410
229 594 9 12 0.409
93 619 9 11 0.398
377 581 8 10 0.397
341 606 9 11 0.395
667 611 11 13 0.391
126 604 9 11 0.389
280 626 10 12 0.388
409 548 8 9 0.386
147 625 10 13 0.383
735 581 10 13 0.382
247 564 9 10 0.378
731 603 13 15 0.378
580 612 10 13 0.376
225 727 15 22 0.368
492 524 7 9 0.368
764 590 10 12 0.365
524 583 9 11 0.365
169 568 8 10 0.355
67 562 9 12 0.354
69 564 9 11 0.353
150 594 8 10 0.346
277 586 8 11 0.344
714 657 15 20 0.343
346 624 10 12 0.343
428 549 8 9 0.335
196 563 8 10 0.333
445 589 10 13 0.327
278 541 7 8 0.326
194 536 7 8 0.326
135 547 8 9 0.326
380 562 8 9 0.325
12 617 10 13 0.316
613 662 12 16 0.308
120 571 9 11 0.308
512 581 7 9 0.305
506 637 12 16 0.303
57 577 8 10 0.290
419 530 8 9 0.289
326 649 11 13 0.288
102 603 9 11 0.288
589 588 9 11 0.287
810 585 10 12 0.285
800 568 9 10 0.285
952 666 15 20 0.284
82 597 9 12 0.283
456 503 7 9 0.275
63 636 13 16 0.270
746 550 8 11 0.270
554 625 10 12 0.267
915 524 6 8 0.267
464 593 8 10 0.261
780 585 9 11 0.260
536 598 8 10 0.255
152 546 8 10 0.252
569 567 7 9 0.249
458 579 9 11 0.249
246 599 9 10 0.248
342 591 9 11 0.246
68 618 9 13 0.243
693 580 9 11 0.243
962 600 13 15 0.242
421 690 15 20 0.242
105 644 14 17 0.237
72 606 10 12 0.235
262 669 12 17 0.234
260 593 9 11 0.232
352 531 7 9 0.231
0 559 8 12 0.227
13 544 8 10 0.226
506 621 11 12 0.225
820 609 12 15 0.224
1000 652 13 19 0.222
173 714 13 21 0.221
697 568 8 10 0.217
667 532 9 11 0.216
806 516 6 8 0.214
482 626 11 15 0.213
913 549 8 10 0.212
17 520 8 10 0.207
425 578 9 10 0.204
498 592 10 11 0.203
628 602 11 15 0.202
901 629 11 15 0.201
552 697 19 24 0.200
397 527 7 9 0.197
227 548 7 8 0.195
386 588 10 11 0.194
76 569 7 9 0.191
943 596 11 16 0.191
875 518 7 9 0.190
835 551 7 8 0.190
658 576 10 10 0.188
554 574 7 9 0.186
387 537 7 8 0.186
723 625 13 16 0.184
822 586 10 12 0.184
514 523 8 9 0.183
258 590 10 13 0.182
556 590 11 11 0.181
786 550 8 10 0.181
409 596 14 11 0.179
357 635 10 14 0.179
702 683 25 27 0.178
395 633 11 14 0.178
748 513 7 8 0.178
221 671 17 20 0.175
626 585 10 12 0.174
241 638 14 16 0.173
752 575 11 13 0.172
197 520 7 9 0.171
488 602 10 12 0.166
16 571 10 11 0.165
345 616 10 19 0.163
66 619 11 18 0.163
319 610 9 13 0.163
69 613 10 15 0.162
563 649 13 18 0.162
721 578 9 11 0.160
77 599 13 12 0.160
440 627 11 13 0.159
98 602 11 12 0.157
898 565 9 11 0.157
48 534 10 12 0.157
254 512 8 10 0.157
560 607 9 12 0.155
334 726 21 25 0.152
326 562 8 16 0.152
266 486 8 9 0.151
163 610 8 10 0.151
80 466 7 8 0.150
562 670 16 20 0.148
508 618 10 22 0.147
299 494 6 8 0.146
218 537 7 9 0.145
837 586 11 11 0.145
461 587 9 17 0.144
569 697 24 33 0.144
0 610 9 12 0.144
425 472 6 7 0.143
928 568 7 10 0.142
226 614 11 13 0.139
631 610 11 12 0.137
323 570 9 11 0.136
427 543 7 18 0.136
851 508 7 9 0.135
617 578 9 10 0.132
462 732 18 32 0.131
404 597 11 11 0.131
186 549 8 10 0.130
0 660 6 25 0.130
285 486 7 8 0.130
426 617 9 11 0.128
418 595 9 12 0.126
209 551 11 10 0.126
625 600 11 13 0.126
190 579 11 11 0.126
631 520 7 9 0.124
33 549 9 11 0.124
225 493 8 8 0.123
317 540 7 10 0.123
1009 586 12 16 0.123
317 663 13 16 0.122
396 526 7 8 0.122
160 557 8 10 0.119
143 605 10 16 0.117
218 636 10 13 0.117
296 567 8 25 0.116
733 579 19 13 0.115
389 520 6 8 0.115
640 582 8 10 0.115
558 588 15 11 0.114
943 606 12 17 0.113
835 612 16 15 0.113
360 541 8 12 0.113
731 594 12 29 0.112
641 690 20 24 0.112
333 641 49 15 0.112
446 585 9 27 0.111
28 554 11 12 0.111
1017 534 7 13 0.111
326 557 9 14 0.109
263 672 15 21 0.108
486 601 10 11 0.108
26 559 9 13 0.106
569 523 7 9 0.106
621 621 12 27 0.105
39 649 12 13 0.105
152 510 8 9 0.105
21 573 9 11 0.105
760 527 7 8 0.104
269 610 10 12 0.104
599 625 38 13 0.104
859 563 8 10 0.103
382 622 10 13 0.103
562 656 16 26 0.102
624 511 8 10 0.102
300 677 17 21 0.101
449 611 10 11 0.099
813 586 20 12 0.099
845 646 14 16 0.098
20 620 23 14 0.098
398 470 6 8 0.098
495 598 10 13 0.096
592 642 11 14 0.096
579 745 20 24 0.096
943 594 10 12 0.096
658 556 8 23 0.095
219 537 7 16 0.095
490 504 8 7 0.095
595 578 8 10 0.093
224 681 16 20 0.093
191 604 13 12 0.092
626 607 11 35 0.092
420 578 10 10 0.090
82 632 11 14 0.090
653 545 7 10 0.088
856 605 11 15 0.087
219 506 7 9 0.087
82 594 10 12 0.087
472 548 8 9 0.086
539 522 8 9 0.086
281 561 8 11 0.086
724 537 7 9 0.085
674 516 7 11 0.085
824 670 14 23 0.084
228 494 7 9 0.083
276 537 8 9 0.083
666 491 7 9 0.082
176 602 20 11 0.081
438 686 18 21 0.081
141 677 15 21 0.081
705 601 10 14 0.081
178 599 10 12 0.080
38 511 7 13 0.080
774 521 7 7 0.080
227 597 9 18 0.080
624 583 14 13 0.080
485 629 13 15 0.079
477 624 12 15 0.079
6 443 8 9 0.078
123 554 8 10 0.078
449 472 7 12 0.077
827 517 8 9 0.077
164 606 17 12 0.076
150 592 10 21 0.076
943 544 8 9 0.076
260 467 6 7 0.076
681 486 7 8 0.076
70 511 9 10 0.076
201 605 10 13 0.075
198 525 7 10 0.074
672 512 7 14 0.074
617 543 8 10 0.074
382 537 13 10 0.074
538 505 8 9 0.074
725 483 6 9 0.073
619 628 11 13 0.073
122 462 7 12 0.073
555 597 10 22 0.073
832 565 9 12 0.072
675 523 8 10 0.072
332 543 12 14 0.072
934 517 8 9 0.072
433 579 20 10 0.072
845 583 12 13 0.071
77 633 15 16 0.070
195 622 11 12 0.070
488 503 6 8 0.070
396 594 24 12 0.070
415 690 21 30 0.069
461 573 9 11 0.069
442 484 7 10 0.069
333 498 8 10 0.069
384 626 14 21 0.069
64 618 9 13 0.069
675 567 10 10 0.068
290 602 13 12 0.068
441 527 7 8 0.068
295 597 8 21 0.068
416 590 14 17 0.068
115 572 8 10 0.067
369 638 23 16 0.066
949 700 21 26 0.066
868 556 8 10 0.066
200 610 11 15 0.066
753 569 12 18 0.064
282 547 7 29 0.064
749 496 7 8 0.064
509 582 20 11 0.064
228 591 11 21 0.063
989 627 13 17 0.063
313 684 17 22 0.063
35 503 7 17 0.062
720 629 14 16 0.062
628 511 8 20 0.062
875 593 8 11 0.062
55 480 8 9 0.062
844 480 6 8 0.061
514 504 9 8 0.060
315 541 15 10 0.060
824 586 25 12 0.060
732 467 7 9 0.059
73 505 10 12 0.059
655 643 11 15 0.059
749 508 7 17 0.059
724 612 14 18 0.059
593 574 9 11 0.059
212 572 8 12 0.059
986 590 11 14 0.059
632 574 9 10 0.058
503 642 14 16 0.058
569 520 6 19 0.058
338 549 9 12 0.058
4 525 8 12 0.057
91 610 12 32 0.057
729 514 7 10 0.056
303 475 10 11 0.056
319 465 7 13 0.056
582 540 7 9 0.056
161 608 11 18 0.056
270 509 8 11 0.055
887 684 19 24 0.055
878 574 11 14 0.054
642 443 7 8 0.054
846 634 16 29 0.054
686 549 8 11 0.054
986 654 10 15 0.053
685 600 10 15 0.053
445 578 25 11 0.053
57 635 33 22 0.053
277 537 6 20 0.053
768 584 13 16 0.053
295 604 9 29 0.053
741 437 6 8 0.053
765 561 8 14 0.053
752 581 14 64 0.053
112 591 12 11 0.053
786 610 10 12 0.052
800 720 20 30 0.052
855 628 14 17 0.052
637 664 14 17 0.052
394 521 9 29 0.052
510 665 15 20 0.052
54 627 12 16 0.051
26 479 9 21 0.051
196 608 11 25 0.051
171 567 27 13 0.051
536 567 13 10 0.051
687 611 12 15 0.051
992 601 16 19 0.050
959 569 9 11 0.050
988 594 15 22 0.050
222 491 6 23 0.049
893 566 12 12 0.049
719 655 16 19 0.049
590 635 12 15 0.049
803 532 8 10 0.049
348 454 9 9 0.048
532 624 10 12 0.047
148 510 14 11 0.047
890 507 8 8 0.047
12 485 15 18 0.047
656 561 18 13 0.047
28 596 10 13 0.047
819 588 13 47 0.046
40 456 8 23 0.046
445 565 8 22 0.046
852 625 14 16 0.046
388 590 9 18 0.045
42 424 7 15 0.045
362 543 7 30 0.045
936 497 6 7 0.044
37 651 11 13 0.043
356 486 7 8 0.043
472 482 7 10 0.043
456 483 10 13 0.043
746 548 8 21 0.043
11 613 10 12 0.043
560 554 9 10 0.042
320 651 16 19 0.042
2 484 10 16 0.042
420 526 7 8 0.042
275 577 16 20 0.042
513 526 17 8 0.041
213 549 25 9 0.041
859 485 8 8 0.041
96 432 8 25 0.041
229 620 10 27 0.041
779 521 10 8 0.040
558 696 20 25 0.040
65 442 10 25 0.040
989 652 19 17 0.040
528 504 9 10 0.040
315 666 14 30 0.040
580 615 11 16 0.040
849 585 12 14 0.039
233 677 14 19 0.039
134 544 18 10 0.039
268 678 15 23 0.039
146 651 13 19 0.039
594 494 8 11 0.039
715 581 13 13 0.038
838 607 12 17 0.038
396 468 13 13 0.038
315 606 11 14 0.038
761 545 12 9 0.038
260 459 7 24 0.038
247 578 13 20 0.038
620 663 20 17 0.038
936 601 17 21 0.038
940 543 9 11 0.037
341 720 16 25 0.037
522 618 12 15 0.037
565 561 10 37 0.037
296 515 8 13 0.037
590 459 6 20 0.036
317 689 17 20 0.036
280 532 8 17 0.036
323 487 12 13 0.036
989 501 7 8 0.036
5 439 8 24 0.036
875 589 11 14 0.036
440 592 13 16 0.036
111 515 11 11 0.036
995 539 12 14 0.035
179 604 11 18 0.035
412 464 8 24 0.035
219 561 7 21 0.035
990 605 14 21 0.034
13 485 9 29 0.034
329 545 18 22 0.034
802 485 7 10 0.034
615 488 7 21 0.034
244 647 21 16 0.034
809 583 14 21 0.034
208 670 15 15 0.034
849 508 13 16 0.034
446 565 13 19 0.034
706 584 10 26 0.033
65 563 13 15 0.033
845 604 20 15 0.033
24 499 16 16 0.033
752 493 8 15 0.033
374 407 7 21 0.033
257 492 6 31 0.032
329 484 8 23 0.032
326 561 19 21 0.032
537 625 11 13 0.032
68 379 6 17 0.031
28 468 7 31 0.031
492 460 11 20 0.031
309 492 11 12 0.031
503 547 7 10 0.031
882 459 7 7 0.031
696 457 8 8 0.031
360 612 13 13 0.031
61 443 9 27 0.031
906 537 8 10 0.031
466 661 13 18 0.030
994 605 16 25 0.030
294 483 12 27 0.030
297 580 11 28 0.030
0 400 7 9 0.030
612 613 18 26 0.030
406 414 7 28 0.030
926 606 11 16 0.030
42 531 16 25 0.030
729 505 7 25 0.030
616 544 7 9 0.029
67 382 7 9 0.029
413 379 8 7 0.029
686 591 9 19 0.029
725 481 8 17 0.029
373 619 18 29 0.029
454 606 10 18 0.029
503 602 19 14 0.029
694 575 19 21 0.029
303 665 13 17 0.029
240 612 10 13 0.028
625 501 9 24 0.028
501 440 7 29 0.028
390 613 11 15 0.028
406 593 22 17 0.028
256 436 6 19 0.028
39 385 7 9 0.028
160 491 8 11 0.028
295 569 28 11 0.028
308 649 23 64 0.028
649 549 10 11 0.028
639 668 17 28 0.028
851 504 10 10 0.028
656 579 10 10 0.027
165 660 12 16 0.027
936 493 6 19 0.027
298 471 16 21 0.027
517 529 9 8 0.027
685 600 23 19 0.027
694 489 6 24 0.027
4 510 9 31 0.027
889 677 19 28 0.027
847 646 18 18 0.027
469 556 9 16 0.026
356 485 11 12 0.026
658 670 20 23 0.026
164 528 7 10 0.026
578 684 21 28 0.026
729 503 7 9 0.026
432 611 15 36 0.026
30 558 9 14 0.026
651 456 7 10 0.026
30 590 10 13 0.026
308 572 15 18 0.026
867 554 9 23 0.026
747 655 11 17 0.026
97 367 7 9 0.026
108 509 10 21 0.025
119 460 9 23 0.025
307 658 14 17 0.025
588 639 11 14 0.025
236 661 13 16 0.025
771 716 25 31 0.025
979 569 6 8 0.025
765 552 11 23 0.025
285 670 36 29 0.025
197 623 20 17 0.025
330 490 10 23 0.025
132 507 12 13 0.025
563 549 10 23 0.025
94 529 8 12 0.025
996 708 26 32 0.024
759 532 8 28 0.024
206 533 21 23 0.024
91 527 13 10 0.024
444 680 17 20 0.024
1005 624 14 18 0.024
989 627 25 16 0.024
853 522 7 15 0.024
762 572 22 38 0.024
318 522 6 20 0.024
680 455 9 8 0.023
218 596 12 70 0.023
359 604 13 18 0.023
289 539 10 9 0.023
8 435 10 21 0.023
36 613 12 54 0.023
695 664 15 21 0.022
22 531 18 23 0.022
807 602 14 16 0.022
135 496 8 18 0.022
359 429 8 30 0.022
699 461 6 8 0.022
314 538 8 18 0.022
798 563 12 15 0.022
169 622 16 18 0.022
1007 565 10 13 0.022
571 540 21 8 0.022
522 505 24 8 0.022
476 411 6 31 0.022
730 496 7 25 0.022
387 517 14 32 0.022
171 691 16 25 0.021
202 571 13 32 0.021
184 475 8 19 0.021
729 511 10 24 0.021
95 483 10 16 0.021
23 388 7 9 0.021
663 606 12 14 0.021
270 489 7 31 0.021
499 459 7 29 0.021
478 630 12 14 0.021
692 568 11 29 0.021
736 571 9 16 0.021
993 608 17 40 0.021
530 626 28 10 0.021
2 468 6 31 0.021
585 591 9 27 0.021
9 577 11 15 0.021
270 470 5 31 0.020
399 438 9 28 0.020
350 589 15 12 0.020
