10_People_Marching_People_Marching_2_498
52
346 418 27 29 0.797
786 541 25 29 0.787
896 416 21 29 0.777
70 145 22 29 0.771
411 583 27 30 0.770
705 1 21 24 0.764
28 14 23 29 0.762
773 135 23 25 0.761
722 419 24 26 0.754
955 544 23 30 0.748
609 128 23 26 0.747
1002 276 22 25 0.742
545 5 23 26 0.742
191 27 23 26 0.741
364 29 20 26 0.740
164 422 23 29 0.732
36 615 26 26 0.719
540 439 23 31 0.711
239 137 24 24 0.711
576 597 24 31 0.695
664 282 23 25 0.692
290 285 24 26 0.670
941 125 25 26 0.662
835 275 23 30 0.656
876 11 22 24 0.579
0 455 18 25 0.556
468 298 23 24 0.525
213 593 25 27 0.520
118 270 23 24 0.517
211 605 28 29 0.249
440 186 22 25 0.092
409 563 24 26 0.076
209 62 23 24 0.075
292 266 22 24 0.074
194 9 18 21 0.067
425 137 21 24 0.066
122 302 21 23 0.061
308 323 26 29 0.057
0 2 10 24 0.042
803 177 23 19 0.041
904 39 16 21 0.039
499 332 19 28 0.034
422 143 21 26 0.033
194 3 22 53 0.032
433 175 26 36 0.028
746 448 25 31 0.026
291 237 20 26 0.025
614 86 18 25 0.024
876 0 26 21 0.024
294 288 25 33 0.022
291 0 17 13 0.021
192 15 23 28 0.020
