10_People_Marching_People_Marching_2_373
502
512 414 40 49 0.842
693 481 46 52 0.840
251 464 40 48 0.840
283 294 36 42 0.836
354 437 46 54 0.831
382 188 29 37 0.829
698 336 32 40 0.827
394 346 37 43 0.826
767 497 40 51 0.825
673 438 37 43 0.824
809 298 36 38 0.824
629 471 40 46 0.821
1002 374 22 37 0.820
463 326 37 44 0.817
766 115 27 28 0.817
313 204 29 38 0.816
107 426 42 44 0.812
54 541 39 36 0.811
772 187 28 36 0.808
758 336 31 38 0.807
251 401 39 47 0.807
982 151 28 34 0.807
73 472 34 45 0.806
169 386 33 39 0.806
569 304 29 35 0.805
275 364 38 48 0.804
969 90 27 32 0.804
756 274 35 38 0.802
260 263 29 36 0.798
338 166 25 32 0.796
620 111 26 30 0.795
138 314 31 36 0.794
994 479 29 40 0.793
184 121 23 32 0.792
318 538 45 39 0.791
20 320 37 40 0.791
994 79 25 29 0.790
871 401 39 47 0.788
914 149 27 33 0.788
696 201 31 32 0.788
979 439 29 35 0.786
984 242 32 37 0.786
270 96 26 32 0.780
944 205 28 32 0.780
264 139 27 32 0.780
864 132 25 31 0.779
839 74 25 30 0.776
268 200 29 31 0.775
955 505 40 45 0.774
885 174 29 31 0.774
254 164 24 30 0.772
55 303 31 39 0.769
168 288 34 44 0.768
758 234 27 31 0.768
968 188 25 31 0.767
414 425 36 49 0.766
367 382 32 40 0.765
912 228 31 38 0.764
840 157 25 28 0.762
877 99 25 31 0.761
52 52 22 27 0.761
346 50 22 25 0.760
224 309 33 41 0.758
657 52 21 25 0.758
522 257 29 34 0.755
184 435 31 42 0.755
48 431 38 41 0.753
186 13 18 24 0.753
728 87 23 28 0.751
91 376 33 40 0.751
291 469 34 43 0.750
152 346 34 40 0.750
996 204 26 31 0.749
847 237 31 35 0.747
714 173 27 34 0.746
479 40 21 24 0.746
775 87 23 27 0.746
355 76 22 26 0.744
814 181 26 32 0.744
613 73 23 28 0.743
693 294 31 35 0.743
633 293 30 35 0.743
757 26 20 26 0.741
381 2 21 24 0.741
935 72 24 30 0.739
858 296 28 32 0.738
368 136 27 32 0.737
553 390 37 41 0.736
286 17 17 20 0.734
576 60 21 28 0.734
732 557 40 20 0.734
656 139 26 29 0.732
321 42 19 23 0.731
144 506 44 49 0.729
775 148 24 27 0.729
624 174 25 31 0.727
807 143 28 31 0.726
926 119 26 29 0.725
87 186 27 31 0.725
696 240 29 32 0.723
122 6 17 20 0.722
149 100 23 29 0.722
873 67 24 25 0.720
479 271 24 27 0.719
159 5 17 21 0.718
369 40 17 24 0.715
798 118 24 30 0.713
21 79 20 29 0.712
304 11 18 21 0.711
546 93 26 30 0.706
929 499 33 44 0.705
928 291 28 36 0.704
791 66 25 28 0.701
771 48 19 23 0.699
853 49 20 25 0.697
333 279 31 34 0.694
116 55 20 24 0.694
208 259 29 35 0.692
56 222 27 30 0.691
0 42 15 25 0.691
416 98 21 28 0.691
209 229 22 30 0.691
165 69 22 29 0.690
120 34 19 23 0.690
200 98 22 28 0.687
372 105 26 30 0.686
207 201 27 32 0.685
818 89 21 27 0.677
640 27 19 22 0.673
827 57 20 22 0.673
400 254 25 29 0.672
728 5 18 22 0.665
922 380 27 38 0.663
796 16 17 28 0.659
880 273 25 30 0.657
38 11 17 21 0.653
791 373 39 45 0.651
0 87 20 24 0.650
500 94 26 32 0.649
849 205 25 29 0.647
186 63 18 25 0.644
700 24 19 25 0.639
405 53 20 23 0.631
242 5 15 21 0.630
679 138 23 28 0.621
523 61 18 23 0.620
174 500 30 42 0.620
424 51 19 25 0.619
402 299 28 32 0.619
345 327 28 36 0.619
165 185 30 33 0.617
1 199 17 34 0.613
364 259 25 35 0.612
230 539 42 37 0.607
4 7 18 19 0.604
84 34 18 21 0.602
140 132 23 29 0.596
564 0 17 14 0.596
460 77 19 29 0.596
101 240 22 29 0.588
701 0 14 16 0.586
125 385 33 38 0.585
50 260 27 33 0.585
446 387 33 40 0.584
793 271 27 32 0.583
931 50 16 22 0.582
549 45 18 22 0.582
331 433 29 40 0.574
445 42 23 24 0.573
228 80 20 26 0.568
628 405 30 39 0.565
402 78 22 26 0.551
410 23 18 23 0.541
145 44 17 20 0.537
762 77 19 20 0.535
442 554 40 22 0.530
260 76 22 22 0.524
618 34 18 23 0.515
591 371 27 36 0.512
907 268 23 26 0.510
978 554 40 22 0.491
941 26 14 18 0.487
494 21 18 21 0.482
958 286 29 32 0.482
903 560 29 17 0.477
32 60 18 22 0.469
729 42 19 22 0.468
881 45 18 22 0.466
346 21 20 23 0.463
455 10 17 22 0.456
364 12 15 17 0.455
224 181 24 29 0.454
568 85 18 21 0.433
818 38 17 20 0.430
668 348 29 33 0.423
745 162 24 28 0.419
211 64 19 23 0.419
706 136 21 25 0.406
106 299 25 32 0.400
944 5 16 21 0.398
660 17 16 20 0.397
994 128 24 31 0.396
62 353 29 34 0.382
342 130 20 26 0.381
135 83 21 28 0.380
83 8 16 18 0.379
902 68 17 20 0.378
68 244 24 35 0.374
655 394 31 38 0.374
662 0 15 15 0.365
537 75 19 24 0.362
834 479 33 39 0.354
99 552 33 24 0.352
675 557 36 20 0.344
204 97 26 27 0.338
798 53 20 24 0.338
394 125 19 25 0.338
232 47 19 25 0.333
210 214 25 32 0.329
847 12 13 15 0.328
230 25 18 23 0.318
474 111 24 26 0.318
570 30 17 21 0.317
888 28 16 19 0.316
217 92 20 29 0.312
836 566 38 11 0.305
55 20 15 17 0.298
530 68 17 23 0.298
777 465 31 35 0.294
450 289 26 33 0.283
667 190 27 29 0.280
213 0 15 16 0.278
517 31 16 19 0.275
47 175 26 30 0.273
351 64 23 32 0.263
510 8 16 21 0.256
824 513 29 39 0.255
414 329 27 32 0.244
407 44 19 24 0.241
3 300 23 33 0.231
410 18 17 20 0.228
142 0 13 16 0.226
539 8 16 17 0.225
610 12 15 20 0.218
945 0 13 39 0.217
169 66 37 24 0.215
906 505 26 36 0.214
184 215 23 26 0.214
446 110 18 20 0.203
656 0 15 15 0.202
693 2 24 17 0.195
877 272 44 28 0.193
848 32 16 18 0.188
917 72 17 23 0.188
674 231 22 26 0.188
23 0 13 12 0.183
837 228 27 27 0.183
895 270 37 29 0.180
747 0 17 19 0.178
605 332 26 33 0.177
0 137 14 35 0.171
766 5 17 19 0.170
1016 20 8 36 0.169
239 103 19 22 0.169
785 412 34 40 0.164
622 0 14 12 0.164
730 65 22 22 0.160
616 0 18 17 0.159
271 0 15 15 0.157
879 0 17 5 0.156
683 5 14 17 0.154
930 60 23 39 0.154
451 299 25 32 0.151
1016 113 8 26 0.150
744 176 25 31 0.149
278 173 28 28 0.148
405 55 24 38 0.147
230 99 22 26 0.144
641 3 12 13 0.142
282 13 38 21 0.141
60 239 44 33 0.139
937 455 31 37 0.136
338 103 20 26 0.136
554 253 29 31 0.135
358 5 16 20 0.134
204 188 22 27 0.133
800 0 12 12 0.131
499 52 17 21 0.131
38 34 18 21 0.129
899 98 19 25 0.129
184 46 19 23 0.125
104 131 25 29 0.124
821 18 15 18 0.120
485 23 22 31 0.117
26 14 20 20 0.117
502 0 16 21 0.115
33 4 20 19 0.114
1001 134 19 30 0.114
810 151 53 45 0.114
272 49 22 25 0.113
904 364 27 31 0.112
604 204 24 34 0.109
337 42 28 30 0.108
767 9 17 29 0.108
917 375 25 33 0.107
15 372 28 38 0.106
803 48 20 22 0.106
304 535 43 41 0.106
190 261 28 34 0.103
271 70 22 24 0.096
399 87 19 27 0.096
445 1 18 20 0.094
608 2 14 17 0.093
3 134 19 30 0.092
328 105 23 26 0.092
54 440 43 41 0.091
95 264 22 29 0.091
636 71 15 22 0.087
4 296 18 26 0.086
608 0 13 12 0.082
767 1 13 15 0.080
790 252 25 30 0.079
274 0 18 12 0.079
290 9 19 25 0.077
303 213 29 32 0.077
35 0 19 10 0.076
7 202 26 30 0.075
741 395 35 45 0.075
716 111 18 22 0.075
441 113 20 22 0.075
997 51 19 23 0.073
819 31 17 20 0.073
610 0 20 32 0.071
357 0 13 10 0.071
523 48 44 36 0.070
668 199 22 27 0.070
83 0 16 60 0.069
507 303 28 33 0.067
444 0 16 15 0.067
940 19 16 22 0.067
73 0 16 12 0.067
616 577 39 0 0.066
311 4 16 22 0.066
222 224 23 29 0.066
341 2 21 20 0.065
622 446 28 33 0.064
304 58 17 19 0.064
716 87 19 24 0.063
762 466 38 40 0.063
681 8 15 18 0.063
517 1 17 21 0.062
169 510 32 41 0.062
21 21 16 21 0.061
214 148 23 28 0.061
1009 50 13 29 0.061
355 297 25 39 0.060
280 5 19 29 0.060
804 182 30 32 0.060
0 184 15 31 0.060
67 91 22 27 0.060
336 11 20 21 0.059
342 121 19 24 0.058
939 175 25 29 0.057
571 30 26 27 0.057
93 5 15 18 0.056
834 221 24 27 0.056
453 255 28 26 0.056
43 0 14 10 0.056
845 480 32 41 0.056
671 217 24 35 0.055
753 10 23 46 0.055
475 22 18 20 0.055
44 124 24 30 0.054
558 245 30 30 0.054
20 204 23 26 0.053
381 129 24 29 0.053
14 63 18 25 0.052
938 391 34 35 0.052
916 82 17 23 0.051
69 5 17 20 0.050
170 484 32 45 0.050
587 248 24 27 0.050
893 51 17 21 0.050
523 0 14 15 0.049
270 53 25 34 0.049
522 306 31 34 0.048
188 269 24 33 0.048
202 39 19 25 0.047
72 271 23 30 0.047
945 1 17 17 0.047
0 61 10 23 0.047
70 94 27 32 0.046
230 62 19 28 0.046
800 89 22 24 0.045
640 137 18 22 0.045
205 52 19 28 0.043
336 5 18 20 0.043
580 35 18 23 0.042
13 25 20 21 0.042
1 255 19 30 0.041
730 52 20 25 0.041
616 312 38 38 0.040
539 13 19 20 0.040
457 20 18 24 0.040
1015 11 9 22 0.039
443 255 23 25 0.039
675 344 30 34 0.039
627 71 29 29 0.038
323 106 20 24 0.038
449 255 25 51 0.038
663 207 27 33 0.038
661 187 26 30 0.038
527 56 19 23 0.038
896 354 34 36 0.037
1 147 17 29 0.036
852 0 15 10 0.036
600 196 25 33 0.036
616 14 14 18 0.036
233 211 23 29 0.036
608 214 24 33 0.036
674 1 20 17 0.035
708 142 23 27 0.035
260 52 27 25 0.035
887 0 16 51 0.035
142 79 24 25 0.035
404 27 20 24 0.034
454 261 27 36 0.034
299 222 18 22 0.034
622 71 23 25 0.034
265 0 15 10 0.034
238 291 21 26 0.033
204 235 25 37 0.032
476 0 12 15 0.032
318 154 20 26 0.032
42 160 26 37 0.032
866 292 31 36 0.031
827 489 31 42 0.031
159 173 29 31 0.031
255 55 18 21 0.030
292 0 20 11 0.030
641 289 32 36 0.030
199 211 23 29 0.030
723 269 22 26 0.029
690 68 17 24 0.029
874 460 26 36 0.029
171 173 25 31 0.029
605 24 14 16 0.028
845 0 18 11 0.028
4 50 29 31 0.028
229 551 52 25 0.028
82 254 26 34 0.028
732 11 18 21 0.027
843 557 33 20 0.027
104 5 23 20 0.027
222 24 20 22 0.027
106 140 27 35 0.027
677 188 20 25 0.027
395 99 18 23 0.027
59 269 29 34 0.026
940 22 19 27 0.026
940 167 22 27 0.026
501 0 39 59 0.025
617 54 18 23 0.025
553 31 18 27 0.025
206 33 17 21 0.025
124 156 21 26 0.025
23 118 17 22 0.025
548 261 26 29 0.024
952 0 15 10 0.024
166 471 35 42 0.024
406 312 29 34 0.024
316 0 18 15 0.023
668 360 30 39 0.023
772 14 21 22 0.023
5 289 19 26 0.023
515 10 20 25 0.022
795 50 17 20 0.022
706 0 19 12 0.022
44 105 39 49 0.022
968 52 15 19 0.022
81 89 23 31 0.022
113 302 24 32 0.022
935 43 17 22 0.021
657 357 33 39 0.021
0 160 12 30 0.021
299 0 25 11 0.021
119 58 24 40 0.021
88 0 19 15 0.021
68 112 19 27 0.021
1010 25 12 27 0.021
691 49 21 43 0.021
110 290 23 28 0.021
647 132 25 29 0.021
966 20 15 17 0.021
621 567 33 9 0.021
871 494 26 35 0.021
128 137 26 28 0.021
911 270 27 29 0.020
287 75 17 25 0.020
648 276 28 34 0.020
643 86 25 33 0.020
1 307 18 34 0.020
