10_People_Marching_People_Marching_10_People_Marching_People_Marching_10_People_Marching_People_Marching_10_1024
136
365 1894 74 83 0.824
613 1987 80 85 0.819
209 1962 81 91 0.816
953 1923 62 68 0.807
0 1690 59 65 0.779
728 1852 51 54 0.750
914 1785 51 58 0.742
514 1843 43 51 0.729
612 1829 44 51 0.721
174 1746 48 53 0.714
861 1779 43 51 0.713
403 1789 52 55 0.703
579 1898 48 54 0.693
663 1802 38 45 0.681
74 1704 49 56 0.680
886 1683 35 45 0.670
985 1755 39 51 0.666
902 1080 44 49 0.664
267 1747 44 52 0.661
795 1785 45 51 0.661
549 1777 32 39 0.654
489 1722 32 39 0.637
341 1750 38 48 0.613
451 1825 39 46 0.609
279 1049 25 30 0.608
204 1051 30 36 0.575
460 1042 30 39 0.557
707 1071 31 41 0.548
764 1737 33 40 0.547
569 1039 26 31 0.526
858 1726 36 40 0.498
599 1762 33 37 0.497
994 1089 25 38 0.479
631 1759 30 34 0.457
231 1715 37 44 0.448
126 1711 40 49 0.425
508 1793 33 38 0.413
60 288 25 32 0.408
669 1743 29 35 0.396
701 1755 29 36 0.383
469 1769 30 36 0.365
382 1049 24 27 0.285
414 1057 30 33 0.254
649 1048 19 26 0.250
399 338 24 29 0.238
78 1707 87 51 0.211
850 1066 24 32 0.195
387 1047 33 34 0.193
220 1751 35 43 0.188
442 366 19 23 0.186
551 1774 58 38 0.183
649 1805 45 51 0.173
160 1657 37 47 0.172
671 1743 31 69 0.170
30 345 25 26 0.159
387 380 21 25 0.155
134 1690 40 63 0.155
322 1043 22 28 0.151
671 1749 64 38 0.147
95 357 22 24 0.140
794 204 34 40 0.138
304 318 35 41 0.130
247 1033 24 28 0.128
846 1055 24 37 0.125
184 1751 62 50 0.121
843 1042 23 25 0.112
860 1712 39 72 0.111
707 1738 27 33 0.104
914 1077 52 41 0.099
880 1663 38 95 0.096
236 1039 30 36 0.096
781 1043 26 33 0.096
242 348 25 24 0.093
180 1056 33 32 0.091
926 1732 32 41 0.090
705 1062 30 37 0.087
19 339 25 28 0.084
890 995 20 24 0.076
669 341 21 24 0.074
704 1767 48 34 0.072
434 364 43 24 0.072
174 1749 139 48 0.072
169 1052 23 30 0.071
38 1018 22 28 0.069
671 377 21 23 0.069
475 361 21 23 0.068
487 1032 28 30 0.068
23 336 30 37 0.060
137 391 20 23 0.060
974 1087 41 35 0.059
169 353 27 25 0.057
994 1725 29 43 0.055
857 350 23 27 0.054
151 355 34 25 0.052
77 1054 31 42 0.049
32 1020 25 37 0.049
211 357 35 24 0.046
700 344 29 28 0.046
791 365 26 30 0.044
512 358 16 18 0.042
601 1695 37 202 0.041
556 356 15 18 0.041
649 341 40 23 0.038
46 354 29 27 0.038
782 1033 26 32 0.037
629 359 22 23 0.036
587 359 21 20 0.036
371 297 22 32 0.036
827 1035 26 30 0.035
107 1024 31 38 0.034
553 1761 31 46 0.032
925 990 17 20 0.032
469 1045 28 35 0.031
771 1730 35 42 0.029
327 1030 24 31 0.028
140 348 37 52 0.028
94 353 34 25 0.028
382 367 31 36 0.028
767 1050 31 31 0.028
834 1039 35 36 0.028
661 1726 158 71 0.027
304 1035 25 27 0.025
973 1673 33 41 0.025
471 355 34 31 0.025
513 338 17 48 0.024
504 1027 29 29 0.023
77 1040 45 58 0.023
661 1068 31 39 0.023
512 332 17 19 0.022
86 350 30 35 0.022
94 353 45 38 0.022
98 1720 53 53 0.022
168 349 43 43 0.022
917 357 25 27 0.021
581 363 47 18 0.021
859 1045 27 32 0.021
