10_People_Marching_People_Marching_10_People_Marching_People_Marching_10_240
147
409 322 111 134 0.885
911 431 113 123 0.863
612 233 48 62 0.856
241 307 65 81 0.854
222 269 34 44 0.829
419 236 41 52 0.822
380 253 25 35 0.818
290 268 37 53 0.810
1 238 32 38 0.802
131 210 27 35 0.797
219 224 23 27 0.783
554 224 20 27 0.772
715 243 25 32 0.772
796 306 36 47 0.766
263 211 17 24 0.760
690 258 25 35 0.754
328 231 27 40 0.751
196 198 18 22 0.722
493 213 17 23 0.698
837 263 29 37 0.686
170 200 19 25 0.651
743 218 14 16 0.620
106 195 16 19 0.578
981 337 43 72 0.569
1000 213 15 17 0.557
538 210 16 20 0.555
388 188 13 14 0.538
739 237 17 20 0.536
138 189 13 16 0.525
935 268 41 47 0.497
682 227 18 19 0.459
891 218 16 22 0.450
221 205 18 21 0.442
340 216 14 17 0.425
851 212 14 17 0.422
234 188 11 14 0.385
723 203 11 14 0.379
890 234 17 18 0.369
826 275 31 34 0.366
457 238 25 36 0.342
766 204 11 12 0.339
1012 225 12 20 0.308
162 189 14 18 0.307
835 207 12 16 0.306
260 186 8 10 0.293
790 205 11 12 0.281
200 181 11 13 0.281
722 241 27 28 0.272
261 181 8 12 0.262
223 182 10 13 0.259
796 218 13 16 0.239
296 184 9 12 0.238
663 190 9 11 0.232
303 198 14 16 0.230
623 206 16 19 0.213
375 216 14 17 0.202
221 213 22 29 0.200
518 243 24 32 0.200
326 167 10 11 0.175
238 180 11 12 0.174
590 193 10 13 0.167
692 207 10 11 0.152
278 190 12 15 0.151
840 209 15 18 0.146
739 220 16 43 0.146
625 209 22 20 0.144
714 223 11 15 0.143
479 189 10 13 0.139
715 194 8 10 0.135
300 201 15 18 0.133
634 218 17 18 0.126
779 231 14 16 0.124
497 199 12 14 0.119
165 193 18 34 0.113
680 232 18 19 0.111
391 187 13 15 0.103
717 197 13 15 0.101
369 192 10 12 0.100
598 234 15 19 0.099
162 187 11 14 0.098
278 197 14 18 0.098
599 225 15 22 0.097
883 298 40 47 0.095
874 178 11 14 0.092
602 223 14 16 0.091
297 186 14 24 0.090
230 184 15 28 0.088
11 187 24 30 0.081
903 246 20 25 0.077
889 223 19 27 0.077
346 192 12 18 0.077
313 195 11 14 0.077
343 190 11 13 0.072
836 205 10 12 0.072
36 235 21 29 0.070
236 179 10 12 0.069
783 204 10 11 0.069
279 186 18 16 0.069
786 222 16 17 0.068
859 342 46 62 0.064
479 191 17 14 0.064
726 200 12 14 0.059
974 246 27 35 0.058
801 198 9 10 0.054
298 208 13 17 0.054
202 180 15 15 0.053
606 221 16 18 0.051
630 217 25 25 0.047
786 192 21 57 0.045
510 201 10 13 0.040
337 214 20 27 0.037
620 204 23 28 0.037
715 189 10 16 0.036
350 201 11 15 0.036
359 180 8 12 0.036
296 182 19 11 0.035
826 243 17 18 0.035
449 204 16 17 0.034
599 222 12 15 0.034
977 258 24 36 0.033
737 195 10 11 0.032
798 202 13 16 0.030
488 194 23 18 0.030
301 209 15 18 0.029
160 198 19 26 0.029
968 180 20 26 0.028
715 178 9 11 0.028
459 235 21 26 0.027
455 203 18 16 0.027
6 181 55 36 0.027
1004 292 20 37 0.027
278 171 11 10 0.026
34 170 36 44 0.026
762 254 18 26 0.026
442 233 31 48 0.026
768 290 22 27 0.025
351 196 24 12 0.025
299 165 9 10 0.024
905 246 60 54 0.024
49 205 25 31 0.023
827 213 17 47 0.023
461 200 12 15 0.023
822 220 14 17 0.022
860 204 10 12 0.022
1013 230 11 23 0.022
307 176 12 12 0.020
279 183 44 38 0.020
