11_Meeting_Meeting_11_Meeting_Meeting_11_507
138
55 253 29 33 0.830
76 404 37 45 0.819
905 410 38 49 0.807
131 362 31 38 0.807
821 356 28 36 0.800
241 235 14 18 0.765
192 242 18 21 0.745
846 302 17 21 0.720
776 233 12 15 0.713
686 283 14 20 0.712
282 288 16 18 0.704
1011 248 13 19 0.702
750 237 13 17 0.669
661 281 14 18 0.663
198 361 18 24 0.652
961 248 14 16 0.650
890 305 19 24 0.633
707 314 17 22 0.632
877 288 15 18 0.628
254 305 16 21 0.628
308 284 14 18 0.618
151 294 15 22 0.617
299 229 11 15 0.614
811 247 15 21 0.606
866 355 21 35 0.586
649 276 12 16 0.568
330 273 12 16 0.564
697 300 16 20 0.525
736 321 16 24 0.507
897 321 21 23 0.499
978 353 21 24 0.498
730 272 14 18 0.481
660 256 11 13 0.459
630 263 9 12 0.447
962 224 11 11 0.403
352 259 11 14 0.392
764 224 10 12 0.378
1004 227 11 13 0.361
901 232 9 11 0.353
457 244 8 10 0.342
892 312 22 26 0.336
585 250 10 13 0.326
614 256 10 12 0.316
217 273 11 15 0.313
601 255 10 14 0.300
703 305 19 26 0.292
6 311 15 19 0.286
350 262 11 14 0.282
1015 278 9 22 0.252
382 252 10 12 0.250
437 256 9 12 0.221
683 259 8 12 0.207
741 357 22 26 0.192
263 359 21 26 0.182
934 373 25 32 0.162
920 231 10 13 0.161
545 267 11 13 0.159
592 253 14 14 0.146
326 245 10 15 0.143
769 327 15 21 0.136
530 260 10 11 0.135
521 239 8 10 0.130
735 243 10 13 0.111
274 270 11 15 0.109
913 356 23 29 0.109
738 313 17 23 0.107
355 258 10 13 0.106
654 256 16 27 0.101
591 279 10 12 0.100
484 232 9 11 0.098
670 284 34 18 0.095
652 278 15 17 0.089
379 225 8 10 0.086
519 240 9 11 0.086
159 351 18 25 0.082
626 262 17 14 0.080
497 244 9 11 0.080
406 251 9 10 0.075
323 242 12 14 0.075
978 230 10 13 0.071
517 232 7 9 0.069
629 247 11 12 0.065
522 240 10 16 0.065
556 281 13 15 0.063
530 258 15 14 0.062
552 230 8 9 0.061
745 237 14 17 0.061
777 319 19 21 0.057
601 261 11 14 0.057
398 251 11 10 0.056
353 221 8 9 0.055
901 236 9 11 0.054
555 236 8 10 0.054
158 295 18 20 0.051
553 231 8 13 0.050
992 221 9 11 0.050
789 312 16 20 0.049
628 245 7 10 0.048
616 262 30 14 0.046
784 315 18 22 0.046
375 223 9 13 0.043
591 254 31 16 0.043
170 279 13 20 0.041
314 251 10 13 0.041
314 255 9 15 0.040
547 229 9 11 0.040
436 260 12 13 0.040
168 271 13 15 0.039
968 352 27 29 0.039
434 253 20 16 0.038
688 239 8 11 0.037
247 319 17 20 0.036
971 321 17 22 0.036
635 249 23 11 0.035
331 236 11 11 0.035
384 250 16 15 0.034
433 248 10 12 0.032
545 229 8 9 0.032
881 253 10 14 0.031
735 359 21 25 0.031
559 243 9 14 0.031
745 308 16 18 0.030
556 241 10 16 0.030
881 248 9 12 0.030
388 249 29 11 0.029
734 303 14 25 0.028
351 236 9 11 0.026
257 263 9 12 0.026
310 276 13 21 0.026
563 255 10 22 0.023
921 235 12 13 0.023
588 280 14 18 0.023
766 335 16 19 0.022
729 297 12 18 0.022
814 241 13 17 0.022
456 242 12 14 0.021
350 231 9 18 0.021
482 228 9 12 0.020
