11_Meeting_Meeting_11_Meeting_Meeting_11_441
27
554 278 27 32 0.843
650 291 28 35 0.815
402 277 25 37 0.801
462 273 24 32 0.792
733 290 25 39 0.756
255 306 26 45 0.744
138 356 37 66 0.728
202 467 66 91 0.723
738 333 27 34 0.714
421 346 31 55 0.660
821 342 34 45 0.643
376 306 26 43 0.607
919 585 105 93 0.566
600 225 10 12 0.551
768 333 26 39 0.541
672 9 11 15 0.323
558 228 8 11 0.237
622 318 26 32 0.219
214 646 65 37 0.211
777 10 10 12 0.177
621 245 8 10 0.070
1015 409 9 23 0.036
778 47 7 9 0.035
232 160 17 19 0.035
574 248 7 10 0.031
849 254 11 15 0.024
367 311 28 41 0.024
