11_Meeting_Meeting_11_Meeting_Meeting_11_189
58
807 143 35 57 0.794
196 385 28 35 0.773
98 382 18 24 0.709
66 367 18 23 0.687
397 391 15 19 0.635
18 361 11 13 0.618
327 377 12 17 0.612
254 360 12 15 0.599
160 366 15 18 0.567
73 354 9 11 0.523
337 363 9 12 0.521
428 366 12 15 0.517
497 360 9 12 0.495
417 355 9 10 0.472
107 362 11 14 0.460
47 356 9 11 0.426
276 372 12 15 0.371
32 354 11 13 0.302
215 356 8 10 0.289
138 362 8 11 0.278
374 355 8 10 0.273
0 360 11 16 0.273
41 355 12 12 0.243
394 358 8 11 0.236
31 355 25 12 0.161
279 368 12 16 0.139
286 345 10 12 0.116
390 357 13 10 0.112
72 353 7 9 0.104
286 336 8 10 0.075
432 368 10 12 0.067
31 347 12 17 0.066
287 334 6 9 0.065
287 333 8 25 0.063
417 351 9 26 0.060
72 364 16 20 0.058
391 355 10 19 0.057
300 353 8 10 0.056
110 360 9 11 0.053
146 453 33 44 0.053
166 343 11 11 0.049
223 355 12 11 0.049
201 368 9 12 0.046
171 341 7 10 0.045
217 355 9 8 0.045
155 343 13 11 0.044
5 374 10 14 0.038
143 466 30 43 0.035
384 379 12 14 0.034
164 349 12 31 0.034
293 352 16 11 0.033
155 338 13 26 0.032
409 374 11 17 0.029
204 360 15 25 0.029
154 344 8 10 0.028
478 376 9 11 0.028
82 356 8 11 0.022
214 355 13 15 0.022
