11_Meeting_Meeting_11_Meeting_Meeting_11_702
112
442 297 51 60 0.866
748 320 59 65 0.862
889 244 48 49 0.855
3 297 41 40 0.842
419 236 38 46 0.838
679 255 43 50 0.834
625 192 29 38 0.823
792 185 37 42 0.819
544 160 21 26 0.813
120 210 27 30 0.809
823 151 28 33 0.803
890 162 36 37 0.799
668 147 23 28 0.796
579 176 24 31 0.796
718 162 27 32 0.790
408 200 29 35 0.780
376 185 25 29 0.780
714 130 19 24 0.775
618 138 21 25 0.762
960 180 43 41 0.761
914 120 19 21 0.761
373 126 17 21 0.760
402 142 17 22 0.760
769 134 22 28 0.758
21 193 29 32 0.756
359 166 21 25 0.747
0 213 20 31 0.744
805 121 16 21 0.743
330 129 16 20 0.737
43 169 29 30 0.737
526 141 20 24 0.733
945 143 23 26 0.732
346 156 16 22 0.726
507 132 17 21 0.725
479 129 15 19 0.723
861 128 18 22 0.706
944 112 18 21 0.685
879 107 15 19 0.676
684 123 18 21 0.651
752 111 14 18 0.651
570 126 14 17 0.644
782 108 14 17 0.631
835 117 14 18 0.619
898 99 14 15 0.610
923 100 12 13 0.605
981 100 12 14 0.577
814 95 10 13 0.570
658 122 16 18 0.566
699 107 13 15 0.547
1001 105 11 14 0.520
751 70 8 10 0.501
533 119 15 18 0.484
985 128 22 24 0.475
1014 111 10 15 0.474
772 72 8 9 0.447
350 158 19 25 0.417
937 92 9 11 0.357
802 72 9 11 0.320
1008 109 14 15 0.301
631 118 12 14 0.297
917 69 9 11 0.295
796 73 10 10 0.277
918 112 16 23 0.277
790 72 8 9 0.242
170 409 26 29 0.229
790 73 20 10 0.132
595 101 10 13 0.132
970 153 18 18 0.122
839 120 14 17 0.117
790 122 25 23 0.116
992 106 28 16 0.103
506 132 39 25 0.099
779 97 28 43 0.092
872 103 46 17 0.088
723 94 9 11 0.085
595 388 44 51 0.081
640 130 14 18 0.076
753 67 8 11 0.072
1006 165 18 21 0.072
881 134 15 17 0.070
645 153 19 23 0.063
1014 127 10 18 0.063
813 73 9 10 0.057
816 91 9 13 0.057
967 113 11 14 0.052
868 116 19 25 0.051
978 153 24 21 0.048
606 162 18 26 0.046
612 385 32 45 0.043
572 120 17 17 0.042
786 67 12 24 0.040
700 103 11 14 0.038
648 146 19 24 0.036
457 106 10 10 0.034
788 93 10 11 0.034
605 152 16 24 0.030
986 155 25 23 0.029
535 115 12 16 0.029
605 126 13 22 0.028
603 143 14 21 0.027
462 117 13 16 0.026
857 115 13 14 0.026
720 97 10 17 0.026
189 266 21 26 0.025
840 117 46 17 0.025
149 354 24 28 0.024
787 91 9 20 0.024
105 357 30 31 0.024
917 68 12 20 0.024
870 167 21 27 0.023
676 105 20 19 0.022
748 68 21 13 0.021
