11_Meeting_Meeting_11_Meeting_Meeting_11_644
59
615 463 25 34 0.753
305 430 27 44 0.711
448 451 22 36 0.551
926 452 13 17 0.411
378 463 17 27 0.386
603 456 16 22 0.277
784 465 8 9 0.238
669 447 18 23 0.206
876 465 8 8 0.186
162 468 8 10 0.158
203 467 12 14 0.146
221 464 10 12 0.144
993 512 23 31 0.134
589 483 16 22 0.124
252 472 24 28 0.123
31 488 18 27 0.122
656 352 19 20 0.120
69 463 9 10 0.117
248 466 22 31 0.112
149 462 8 10 0.111
263 452 15 17 0.106
803 472 9 12 0.106
872 493 6 9 0.090
55 493 14 18 0.088
850 464 10 11 0.069
258 451 14 15 0.067
815 487 8 11 0.064
373 456 17 26 0.062
244 460 14 19 0.060
0 502 7 17 0.059
245 463 16 24 0.059
904 448 10 11 0.058
853 458 9 14 0.055
914 470 14 19 0.055
184 464 10 10 0.054
872 492 8 15 0.054
42 491 31 21 0.049
508 462 16 21 0.047
343 456 12 17 0.046
855 454 8 9 0.045
246 457 22 20 0.043
854 466 11 12 0.041
877 506 10 11 0.039
998 476 9 10 0.038
852 487 10 13 0.038
518 476 14 19 0.036
807 471 13 30 0.031
835 458 12 15 0.030
642 486 13 19 0.029
398 452 18 23 0.029
910 475 15 12 0.028
598 456 16 20 0.026
1011 490 9 12 0.025
68 460 13 15 0.024
922 476 19 21 0.024
452 462 22 31 0.022
805 466 10 14 0.021
504 458 18 21 0.020
813 487 9 17 0.020
