11_Meeting_Meeting_11_Meeting_Meeting_11_349
42
195 167 73 127 0.826
525 49 17 23 0.770
144 35 21 25 0.760
630 57 20 25 0.755
476 50 15 20 0.738
728 56 19 23 0.737
427 38 16 21 0.725
586 50 17 24 0.724
668 45 16 20 0.706
825 53 17 21 0.690
698 62 18 20 0.689
982 51 14 17 0.606
857 55 16 18 0.604
894 52 13 14 0.555
606 51 16 19 0.551
790 56 12 16 0.421
952 52 11 15 0.230
912 56 13 16 0.196
387 341 68 50 0.146
836 33 13 15 0.143
780 58 20 18 0.134
926 48 12 14 0.123
918 53 15 16 0.121
755 66 15 15 0.104
959 65 13 16 0.102
657 42 14 18 0.073
732 51 17 22 0.058
763 64 27 16 0.055
914 56 17 21 0.050
572 30 17 22 0.048
557 62 14 14 0.045
952 58 18 19 0.043
928 46 12 15 0.036
96 81 21 27 0.033
913 73 14 15 0.033
851 57 17 18 0.032
770 69 14 17 0.028
839 35 15 18 0.026
737 48 14 14 0.024
567 28 18 21 0.021
882 80 16 17 0.020
555 53 13 21 0.020
