11_Meeting_Meeting_11_Meeting_Meeting_11_206
24
476 253 35 44 0.821
92 324 39 62 0.813
617 234 33 42 0.806
188 365 47 84 0.796
303 278 33 43 0.787
802 218 36 45 0.784
50 189 17 21 0.709
315 185 15 20 0.652
141 185 18 23 0.644
875 305 35 77 0.562
273 192 14 19 0.492
956 296 37 66 0.484
92 211 17 26 0.436
223 190 17 23 0.207
449 192 14 18 0.127
429 196 13 18 0.117
613 210 28 32 0.088
84 219 20 24 0.052
2 80 20 27 0.052
424 194 37 18 0.041
965 311 35 65 0.031
837 247 31 39 0.026
97 203 15 23 0.021
320 185 15 19 0.021
