11_Meeting_Meeting_11_Meeting_Meeting_11_295
24
608 369 53 63 0.862
121 453 67 97 0.820
232 340 27 33 0.788
800 297 22 29 0.785
55 336 36 53 0.782
140 372 32 54 0.777
691 291 20 29 0.775
900 311 20 31 0.771
593 312 20 35 0.733
812 549 58 114 0.730
442 218 18 22 0.654
492 330 27 41 0.625
791 324 20 29 0.583
504 234 15 23 0.527
331 155 7 9 0.164
446 222 16 35 0.090
122 340 23 30 0.079
14 351 18 24 0.066
450 241 14 21 0.065
307 263 7 10 0.046
403 526 52 99 0.042
280 266 7 10 0.038
329 152 11 15 0.023
125 336 17 23 0.020
