11_Meeting_Meeting_11_Meeting_Meeting_11_26
87
807 274 18 25 0.723
249 258 16 20 0.717
829 291 20 29 0.716
219 271 20 24 0.704
781 265 19 22 0.699
179 281 18 27 0.692
342 238 14 18 0.683
309 251 14 17 0.678
728 249 13 16 0.650
631 233 11 14 0.621
379 235 11 14 0.616
156 306 21 31 0.600
692 243 11 14 0.597
166 232 11 14 0.595
612 227 9 12 0.582
402 235 11 13 0.575
655 234 12 14 0.569
423 230 10 12 0.555
267 198 8 11 0.532
77 325 26 35 0.524
443 230 10 12 0.514
271 251 13 20 0.513
750 251 14 18 0.505
526 220 8 10 0.456
250 226 10 12 0.444
1004 201 11 15 0.436
672 236 11 14 0.412
460 227 8 10 0.403
707 245 10 13 0.393
293 244 12 17 0.391
543 231 10 12 0.331
201 236 15 18 0.321
207 280 14 22 0.312
927 300 24 32 0.308
613 245 9 11 0.235
268 251 26 19 0.156
862 313 17 31 0.156
178 231 13 14 0.155
381 236 34 14 0.137
235 237 11 14 0.131
461 231 8 11 0.130
286 247 17 19 0.101
447 228 13 14 0.090
250 242 13 44 0.078
63 222 14 15 0.074
460 243 9 10 0.072
165 231 21 15 0.070
413 243 9 12 0.070
708 238 9 12 0.066
662 237 36 15 0.059
235 232 14 22 0.059
182 231 20 15 0.059
550 222 9 11 0.055
545 232 12 13 0.052
759 260 12 17 0.050
592 130 8 8 0.048
524 220 17 14 0.047
207 236 11 17 0.043
527 264 8 10 0.042
352 8 13 16 0.041
106 388 20 38 0.039
649 254 10 12 0.039
458 402 17 20 0.039
580 233 9 12 0.038
746 248 13 16 0.037
611 133 8 10 0.036
347 238 13 17 0.035
813 280 21 25 0.034
0 269 7 19 0.033
860 303 18 32 0.033
923 293 19 26 0.033
978 352 12 15 0.032
702 239 14 31 0.031
703 276 12 14 0.028
208 230 9 12 0.028
1007 354 17 29 0.027
641 491 77 161 0.027
14 311 36 62 0.026
82 315 26 29 0.025
152 297 22 31 0.024
293 249 11 25 0.024
264 198 9 11 0.023
303 244 13 19 0.023
165 306 18 31 0.023
171 264 21 35 0.022
468 230 12 11 0.021
571 1 36 25 0.020
