11_Meeting_Meeting_11_Meeting_Meeting_11_385
77
941 244 53 79 0.812
770 211 42 50 0.808
76 221 37 56 0.807
160 209 30 45 0.805
660 160 23 30 0.783
832 87 26 37 0.777
715 169 23 33 0.758
33 256 48 74 0.747
281 179 23 34 0.744
361 152 16 23 0.742
832 218 38 44 0.725
1010 167 14 25 0.702
297 167 20 26 0.699
804 175 23 35 0.692
774 145 12 15 0.645
960 165 17 20 0.634
910 162 16 17 0.633
642 156 15 20 0.631
433 101 9 13 0.603
600 145 12 17 0.599
387 148 12 16 0.581
454 147 12 16 0.577
577 107 9 11 0.558
704 110 9 12 0.530
758 145 12 16 0.520
616 145 13 17 0.510
736 99 8 11 0.504
787 163 18 20 0.500
717 110 8 10 0.456
663 129 8 10 0.453
793 136 9 12 0.446
525 102 10 13 0.439
651 142 11 16 0.430
883 177 17 21 0.385
736 136 8 13 0.363
551 104 10 11 0.349
596 144 32 18 0.211
713 159 20 27 0.164
827 204 27 42 0.157
410 176 10 12 0.157
745 143 12 13 0.143
192 259 25 34 0.128
659 129 11 16 0.120
782 151 21 33 0.106
767 144 24 18 0.101
507 108 11 14 0.101
968 162 16 18 0.099
515 113 12 15 0.095
377 169 10 15 0.085
313 90 7 8 0.084
788 131 14 31 0.082
507 108 21 16 0.081
815 111 10 16 0.079
886 154 9 13 0.063
817 119 11 17 0.052
622 144 13 17 0.051
796 609 65 55 0.045
710 135 12 15 0.044
658 140 14 16 0.044
739 100 8 10 0.039
553 105 27 12 0.036
796 162 17 22 0.033
713 145 14 21 0.033
614 138 15 17 0.032
320 117 8 10 0.030
814 109 8 10 0.030
698 126 9 12 0.027
558 85 7 9 0.026
592 136 10 17 0.025
712 129 10 12 0.025
974 162 13 16 0.025
772 149 13 16 0.024
402 181 12 13 0.023
513 89 7 8 0.023
711 142 13 17 0.021
703 109 10 28 0.021
564 181 12 15 0.021
