11_Meeting_Meeting_11_Meeting_Meeting_11_663
43
241 215 51 71 0.827
101 479 13 17 0.724
38 506 13 17 0.709
130 481 13 17 0.703
60 511 14 17 0.624
80 507 12 15 0.381
52 479 13 15 0.338
1 533 14 17 0.242
1 502 7 15 0.242
974 269 7 9 0.230
960 338 8 10 0.214
16 508 12 15 0.205
105 512 12 16 0.201
120 483 26 17 0.172
997 267 7 9 0.146
1011 268 8 8 0.142
29 523 12 18 0.128
986 337 11 17 0.123
72 483 15 17 0.103
77 481 13 17 0.098
53 483 26 17 0.080
887 323 7 9 0.078
990 267 9 8 0.078
49 481 13 16 0.066
1 503 15 62 0.058
870 307 5 9 0.051
53 488 12 25 0.049
993 267 22 8 0.039
105 479 15 17 0.038
82 501 13 17 0.037
922 333 8 9 0.035
103 506 15 17 0.034
983 340 13 19 0.033
920 334 10 11 0.030
6 517 14 20 0.030
942 344 12 13 0.026
914 341 10 16 0.025
973 268 8 17 0.025
870 318 10 14 0.022
968 298 10 11 0.022
916 333 13 16 0.022
870 320 6 11 0.021
19 477 14 15 0.021
