12_Group_Group_12_Group_Group_12_935
488
300 154 18 25 0.802
772 126 18 25 0.802
38 351 19 24 0.801
613 490 22 31 0.800
532 526 21 27 0.799
19 561 20 27 0.798
543 488 21 25 0.795
68 316 21 29 0.793
764 640 21 25 0.793
294 491 21 28 0.790
356 278 19 25 0.790
943 420 21 31 0.790
853 20 20 25 0.789
435 490 21 26 0.788
553 666 21 24 0.787
52 189 19 26 0.787
895 634 21 27 0.787
831 350 20 26 0.787
808 661 21 28 0.786
507 456 22 27 0.785
173 665 22 27 0.785
363 0 19 24 0.785
456 0 19 25 0.785
903 60 19 25 0.785
75 600 18 25 0.785
881 116 19 24 0.784
49 524 21 25 0.784
404 559 20 28 0.784
570 221 18 22 0.783
251 629 21 25 0.783
753 663 22 29 0.782
562 422 19 24 0.782
514 182 20 27 0.782
702 388 20 26 0.781
580 607 20 25 0.781
98 353 21 28 0.781
904 559 21 27 0.780
21 455 21 25 0.780
412 165 19 24 0.780
941 373 21 28 0.779
950 611 20 25 0.779
951 317 21 26 0.779
726 509 20 28 0.778
205 602 20 26 0.778
243 451 20 25 0.777
576 392 20 26 0.776
64 155 20 26 0.776
832 384 19 24 0.776
111 183 20 26 0.775
342 383 19 27 0.775
0 634 19 28 0.775
649 560 21 28 0.775
205 286 19 25 0.774
742 258 20 24 0.774
61 636 22 28 0.774
755 177 21 25 0.773
654 311 20 26 0.773
847 219 21 25 0.773
599 528 21 26 0.773
21 603 22 30 0.773
124 630 20 27 0.773
304 283 21 27 0.772
635 190 19 25 0.772
226 346 21 26 0.772
831 606 20 24 0.772
782 560 21 26 0.772
338 23 20 27 0.772
241 662 21 27 0.771
356 350 21 27 0.770
696 593 22 29 0.770
543 320 20 25 0.770
597 348 19 24 0.770
135 277 20 28 0.770
327 59 19 23 0.769
719 347 19 24 0.768
892 319 20 27 0.768
742 0 19 18 0.768
912 530 20 25 0.768
280 385 19 24 0.768
113 533 18 24 0.767
412 348 20 27 0.767
655 114 18 24 0.767
628 3 17 22 0.766
591 159 19 25 0.766
319 424 19 25 0.766
974 523 22 26 0.766
167 534 21 27 0.766
144 598 20 26 0.766
263 411 20 27 0.766
442 644 21 27 0.766
870 460 20 26 0.765
221 522 21 28 0.765
685 669 19 25 0.765
219 383 20 27 0.765
988 192 21 24 0.764
606 91 19 21 0.764
686 452 21 25 0.764
156 351 20 25 0.764
500 64 20 23 0.763
738 454 20 26 0.763
762 419 22 29 0.763
513 627 20 26 0.763
193 636 19 26 0.762
217 62 18 23 0.761
719 556 22 27 0.761
760 379 20 26 0.761
614 285 19 23 0.760
410 522 22 27 0.760
617 219 20 25 0.759
363 117 19 25 0.758
943 686 20 19 0.758
37 216 18 25 0.757
793 490 19 24 0.757
784 285 19 23 0.757
443 406 19 24 0.757
720 29 17 25 0.757
84 572 20 25 0.757
897 361 21 27 0.756
533 120 22 26 0.756
649 159 18 21 0.756
177 314 21 28 0.756
234 318 20 24 0.756
822 91 20 26 0.755
985 246 22 26 0.755
625 663 22 29 0.755
296 319 20 23 0.755
9 158 19 25 0.754
464 559 21 28 0.754
387 639 19 27 0.754
616 254 20 23 0.754
619 426 20 25 0.753
281 561 20 26 0.753
945 111 19 25 0.753
681 5 19 24 0.752
357 150 20 26 0.752
509 0 21 20 0.752
676 488 22 28 0.752
846 527 19 25 0.751
800 229 18 23 0.751
33 88 18 25 0.750
428 114 18 24 0.750
392 58 22 27 0.749
153 565 20 24 0.749
689 186 19 24 0.748
553 256 21 26 0.748
549 90 19 25 0.748
1000 675 20 24 0.748
774 321 17 23 0.748
552 64 19 23 0.747
718 129 18 24 0.747
809 455 20 27 0.747
770 604 20 23 0.747
219 568 19 26 0.747
298 190 18 25 0.746
961 564 21 26 0.745
912 23 20 25 0.745
122 153 21 26 0.745
564 460 21 25 0.745
358 321 19 23 0.743
263 250 18 22 0.743
888 662 22 27 0.743
960 351 20 25 0.742
804 0 18 20 0.742
860 486 20 24 0.742
1006 461 18 30 0.742
484 112 18 23 0.742
668 89 19 23 0.742
17 106 21 27 0.741
687 217 20 25 0.741
0 485 15 26 0.740
380 417 20 28 0.740
924 241 20 27 0.739
778 347 17 23 0.739
463 530 21 26 0.739
921 216 20 23 0.739
0 47 17 24 0.739
631 639 21 27 0.738
568 642 19 23 0.738
667 354 20 27 0.738
588 564 21 25 0.738
340 559 22 28 0.738
510 423 22 25 0.737
523 389 19 25 0.737
398 381 21 26 0.736
1004 88 17 24 0.736
145 82 19 28 0.736
958 64 18 22 0.735
1010 120 14 25 0.735
523 607 20 25 0.733
113 670 20 25 0.733
614 455 21 27 0.733
630 603 23 27 0.731
276 598 18 23 0.730
149 388 21 25 0.730
92 85 19 25 0.730
471 157 19 26 0.730
781 528 19 23 0.729
51 673 24 28 0.729
430 290 19 23 0.728
789 25 20 22 0.728
663 59 18 26 0.727
818 430 20 25 0.727
462 383 21 28 0.727
356 191 19 22 0.727
286 347 21 25 0.726
263 108 18 23 0.726
382 611 20 23 0.725
614 60 20 26 0.725
385 201 18 23 0.724
632 379 20 26 0.724
231 195 19 27 0.723
39 265 19 25 0.723
367 90 18 25 0.723
206 91 17 25 0.722
846 556 20 24 0.721
433 453 21 24 0.720
967 29 18 25 0.720
475 345 22 28 0.720
190 0 19 18 0.720
361 481 20 27 0.719
977 493 21 24 0.718
661 536 20 25 0.717
556 286 21 26 0.716
696 148 18 25 0.715
442 59 18 24 0.715
535 353 20 29 0.714
833 314 21 24 0.712
42 423 21 26 0.710
222 160 18 22 0.710
487 260 20 23 0.709
124 14 20 25 0.709
895 607 20 25 0.708
979 150 18 23 0.708
115 484 17 25 0.707
1010 386 14 29 0.706
375 654 22 30 0.704
890 88 18 24 0.703
949 91 19 23 0.703
736 231 17 23 0.703
875 425 20 27 0.702
39 391 20 27 0.700
434 592 20 27 0.699
235 486 19 24 0.696
475 319 20 22 0.696
180 172 21 27 0.695
491 289 19 22 0.694
597 316 19 24 0.693
399 18 21 26 0.689
972 291 21 24 0.688
934 147 20 23 0.687
819 176 21 27 0.687
918 499 22 28 0.686
77 290 19 23 0.685
705 286 20 25 0.684
56 31 19 23 0.680
571 200 16 21 0.678
420 95 19 23 0.678
829 641 21 24 0.678
927 0 19 17 0.675
690 425 19 22 0.675
821 64 19 23 0.674
863 0 18 15 0.673
307 126 17 20 0.671
77 491 18 23 0.667
531 163 21 25 0.666
458 191 20 26 0.663
0 669 11 26 0.663
594 133 18 21 0.655
9 0 19 15 0.654
21 291 21 24 0.654
247 133 16 20 0.654
698 646 20 23 0.653
499 494 20 24 0.651
975 224 19 24 0.649
937 467 22 28 0.646
900 289 21 24 0.639
325 595 20 26 0.635
0 184 10 24 0.630
136 117 21 24 0.622
324 252 19 23 0.621
283 28 21 25 0.621
114 315 19 22 0.617
460 51 17 21 0.615
214 1 16 18 0.610
485 93 19 21 0.606
422 326 17 21 0.599
304 669 23 25 0.586
843 284 18 21 0.584
438 256 18 22 0.576
63 0 17 15 0.572
317 531 22 27 0.566
305 92 18 22 0.555
746 494 20 23 0.548
167 20 16 21 0.519
801 261 20 22 0.511
0 23 10 22 0.486
506 139 18 21 0.486
0 315 10 26 0.485
132 0 20 12 0.484
507 663 19 22 0.476
529 567 20 23 0.474
292 0 17 10 0.465
1016 321 8 28 0.463
321 624 21 25 0.455
1015 1 9 24 0.421
302 473 17 22 0.412
257 84 17 20 0.405
404 131 16 20 0.369
171 118 16 23 0.357
201 25 16 21 0.346
1015 49 9 23 0.327
998 59 14 23 0.308
852 161 20 25 0.305
879 410 20 24 0.286
373 455 19 25 0.266
347 552 20 26 0.266
405 200 15 21 0.264
188 437 20 23 0.258
864 480 19 25 0.256
27 92 23 33 0.253
230 699 19 7 0.251
262 6 18 22 0.237
972 4 17 21 0.236
162 0 15 18 0.231
675 256 18 23 0.227
777 338 17 26 0.225
775 313 16 56 0.219
357 324 21 47 0.216
475 313 20 55 0.216
70 0 18 13 0.214
0 33 15 35 0.210
44 395 17 63 0.209
212 26 18 21 0.208
983 141 16 52 0.194
323 587 20 54 0.186
243 528 16 23 0.183
1 627 13 75 0.182
211 0 18 36 0.180
33 268 26 32 0.178
357 172 19 44 0.156
317 455 18 22 0.156
544 0 19 7 0.156
657 223 16 22 0.153
255 183 18 22 0.137
487 280 21 26 0.135
657 229 15 22 0.134
221 494 16 21 0.134
128 80 17 21 0.131
278 23 22 25 0.129
175 472 20 25 0.123
899 209 16 21 0.114
881 191 17 22 0.111
789 272 19 28 0.111
542 11 19 25 0.110
512 575 18 23 0.110
462 627 20 26 0.105
126 7 19 26 0.105
0 250 11 22 0.103
273 485 20 28 0.102
543 0 17 30 0.099
316 524 19 23 0.096
676 264 17 23 0.092
782 87 15 18 0.090
337 479 16 21 0.090
817 169 20 25 0.087
977 226 22 29 0.087
661 473 17 23 0.084
1014 280 9 25 0.080
436 607 18 24 0.080
660 104 18 24 0.080
729 82 18 21 0.077
895 294 20 27 0.077
212 33 18 22 0.075
74 284 19 43 0.074
703 280 19 25 0.074
351 550 18 21 0.074
577 692 23 14 0.072
533 565 19 22 0.070
297 466 19 23 0.066
975 14 17 21 0.063
459 624 17 24 0.062
258 101 18 23 0.062
143 511 16 21 0.059
223 259 16 20 0.058
445 620 20 24 0.057
1005 59 13 22 0.057
167 89 18 22 0.056
475 698 25 8 0.056
17 0 19 15 0.055
644 378 17 22 0.055
433 0 16 15 0.054
747 65 16 22 0.054
93 0 18 10 0.053
395 223 18 21 0.052
225 490 20 24 0.052
1013 622 11 27 0.051
323 5 16 20 0.049
852 161 32 37 0.046
447 640 20 26 0.046
608 199 15 20 0.045
871 699 24 7 0.045
83 0 25 12 0.044
169 478 21 23 0.044
408 245 20 23 0.043
806 61 17 22 0.043
68 116 17 22 0.042
905 282 19 22 0.042
0 340 6 25 0.041
667 309 16 22 0.041
877 373 17 22 0.041
169 183 17 22 0.041
533 336 19 23 0.041
611 0 15 18 0.040
996 669 21 26 0.039
654 428 17 21 0.039
258 280 16 21 0.039
116 476 19 26 0.038
714 214 18 22 0.038
832 160 20 22 0.037
793 258 18 24 0.036
857 158 18 23 0.036
343 102 16 21 0.036
948 249 19 22 0.036
887 203 33 32 0.036
843 521 20 26 0.036
528 331 15 19 0.035
160 235 20 26 0.035
189 445 18 23 0.035
594 126 18 22 0.035
852 154 21 22 0.033
534 322 22 25 0.033
161 549 20 26 0.033
186 427 21 24 0.033
180 462 17 22 0.031
151 0 22 15 0.031
695 269 19 23 0.031
39 0 15 13 0.031
403 196 18 58 0.030
516 393 21 24 0.030
121 0 26 17 0.030
1016 369 8 22 0.029
156 524 27 31 0.029
555 604 17 22 0.029
1018 20 6 31 0.028
902 125 15 19 0.028
842 263 18 21 0.028
58 0 18 17 0.028
730 228 19 24 0.028
812 616 16 21 0.027
165 143 19 25 0.027
183 452 19 25 0.027
885 193 17 23 0.026
258 89 19 22 0.026
148 520 18 25 0.026
2 247 16 25 0.026
165 482 20 23 0.026
812 419 19 23 0.026
467 632 20 25 0.026
498 245 20 24 0.026
325 147 15 21 0.025
457 330 15 21 0.025
881 182 18 23 0.025
457 247 18 23 0.025
438 206 16 22 0.025
142 60 16 21 0.024
822 488 19 26 0.024
1004 279 20 27 0.024
546 18 15 25 0.024
882 521 17 22 0.024
121 471 18 25 0.024
388 214 19 23 0.024
831 282 18 21 0.024
628 67 14 19 0.023
372 547 13 16 0.023
425 457 22 23 0.023
392 322 19 22 0.022
475 685 34 20 0.022
29 284 20 26 0.022
299 676 24 22 0.022
216 40 17 42 0.021
842 509 17 20 0.021
1010 557 13 23 0.021
172 453 22 38 0.021
532 221 21 26 0.021
130 122 19 23 0.020
561 352 16 23 0.020
761 584 17 18 0.020
411 457 18 22 0.020
