12_Group_Large_Group_12_Group_Large_Group_12_120
617
885 451 13 15 0.719
882 358 11 14 0.711
412 323 11 13 0.704
407 348 11 13 0.702
323 292 12 14 0.700
395 417 12 15 0.697
610 325 11 13 0.694
368 383 13 16 0.693
469 390 12 15 0.692
691 347 11 13 0.691
113 420 12 15 0.691
449 420 12 16 0.689
548 389 12 16 0.689
336 322 11 15 0.685
278 393 11 15 0.684
546 420 11 15 0.684
411 384 11 15 0.682
625 384 13 16 0.681
508 389 12 15 0.680
423 415 13 15 0.679
427 357 12 15 0.679
467 353 11 15 0.679
309 422 11 14 0.678
351 349 11 14 0.676
532 236 9 12 0.672
509 410 12 16 0.671
93 328 12 15 0.669
451 292 11 14 0.669
348 391 13 16 0.669
622 298 11 14 0.669
453 321 11 13 0.668
849 417 12 15 0.667
821 325 11 14 0.667
830 450 12 15 0.666
181 326 11 14 0.663
244 325 11 14 0.663
497 301 11 14 0.662
763 454 11 14 0.662
150 327 11 13 0.662
927 385 13 16 0.662
112 355 11 14 0.662
649 418 11 15 0.661
218 300 10 13 0.660
547 452 12 15 0.660
58 421 11 14 0.659
629 266 10 13 0.658
718 346 10 13 0.656
675 266 10 14 0.656
678 385 10 14 0.655
457 240 10 13 0.655
488 382 12 14 0.655
328 350 12 15 0.654
694 324 12 13 0.652
387 389 13 16 0.651
764 267 11 14 0.651
346 268 10 12 0.650
450 380 11 14 0.650
565 325 12 15 0.649
550 294 11 14 0.649
564 264 11 14 0.649
639 299 11 13 0.648
171 299 10 13 0.648
371 351 12 15 0.647
766 426 11 15 0.647
548 324 11 15 0.646
585 390 11 15 0.644
273 295 10 14 0.644
251 418 11 15 0.644
432 322 11 14 0.643
719 303 11 14 0.643
295 322 11 14 0.643
348 294 10 14 0.642
611 452 12 14 0.642
716 415 12 16 0.642
130 301 10 14 0.641
852 329 10 13 0.641
43 398 11 14 0.640
445 267 11 14 0.638
571 297 11 14 0.637
337 426 11 14 0.636
283 221 9 13 0.635
579 449 12 16 0.634
280 420 12 15 0.634
511 453 12 16 0.633
474 287 11 14 0.632
221 354 12 15 0.632
426 387 12 15 0.631
394 322 11 15 0.631
653 347 11 15 0.631
563 378 12 14 0.630
641 376 10 13 0.630
210 326 11 13 0.629
626 324 11 14 0.628
231 268 10 13 0.627
331 246 11 13 0.627
634 345 11 15 0.627
477 423 12 16 0.625
223 421 11 14 0.625
665 391 11 15 0.624
739 294 10 13 0.623
825 415 12 14 0.623
121 452 12 13 0.623
777 349 11 14 0.623
770 327 11 13 0.622
904 327 10 13 0.621
289 298 11 13 0.621
695 266 10 12 0.621
878 418 12 14 0.621
743 349 11 14 0.621
538 265 12 14 0.620
269 323 11 14 0.619
596 423 11 14 0.619
798 350 11 13 0.619
86 423 12 15 0.617
692 421 13 16 0.616
123 328 10 12 0.616
912 297 11 14 0.616
528 323 11 14 0.616
489 318 11 14 0.616
879 332 11 13 0.615
476 452 13 15 0.614
253 298 10 13 0.614
804 295 11 14 0.614
720 448 12 15 0.612
792 384 11 14 0.612
654 454 12 15 0.611
84 223 9 11 0.611
494 236 11 13 0.610
826 224 9 11 0.610
412 247 10 13 0.609
813 389 11 14 0.609
363 294 11 13 0.608
597 296 10 13 0.608
944 349 10 13 0.607
406 448 13 17 0.607
796 449 11 15 0.605
337 222 9 11 0.605
71 327 11 13 0.605
270 271 11 15 0.604
258 452 13 16 0.603
819 245 11 13 0.602
153 240 11 13 0.601
796 324 12 14 0.601
777 390 11 14 0.601
308 271 10 12 0.600
902 390 11 14 0.599
193 222 9 12 0.598
672 326 10 13 0.597
369 271 10 13 0.597
904 348 10 14 0.597
511 236 10 13 0.597
172 249 10 12 0.597
158 393 12 15 0.596
841 297 11 13 0.596
410 271 11 13 0.595
619 241 10 13 0.593
391 349 11 14 0.593
888 279 10 12 0.593
198 394 11 14 0.593
78 450 14 16 0.593
360 221 9 11 0.589
738 420 11 14 0.589
737 391 11 14 0.588
670 421 11 14 0.588
589 266 10 13 0.587
193 419 11 13 0.587
413 218 10 12 0.587
526 380 12 14 0.586
495 354 11 13 0.586
717 386 10 13 0.586
354 322 12 15 0.585
377 323 11 13 0.583
227 383 12 15 0.582
75 303 10 12 0.581
753 327 10 13 0.580
442 448 12 15 0.580
598 220 9 12 0.579
729 325 10 12 0.578
573 241 10 13 0.578
364 449 12 15 0.578
385 246 9 13 0.577
121 394 12 15 0.577
41 328 10 13 0.575
757 245 9 12 0.573
28 362 11 14 0.573
153 276 10 13 0.571
582 348 11 14 0.570
722 222 10 13 0.570
155 224 9 11 0.570
190 272 11 14 0.570
227 454 12 16 0.569
821 352 11 14 0.568
87 281 10 13 0.567
141 356 11 14 0.565
292 449 12 15 0.565
885 297 10 13 0.564
679 243 10 12 0.564
66 364 12 14 0.563
696 225 10 11 0.562
775 242 10 13 0.562
281 354 10 13 0.561
408 291 10 12 0.561
658 298 11 15 0.560
80 243 9 12 0.560
798 243 10 12 0.559
750 379 10 13 0.558
148 458 12 15 0.558
765 293 11 13 0.557
117 243 9 12 0.556
257 382 11 14 0.556
318 221 8 10 0.555
154 300 10 13 0.554
233 221 9 12 0.554
200 302 10 11 0.554
527 345 11 13 0.553
92 361 12 14 0.553
734 242 11 14 0.553
470 320 10 14 0.553
310 247 9 12 0.553
655 325 10 13 0.552
959 424 12 15 0.551
864 297 10 13 0.550
516 295 10 13 0.549
673 347 10 13 0.546
304 296 10 13 0.545
447 219 10 11 0.545
79 390 12 15 0.545
221 246 10 12 0.544
140 419 12 16 0.543
847 276 11 13 0.542
594 240 10 13 0.541
664 242 10 12 0.540
588 325 11 14 0.540
313 397 12 15 0.540
501 262 11 13 0.537
808 272 10 13 0.533
701 302 10 12 0.533
28 387 12 14 0.531
839 249 9 11 0.531
211 223 10 12 0.529
700 244 11 14 0.529
425 268 12 14 0.529
620 219 8 12 0.528
62 269 10 13 0.528
957 445 14 17 0.527
395 220 9 11 0.527
826 273 11 15 0.526
383 293 11 15 0.526
101 300 11 13 0.525
886 390 11 15 0.525
52 299 8 11 0.525
429 296 11 14 0.523
622 420 10 14 0.523
182 358 10 13 0.522
853 226 9 10 0.521
716 267 10 12 0.518
745 224 9 11 0.517
56 330 10 12 0.517
855 250 10 12 0.515
520 265 10 13 0.514
788 294 9 13 0.514
608 373 12 14 0.513
103 279 9 12 0.512
644 220 8 10 0.511
266 219 9 12 0.511
540 218 10 12 0.510
355 244 11 12 0.508
608 268 10 12 0.506
390 268 9 12 0.504
377 219 10 13 0.504
787 224 8 11 0.504
875 252 9 13 0.503
474 247 10 12 0.502
702 387 11 14 0.501
466 215 10 12 0.501
865 356 10 14 0.498
490 218 9 12 0.498
211 272 10 13 0.497
524 218 9 12 0.494
511 323 11 14 0.493
690 453 13 15 0.493
363 417 14 16 0.491
240 355 11 13 0.490
686 300 10 13 0.489
140 224 7 10 0.489
293 250 8 11 0.488
275 248 10 12 0.488
47 362 11 13 0.486
429 218 9 12 0.484
118 227 8 11 0.483
841 351 11 15 0.483
607 347 11 13 0.482
865 386 11 14 0.482
553 239 11 12 0.480
435 248 10 11 0.476
853 449 13 16 0.475
647 268 11 13 0.472
918 271 10 12 0.471
302 225 9 11 0.470
770 222 9 12 0.467
555 344 11 14 0.465
851 385 12 15 0.461
255 354 10 14 0.458
642 239 11 13 0.456
464 267 10 13 0.454
172 271 10 13 0.452
203 355 11 14 0.450
199 244 11 13 0.446
249 220 10 12 0.445
303 351 12 14 0.444
241 392 11 15 0.443
250 267 10 14 0.443
791 272 9 12 0.443
803 228 9 12 0.442
737 270 10 13 0.440
722 247 9 13 0.438
165 356 10 12 0.435
293 270 10 13 0.434
573 424 9 13 0.425
187 459 12 14 0.420
101 226 7 10 0.417
122 278 10 12 0.413
866 275 10 13 0.404
135 242 10 13 0.399
570 220 10 12 0.398
917 451 12 14 0.396
484 263 12 15 0.394
805 418 11 14 0.389
249 249 10 12 0.366
325 270 10 13 0.366
176 222 8 11 0.359
187 388 10 12 0.353
505 216 10 13 0.333
136 270 10 13 0.325
337 452 12 14 0.325
556 219 9 11 0.317
785 418 10 13 0.312
935 417 11 16 0.307
102 243 10 13 0.302
679 223 9 12 0.302
171 418 11 15 0.301
235 298 10 12 0.301
196 246 11 13 0.293
761 349 12 13 0.291
183 247 11 13 0.283
337 383 11 14 0.273
105 391 12 15 0.263
141 224 11 11 0.258
55 412 12 16 0.256
857 384 15 16 0.242
533 295 10 14 0.241
287 271 13 14 0.229
147 388 10 13 0.228
901 250 9 12 0.228
302 383 11 14 0.223
133 299 13 15 0.217
551 385 14 17 0.212
582 264 14 15 0.210
277 295 15 14 0.203
672 387 13 15 0.202
663 219 9 13 0.200
526 213 8 27 0.199
824 352 21 14 0.197
535 323 21 14 0.197
765 349 11 14 0.195
785 385 14 15 0.190
103 279 10 27 0.190
62 328 20 13 0.186
541 293 15 15 0.185
239 356 22 12 0.183
265 271 13 15 0.181
200 301 19 12 0.179
706 415 20 17 0.178
788 293 18 15 0.171
667 241 12 14 0.170
688 300 23 13 0.168
252 383 14 15 0.168
189 388 14 15 0.165
268 352 9 12 0.165
408 324 21 13 0.163
124 275 20 13 0.160
876 249 10 12 0.159
925 421 13 16 0.159
346 388 12 16 0.158
504 216 22 13 0.156
546 263 15 16 0.151
825 296 11 14 0.148
509 389 11 46 0.148
452 320 21 14 0.147
640 346 12 15 0.145
301 350 10 14 0.143
313 378 12 46 0.142
428 288 12 27 0.141
218 295 16 20 0.140
103 243 18 12 0.138
539 219 30 11 0.137
135 240 25 13 0.136
846 338 12 17 0.129
212 352 19 21 0.126
738 379 11 40 0.123
584 219 22 12 0.123
958 420 12 47 0.123
671 462 10 13 0.122
277 322 12 16 0.122
762 436 11 43 0.120
836 249 26 12 0.118
560 297 24 14 0.116
406 246 11 14 0.114
280 249 25 11 0.113
460 321 19 14 0.109
896 388 23 16 0.107
842 250 10 11 0.106
547 379 11 58 0.106
574 231 10 26 0.105
504 214 10 23 0.105
879 226 10 12 0.103
278 249 10 11 0.102
257 366 11 39 0.101
812 245 20 15 0.100
584 375 15 40 0.100
695 311 11 36 0.100
639 360 10 40 0.098
81 226 10 31 0.098
665 385 14 28 0.098
771 374 11 13 0.095
168 412 13 16 0.095
619 226 10 35 0.093
879 386 11 66 0.091
582 333 11 41 0.091
153 231 12 28 0.091
1011 220 9 11 0.089
774 378 10 21 0.089
379 321 19 15 0.089
45 362 39 15 0.088
194 389 12 56 0.087
906 228 10 12 0.085
226 297 23 13 0.084
294 313 12 27 0.083
489 263 29 15 0.083
687 405 12 13 0.082
115 235 11 25 0.081
539 232 10 70 0.079
389 321 23 16 0.079
765 250 10 50 0.078
874 359 14 15 0.078
73 312 10 21 0.077
134 232 11 28 0.076
395 388 11 57 0.076
639 396 10 13 0.076
339 417 10 14 0.075
197 240 17 23 0.075
801 324 38 17 0.075
222 421 49 14 0.075
712 346 12 16 0.074
653 222 17 12 0.073
448 356 10 14 0.073
878 240 10 13 0.073
320 290 26 20 0.072
166 292 16 25 0.072
619 295 22 20 0.070
371 220 30 10 0.069
75 388 12 15 0.069
191 373 12 43 0.068
271 253 11 49 0.068
394 454 11 12 0.068
281 410 12 36 0.068
28 350 11 68 0.067
547 448 12 15 0.066
308 460 11 12 0.065
863 251 28 15 0.065
650 453 61 17 0.064
823 326 11 56 0.063
211 299 10 58 0.062
171 426 10 12 0.060
825 388 9 14 0.060
443 242 15 17 0.060
748 321 23 24 0.058
954 274 8 10 0.057
350 319 41 20 0.057
153 389 14 13 0.056
696 299 40 22 0.055
289 285 13 39 0.055
213 223 13 12 0.054
648 480 11 12 0.054
884 267 15 35 0.054
205 345 11 21 0.054
337 411 11 13 0.053
389 337 17 35 0.051
430 311 11 95 0.051
492 296 43 19 0.051
265 305 15 46 0.050
106 458 11 12 0.050
617 412 17 27 0.050
727 338 32 34 0.050
905 297 10 61 0.049
674 309 9 18 0.049
620 415 12 14 0.049
235 218 17 14 0.048
274 219 31 16 0.048
156 422 11 14 0.046
168 461 11 13 0.046
628 294 48 21 0.046
929 382 15 28 0.046
456 319 37 17 0.046
424 352 11 100 0.045
23 286 11 14 0.045
398 451 14 16 0.045
565 218 10 92 0.045
856 251 11 17 0.045
214 324 11 14 0.045
520 306 22 47 0.044
93 286 10 116 0.044
429 243 13 15 0.042
825 383 10 14 0.042
875 415 12 15 0.042
1004 235 9 12 0.042
365 296 12 15 0.040
569 441 55 32 0.040
543 306 23 49 0.040
738 455 10 12 0.040
451 263 12 75 0.039
824 406 16 31 0.039
527 308 11 80 0.039
899 255 9 20 0.039
189 225 23 49 0.039
700 381 13 16 0.038
222 455 13 15 0.038
449 368 10 25 0.038
129 266 27 25 0.038
552 307 12 78 0.038
824 219 13 25 0.037
690 251 22 40 0.037
240 400 11 13 0.037
581 403 12 23 0.036
106 354 54 17 0.036
235 359 22 79 0.036
50 295 10 13 0.036
189 453 13 16 0.036
68 366 11 24 0.035
691 313 16 72 0.034
360 335 31 41 0.034
793 446 12 15 0.034
671 366 10 14 0.034
526 348 19 14 0.034
719 382 14 87 0.034
689 445 13 16 0.033
203 217 25 25 0.033
432 269 20 15 0.033
653 219 22 58 0.033
114 387 14 16 0.032
255 218 33 15 0.032
762 295 12 16 0.032
269 355 11 13 0.032
506 214 9 10 0.032
984 477 10 13 0.031
451 352 9 130 0.031
340 222 23 9 0.031
698 206 11 61 0.030
717 451 23 14 0.030
187 217 24 23 0.030
826 248 12 60 0.030
623 345 58 17 0.029
671 328 15 49 0.029
101 305 11 13 0.029
700 394 12 15 0.029
524 348 10 14 0.029
789 366 38 53 0.029
912 452 14 16 0.028
744 331 15 100 0.028
400 242 16 15 0.028
195 458 12 14 0.028
47 309 29 47 0.028
904 392 11 14 0.027
749 223 17 40 0.027
412 225 14 55 0.027
368 414 12 14 0.027
667 212 9 10 0.027
996 199 10 12 0.026
367 231 11 93 0.026
834 280 43 43 0.026
270 219 16 69 0.026
881 224 10 12 0.026
448 350 11 13 0.026
80 329 13 112 0.026
643 209 9 47 0.026
223 365 10 104 0.025
281 357 11 112 0.025
945 315 9 12 0.025
844 234 30 43 0.025
56 363 13 109 0.025
885 293 15 15 0.025
890 273 10 13 0.025
471 359 46 63 0.025
659 295 18 16 0.024
697 346 11 128 0.024
522 192 8 134 0.023
749 246 16 13 0.023
409 341 32 93 0.023
676 204 9 109 0.023
724 260 9 126 0.023
273 330 45 55 0.022
149 219 24 54 0.022
627 409 14 15 0.022
644 418 68 19 0.022
734 274 44 51 0.022
118 332 10 26 0.021
491 213 9 11 0.021
493 352 11 13 0.021
407 441 12 15 0.021
136 222 8 11 0.021
926 446 13 16 0.020
699 304 10 23 0.020
330 427 51 54 0.020
404 210 36 31 0.020
944 340 11 20 0.020
592 240 28 77 0.020
798 319 10 13 0.020
