12_Group_Team_Organized_Group_12_Group_Team_Organized_Group_12_617
56
563 156 41 53 0.859
196 191 49 61 0.836
907 191 46 52 0.828
847 130 20 29 0.762
67 201 26 29 0.759
653 156 17 22 0.734
805 160 18 25 0.729
360 227 20 28 0.724
757 167 18 23 0.703
277 177 14 18 0.681
980 158 15 19 0.603
383 159 11 17 0.596
347 176 13 17 0.556
693 176 10 11 0.547
715 150 13 21 0.522
634 165 10 14 0.474
298 171 14 17 0.461
968 174 16 23 0.446
441 203 9 10 0.433
512 190 7 9 0.359
273 225 16 29 0.296
263 221 22 31 0.269
403 198 7 9 0.230
971 162 21 24 0.204
974 157 16 23 0.201
50 184 8 11 0.188
400 197 8 10 0.185
0 193 9 21 0.158
740 157 13 20 0.117
312 157 8 10 0.110
899 158 16 21 0.103
501 198 6 9 0.098
636 164 13 15 0.085
256 220 20 27 0.077
411 216 6 8 0.076
440 201 12 15 0.072
105 207 20 23 0.064
139 200 20 31 0.057
607 168 8 12 0.054
140 227 13 22 0.051
396 196 10 9 0.047
49 181 11 16 0.046
182 90 7 8 0.042
1 191 8 13 0.037
440 190 7 9 0.035
160 91 7 6 0.031
161 90 10 8 0.029
845 158 11 18 0.028
409 202 8 27 0.028
138 206 15 28 0.028
207 88 8 6 0.026
248 86 6 7 0.024
400 193 12 15 0.023
114 93 6 7 0.022
495 200 7 10 0.022
13 247 21 33 0.022
