12_Group_Large_Group_12_Group_Large_Group_12_107
25
758 197 34 45 0.868
717 371 40 48 0.868
298 323 35 44 0.867
469 376 36 45 0.864
387 314 36 47 0.862
838 191 37 47 0.862
189 378 41 52 0.860
432 238 35 41 0.857
232 173 36 47 0.857
636 312 34 44 0.852
591 206 32 42 0.852
161 203 37 45 0.850
466 202 31 35 0.847
510 205 35 42 0.846
302 203 32 39 0.842
644 215 32 38 0.834
346 214 29 39 0.829
410 205 31 36 0.824
546 296 35 45 0.808
617 181 28 32 0.806
700 194 31 41 0.798
550 191 29 39 0.790
80 214 45 54 0.765
915 202 15 18 0.037
215 10 33 43 0.022
