12_Group_Group_12_Group_Group_12_367
24
695 351 26 33 0.834
203 339 25 32 0.833
260 365 27 33 0.831
325 363 27 33 0.829
627 354 26 33 0.827
567 323 23 30 0.826
215 298 25 31 0.824
458 356 26 29 0.824
293 262 22 28 0.820
653 321 25 31 0.819
519 337 24 29 0.819
611 291 24 31 0.816
520 286 24 28 0.815
287 306 21 27 0.813
352 294 23 28 0.812
424 282 24 31 0.811
547 371 27 30 0.811
383 271 22 27 0.808
394 342 25 30 0.808
438 332 22 28 0.802
200 258 22 27 0.801
561 280 21 26 0.799
636 263 21 28 0.798
471 282 20 25 0.794
