12_Group_Team_Organized_Group_12_Group_Team_Organized_Group_12_503
33
755 201 40 46 0.860
867 200 38 44 0.860
645 207 35 41 0.860
542 180 41 51 0.854
26 179 42 47 0.853
429 188 37 48 0.852
575 78 35 42 0.850
882 113 35 41 0.850
797 93 36 41 0.846
628 49 29 39 0.846
137 173 39 44 0.845
338 203 34 42 0.845
656 78 33 42 0.844
951 202 40 46 0.844
298 54 29 36 0.842
267 105 33 39 0.841
329 87 35 42 0.841
409 75 34 41 0.841
242 196 36 42 0.839
491 72 34 41 0.838
723 101 35 39 0.838
190 98 35 39 0.836
157 50 29 34 0.831
559 38 29 35 0.829
885 69 30 33 0.825
228 44 28 33 0.821
748 63 29 35 0.821
488 26 30 32 0.816
96 105 36 38 0.813
829 66 29 32 0.807
434 40 26 34 0.803
367 45 31 34 0.798
689 65 29 34 0.795
