12_Group_Large_Group_12_Group_Large_Group_12_213
37
762 304 14 18 0.727
292 285 15 18 0.721
850 267 17 21 0.719
471 299 16 19 0.709
698 311 15 19 0.692
247 302 15 22 0.692
485 348 25 29 0.687
169 409 36 35 0.670
739 274 12 15 0.657
584 283 15 18 0.655
349 360 32 33 0.651
668 278 12 16 0.632
404 291 14 15 0.621
281 319 19 21 0.554
0 388 21 34 0.536
942 316 23 21 0.486
885 280 13 18 0.441
424 319 17 18 0.329
838 351 29 29 0.307
551 307 11 12 0.203
720 379 25 24 0.176
409 294 16 17 0.134
404 286 21 33 0.122
581 316 16 21 0.114
764 286 9 12 0.084
482 297 15 14 0.082
647 279 7 11 0.080
417 302 14 16 0.061
180 403 28 33 0.056
187 398 22 29 0.035
784 298 9 9 0.026
490 298 9 12 0.025
951 314 22 19 0.024
293 352 20 18 0.023
506 332 16 19 0.023
432 311 14 19 0.021
650 279 9 11 0.020
