12_Group_Large_Group_12_Group_Large_Group_12_253
56
972 391 33 39 0.851
22 436 33 42 0.846
132 418 36 45 0.841
351 422 32 39 0.837
486 364 33 45 0.832
658 385 31 38 0.832
0 242 22 31 0.830
41 264 32 41 0.826
243 400 34 42 0.824
679 322 28 36 0.821
873 388 30 38 0.819
591 424 27 33 0.817
935 259 27 33 0.816
608 322 25 33 0.814
261 219 24 29 0.810
206 196 26 30 0.809
88 243 29 36 0.809
355 226 29 36 0.807
546 334 30 39 0.805
160 208 27 36 0.802
796 231 26 32 0.799
759 373 28 33 0.798
616 286 28 33 0.798
767 202 22 27 0.797
162 264 31 39 0.796
281 260 27 37 0.795
637 226 24 30 0.795
681 237 24 29 0.793
499 210 23 29 0.793
860 251 28 34 0.788
410 237 26 33 0.786
298 227 25 34 0.784
393 199 25 30 0.781
461 233 26 34 0.779
709 247 25 33 0.779
613 211 23 27 0.778
731 233 23 28 0.776
30 202 25 33 0.773
561 206 23 28 0.770
118 201 23 32 0.769
765 260 23 28 0.768
331 199 23 30 0.766
213 270 30 33 0.751
896 241 22 30 0.744
457 205 23 27 0.730
391 432 41 45 0.730
860 223 24 27 0.720
567 323 21 28 0.553
944 217 8 9 0.138
716 244 23 30 0.058
642 192 16 20 0.050
686 221 21 22 0.046
894 216 10 14 0.035
557 407 24 27 0.030
939 217 7 9 0.029
780 230 18 22 0.028
