12_Group_Team_Organized_Group_12_Group_Team_Organized_Group_12_685
81
404 162 64 78 0.851
648 982 63 74 0.839
538 989 47 62 0.817
426 988 58 62 0.783
646 775 27 33 0.749
854 857 27 35 0.743
326 760 25 31 0.728
730 758 25 31 0.726
165 762 26 33 0.717
680 718 24 30 0.713
277 641 25 29 0.713
565 766 25 32 0.711
603 718 24 30 0.707
27 640 23 28 0.706
802 769 25 31 0.705
643 870 25 30 0.695
624 659 23 28 0.691
305 859 27 32 0.684
756 863 29 33 0.683
705 663 22 28 0.682
91 631 24 31 0.672
566 651 23 29 0.650
658 608 22 27 0.634
78 753 25 32 0.618
592 609 21 26 0.615
536 716 24 29 0.612
947 614 24 30 0.610
754 712 24 28 0.600
360 648 22 27 0.584
963 568 21 27 0.546
484 657 24 27 0.545
520 608 21 26 0.505
903 568 22 30 0.471
852 757 28 33 0.469
492 864 26 32 0.454
193 598 24 28 0.450
425 613 27 33 0.398
263 1000 45 60 0.301
129 747 23 29 0.277
1004 676 20 28 0.240
208 678 23 27 0.232
394 760 23 30 0.215
473 759 25 34 0.157
792 765 68 33 0.153
704 633 22 94 0.133
47 747 23 28 0.131
149 485 24 27 0.106
132 524 19 22 0.097
154 1058 52 51 0.084
1000 874 23 37 0.077
485 668 25 31 0.077
558 889 28 29 0.077
113 825 22 30 0.075
240 748 26 32 0.060
897 613 23 27 0.050
149 1037 69 63 0.049
466 627 91 76 0.046
179 486 21 25 0.044
709 661 31 31 0.042
1007 557 17 26 0.041
579 842 27 31 0.040
934 662 25 28 0.039
518 812 27 35 0.037
14 752 21 23 0.037
26 747 46 27 0.035
756 704 26 32 0.033
756 643 24 28 0.032
124 713 24 41 0.027
953 832 27 34 0.027
253 1012 46 59 0.027
436 899 39 45 0.026
786 1112 38 45 0.025
672 657 20 27 0.024
129 704 20 26 0.024
1000 866 22 28 0.023
435 806 40 51 0.021
319 687 26 34 0.021
939 762 28 38 0.021
532 723 24 28 0.021
357 721 23 29 0.020
186 492 30 25 0.020
