12_Group_Large_Group_12_Group_Large_Group_12_228
23
699 415 18 21 0.786
781 411 18 21 0.777
827 406 18 22 0.776
430 415 16 21 0.773
155 415 16 19 0.770
607 412 17 21 0.770
906 413 18 22 0.764
484 398 17 21 0.760
526 408 16 21 0.759
203 409 16 20 0.757
294 407 16 21 0.754
743 408 19 22 0.752
870 420 17 20 0.750
338 412 16 20 0.745
249 412 15 19 0.744
111 410 17 21 0.743
655 417 16 23 0.738
393 412 17 21 0.737
564 405 17 21 0.736
464 501 13 17 0.668
306 475 16 19 0.495
467 477 12 14 0.144
244 469 19 21 0.020
