12_Group_Large_Group_12_Group_Large_Group_12_286
35
801 230 68 97 0.860
87 158 46 64 0.832
284 157 43 56 0.824
492 241 29 36 0.796
1003 264 20 27 0.773
415 252 51 89 0.763
0 196 30 36 0.737
970 256 18 21 0.731
919 262 13 18 0.681
266 222 33 56 0.639
724 248 17 22 0.613
596 246 19 29 0.595
486 216 20 23 0.538
572 255 13 17 0.406
404 216 24 27 0.375
904 258 11 17 0.362
161 210 18 23 0.229
759 254 31 34 0.123
325 196 10 15 0.116
566 258 16 18 0.108
610 268 36 48 0.075
140 196 24 30 0.068
313 184 23 30 0.062
903 261 15 20 0.043
645 218 12 16 0.040
493 214 17 24 0.039
540 261 10 14 0.029
320 197 16 19 0.026
406 735 43 33 0.025
752 251 28 31 0.025
143 191 19 25 0.025
131 202 28 33 0.024
482 221 18 22 0.022
762 263 24 31 0.021
744 230 17 25 0.020
