12_Group_Team_Organized_Group_12_Group_Team_Organized_Group_12_283
76
235 346 25 32 0.831
735 285 20 25 0.829
135 332 27 32 0.826
890 265 20 26 0.820
235 256 22 29 0.820
297 348 21 27 0.818
671 270 21 26 0.816
442 329 22 27 0.815
390 256 20 24 0.813
307 265 19 25 0.812
65 320 25 30 0.812
769 244 20 24 0.811
360 244 18 23 0.806
574 358 22 26 0.801
520 347 21 26 0.801
673 357 21 26 0.796
266 248 20 25 0.794
467 233 19 23 0.794
521 260 17 23 0.793
736 229 19 23 0.793
800 240 20 23 0.791
825 247 21 26 0.791
846 246 20 28 0.791
70 233 20 26 0.790
560 238 21 27 0.788
654 258 19 24 0.787
360 339 23 28 0.787
331 260 18 24 0.787
478 269 21 26 0.784
96 261 19 22 0.784
626 260 19 24 0.782
431 245 24 29 0.780
953 265 18 22 0.779
480 213 19 23 0.778
668 233 19 24 0.775
177 261 21 24 0.773
355 265 19 22 0.770
588 236 20 27 0.769
614 233 19 25 0.768
148 251 16 21 0.757
283 230 18 22 0.753
386 229 18 22 0.753
521 221 18 20 0.746
460 250 20 26 0.745
217 229 17 22 0.737
710 244 18 21 0.734
176 225 15 19 0.725
702 229 16 21 0.723
334 240 20 22 0.720
108 234 20 23 0.699
315 219 17 20 0.695
248 232 16 19 0.691
135 236 16 19 0.681
411 244 20 24 0.668
306 231 17 19 0.626
645 230 15 20 0.613
204 239 17 20 0.605
303 250 17 20 0.593
309 226 18 21 0.440
541 250 15 21 0.350
470 225 21 26 0.278
232 254 38 26 0.221
585 222 18 22 0.204
358 233 21 22 0.196
355 228 18 22 0.190
47 256 17 21 0.139
354 226 13 18 0.135
331 246 21 42 0.111
522 227 18 28 0.084
124 235 35 23 0.080
634 246 17 20 0.077
531 244 18 20 0.060
305 224 28 66 0.035
294 254 21 23 0.025
321 220 17 20 0.024
160 337 18 18 0.021
