12_Group_Group_12_Group_Group_12_112
38
721 455 34 36 0.850
862 154 33 39 0.845
319 458 36 41 0.843
543 481 36 40 0.841
182 306 38 44 0.840
924 319 35 39 0.839
258 118 38 41 0.837
488 262 36 42 0.834
145 175 33 36 0.832
787 121 33 43 0.831
87 303 33 39 0.829
742 319 34 39 0.824
258 313 35 45 0.824
702 203 33 43 0.823
852 245 36 40 0.823
149 232 34 39 0.822
787 458 36 39 0.820
369 317 35 37 0.819
187 482 36 38 0.817
448 236 33 37 0.817
366 153 33 40 0.812
468 148 34 39 0.812
233 273 36 39 0.811
456 480 37 40 0.810
729 247 32 36 0.807
526 213 35 41 0.806
580 144 32 39 0.806
365 262 31 39 0.806
792 198 36 39 0.804
640 485 36 36 0.803
673 276 33 36 0.793
581 254 34 40 0.791
703 162 31 36 0.738
395 252 32 38 0.737
581 211 31 36 0.736
265 238 34 39 0.713
609 237 31 38 0.693
600 244 33 39 0.054
