12_Group_Team_Organized_Group_12_Group_Team_Organized_Group_12_418
145
470 374 25 34 0.822
302 368 26 32 0.814
635 364 23 28 0.810
149 214 19 25 0.806
405 259 22 31 0.798
393 403 24 28 0.794
316 282 23 28 0.788
659 306 20 26 0.788
509 209 18 23 0.782
28 208 22 25 0.781
806 181 19 24 0.780
559 368 24 27 0.777
718 214 16 20 0.771
188 187 17 21 0.771
205 205 17 21 0.768
403 190 16 19 0.764
257 223 17 21 0.761
666 212 17 20 0.761
457 219 16 20 0.760
237 353 23 24 0.760
305 204 18 23 0.758
514 288 22 28 0.757
135 191 17 22 0.757
248 184 17 20 0.756
563 220 17 21 0.752
599 194 17 20 0.751
648 186 15 20 0.747
407 221 16 20 0.741
697 187 16 19 0.737
154 172 16 20 0.737
552 185 15 19 0.737
268 133 14 18 0.736
94 228 18 21 0.732
621 217 17 20 0.728
90 185 17 20 0.725
578 171 13 18 0.719
307 160 13 17 0.715
498 189 15 19 0.713
461 137 13 16 0.711
651 108 13 16 0.710
361 228 16 19 0.709
406 163 14 17 0.708
379 145 14 17 0.705
283 87 12 17 0.703
206 168 16 18 0.694
168 353 23 30 0.679
271 158 13 16 0.672
319 84 15 18 0.664
326 140 13 16 0.663
102 174 17 20 0.661
121 139 16 19 0.659
522 176 14 18 0.655
294 33 14 17 0.652
598 160 13 16 0.651
410 73 13 17 0.646
311 181 14 17 0.639
265 65 13 17 0.634
605 96 12 16 0.629
428 141 12 16 0.629
610 143 12 16 0.626
483 155 14 16 0.626
450 188 15 19 0.622
494 165 14 17 0.619
578 139 12 16 0.618
241 75 13 17 0.615
356 190 15 19 0.612
619 169 14 18 0.609
645 156 12 16 0.601
307 143 13 14 0.597
360 138 14 17 0.590
515 154 13 16 0.577
750 199 14 19 0.554
670 167 14 16 0.552
503 145 12 15 0.516
531 141 13 16 0.508
552 159 13 15 0.459
374 80 13 16 0.431
450 159 15 17 0.399
358 175 15 19 0.366
217 60 12 15 0.343
307 149 14 25 0.309
254 164 13 15 0.271
372 84 15 18 0.256
550 134 12 16 0.243
191 72 15 18 0.236
221 154 14 19 0.211
306 79 11 14 0.205
221 80 17 19 0.203
558 94 13 17 0.195
315 82 14 16 0.185
307 187 17 36 0.179
178 151 14 16 0.176
581 125 12 14 0.176
238 71 32 18 0.173
433 159 13 15 0.168
527 146 14 25 0.168
430 144 13 21 0.152
248 169 16 39 0.151
449 37 13 15 0.141
405 154 14 47 0.128
373 90 13 17 0.128
530 136 20 26 0.114
246 293 19 19 0.112
521 165 16 23 0.109
386 44 13 16 0.100
635 175 12 16 0.097
671 155 11 12 0.095
88 308 18 21 0.092
348 141 13 16 0.088
344 144 12 17 0.080
146 190 19 62 0.076
543 158 16 16 0.074
298 52 11 14 0.068
585 157 15 16 0.059
369 15 14 18 0.058
575 84 15 17 0.056
515 88 13 16 0.056
478 38 14 17 0.055
499 134 13 23 0.051
558 158 14 15 0.049
216 46 16 60 0.049
497 63 13 15 0.041
598 107 15 105 0.038
410 49 12 14 0.034
216 141 14 15 0.034
536 170 15 20 0.033
347 174 19 17 0.033
484 29 11 13 0.032
647 79 10 13 0.031
512 120 35 66 0.030
553 124 11 15 0.030
494 61 13 16 0.028
649 104 13 16 0.028
264 7 13 18 0.028
341 174 13 16 0.024
479 31 15 31 0.024
375 92 18 16 0.024
488 122 13 16 0.024
578 92 13 20 0.023
362 118 13 15 0.023
678 297 15 19 0.023
374 125 18 16 0.021
388 87 11 16 0.020
499 59 15 28 0.020
736 284 16 20 0.020
