12_Group_Group_12_Group_Group_12_227
31
181 258 36 45 0.874
549 280 33 42 0.868
387 305 35 43 0.860
731 268 37 42 0.860
327 218 30 40 0.858
696 217 31 39 0.856
479 274 32 42 0.855
338 155 29 36 0.852
733 187 29 36 0.850
649 204 31 38 0.847
240 178 30 39 0.845
810 258 32 41 0.845
240 275 35 43 0.845
567 184 28 36 0.845
648 277 29 39 0.844
839 195 28 36 0.844
606 219 32 41 0.841
299 183 29 36 0.840
390 241 36 45 0.839
555 135 27 37 0.839
300 259 33 39 0.839
637 151 32 39 0.838
425 225 32 39 0.835
445 151 30 37 0.833
380 127 27 32 0.831
716 148 31 36 0.826
511 226 32 39 0.824
487 200 30 37 0.820
397 182 29 37 0.819
592 278 39 55 0.815
472 124 28 36 0.811
