12_Group_Large_Group_12_Group_Large_Group_12_103
28
500 187 41 50 0.860
311 189 42 53 0.849
916 293 52 62 0.831
489 319 74 104 0.821
774 189 31 42 0.809
821 164 25 34 0.795
638 142 27 31 0.787
105 150 43 51 0.781
405 204 26 39 0.760
534 175 27 33 0.759
510 127 18 24 0.759
739 130 23 30 0.741
645 219 35 60 0.721
362 134 19 25 0.692
400 149 22 26 0.685
666 129 19 27 0.679
296 161 21 30 0.651
923 178 20 36 0.608
319 125 17 24 0.557
446 144 16 27 0.384
265 431 64 106 0.290
7 215 27 62 0.106
281 255 27 55 0.101
757 178 22 30 0.079
409 149 20 24 0.036
0 210 24 61 0.031
219 503 83 77 0.028
523 177 32 42 0.026
