12_Group_Large_Group_12_Group_Large_Group_12_86
111
620 393 10 12 0.580
461 352 13 22 0.545
823 395 9 12 0.526
902 405 10 13 0.513
701 433 10 15 0.470
717 398 9 12 0.464
964 407 10 11 0.445
748 396 9 11 0.418
572 458 10 14 0.413
674 396 8 11 0.404
504 409 10 13 0.389
959 395 9 11 0.381
653 394 9 12 0.378
780 396 8 10 0.368
577 390 9 10 0.368
871 401 10 11 0.349
702 396 10 11 0.348
914 391 8 11 0.333
983 407 10 12 0.329
918 406 11 13 0.323
854 395 10 11 0.275
598 394 8 10 0.243
1007 392 8 9 0.236
799 401 9 11 0.229
403 377 7 9 0.217
962 403 11 15 0.210
165 374 6 7 0.208
305 390 7 8 0.197
47 359 9 11 0.194
13 385 10 12 0.192
274 386 7 8 0.181
737 414 9 11 0.168
405 431 10 12 0.148
961 407 25 11 0.143
862 399 12 10 0.132
213 377 6 8 0.121
857 392 8 9 0.115
727 395 11 12 0.111
694 435 13 14 0.100
72 372 7 9 0.097
659 445 11 17 0.091
558 395 7 8 0.086
799 397 10 11 0.085
178 376 6 7 0.084
601 389 8 10 0.083
769 396 8 10 0.082
230 375 9 9 0.081
126 381 5 8 0.080
911 407 11 12 0.079
462 403 14 17 0.077
850 396 10 11 0.076
931 405 10 13 0.074
56 396 10 10 0.072
384 380 6 8 0.070
531 390 7 8 0.070
511 400 10 13 0.069
985 401 10 13 0.065
337 373 12 17 0.062
879 380 8 10 0.061
950 380 7 10 0.061
147 376 7 8 0.060
736 403 9 23 0.059
689 436 10 12 0.059
1017 404 7 12 0.058
639 391 9 10 0.054
276 362 6 8 0.052
407 430 12 12 0.052
932 410 9 11 0.050
508 408 11 13 0.048
567 392 22 9 0.048
127 384 7 7 0.047
596 390 9 11 0.046
703 393 9 10 0.044
702 396 18 14 0.044
692 392 8 9 0.041
975 407 10 11 0.040
873 397 16 12 0.040
418 428 11 13 0.038
500 409 10 13 0.037
639 396 9 11 0.035
1 375 7 10 0.035
341 371 11 17 0.035
938 393 13 16 0.034
148 373 5 22 0.034
532 474 16 19 0.033
947 381 8 11 0.032
596 396 8 11 0.031
464 371 12 50 0.031
749 398 10 12 0.030
246 386 9 8 0.029
36 359 9 11 0.028
245 375 9 10 0.027
223 367 8 8 0.027
864 398 19 17 0.025
545 407 8 13 0.025
658 395 29 13 0.025
726 383 8 9 0.025
656 442 31 18 0.025
550 401 12 12 0.025
629 390 11 12 0.024
127 376 7 10 0.024
678 393 11 10 0.024
350 439 10 11 0.023
460 359 12 19 0.023
696 395 10 10 0.023
148 389 6 8 0.023
998 399 11 16 0.022
440 380 7 10 0.021
781 393 6 9 0.021
42 357 13 15 0.020
126 375 5 9 0.020
