12_Group_Large_Group_12_Group_Large_Group_12_43
26
565 270 38 46 0.863
223 231 41 50 0.854
186 210 35 40 0.844
100 236 45 48 0.841
778 292 32 37 0.841
743 252 31 34 0.840
384 280 34 40 0.838
475 268 31 39 0.836
704 268 33 40 0.833
816 250 30 34 0.832
648 272 33 42 0.825
896 282 41 43 0.824
341 217 29 37 0.823
684 215 25 31 0.819
451 223 28 36 0.818
615 234 29 34 0.810
487 206 23 27 0.807
545 245 28 36 0.799
546 207 21 25 0.785
405 203 21 26 0.758
640 219 19 25 0.685
326 193 20 25 0.291
324 203 19 26 0.139
319 213 18 21 0.107
320 190 22 24 0.033
630 222 25 31 0.033
