13_Interview_Interview_On_Location_13_138
25
98 261 16 19 0.718
496 246 19 23 0.691
672 275 19 23 0.655
335 227 16 19 0.647
54 339 37 42 0.637
168 141 20 24 0.432
196 112 18 22 0.326
412 246 13 15 0.230
232 141 28 43 0.111
235 134 28 35 0.096
233 159 23 26 0.087
164 134 22 23 0.074
172 146 18 24 0.068
211 171 20 17 0.065
643 267 15 15 0.050
210 169 34 21 0.039
410 251 15 17 0.038
223 153 28 30 0.034
241 167 16 19 0.032
597 273 16 18 0.032
192 424 79 65 0.029
408 246 13 15 0.028
438 293 19 23 0.027
201 168 22 20 0.023
383 261 10 12 0.023
