13_Interview_Interview_Sequences_13_2
27
494 170 51 64 0.889
742 292 82 90 0.848
266 188 55 69 0.841
638 236 55 75 0.839
917 219 37 48 0.835
655 25 36 45 0.829
121 270 58 62 0.812
644 147 31 39 0.809
324 27 33 42 0.808
547 200 32 43 0.807
946 17 51 59 0.803
568 29 39 44 0.799
235 29 38 43 0.787
0 23 25 43 0.784
226 187 32 42 0.759
0 133 14 38 0.703
120 0 33 17 0.657
313 138 29 36 0.653
450 0 33 16 0.639
13 242 20 24 0.547
806 0 35 28 0.401
805 5 35 38 0.091
236 184 34 49 0.059
1016 204 8 45 0.048
806 0 37 11 0.046
880 197 29 34 0.026
295 427 41 42 0.021
