13_Interview_Interview_Sequences_13_495
25
536 69 47 55 0.811
495 119 29 36 0.693
432 142 33 37 0.693
350 125 28 33 0.639
401 116 26 32 0.581
306 135 24 27 0.457
410 140 22 34 0.450
0 122 20 39 0.330
668 110 18 26 0.316
463 20 14 17 0.297
587 129 24 31 0.258
103 124 26 31 0.257
404 119 26 50 0.255
589 97 19 26 0.233
668 130 18 30 0.141
53 121 32 36 0.107
580 95 29 38 0.057
586 115 23 34 0.043
186 136 25 27 0.036
108 39 18 23 0.036
339 118 25 33 0.028
104 241 15 21 0.027
440 137 33 37 0.025
365 79 22 26 0.024
580 109 25 33 0.022
