13_Interview_Interview_2_People_Visible_13_1001
34
816 315 24 32 0.768
124 366 18 23 0.761
475 351 18 26 0.743
958 332 17 22 0.742
188 355 18 21 0.725
626 325 21 27 0.721
578 339 19 27 0.720
295 143 16 20 0.707
726 341 16 22 0.683
216 148 16 20 0.650
378 149 13 18 0.600
210 367 14 21 0.573
296 357 15 23 0.568
468 407 18 24 0.496
661 336 18 23 0.450
462 142 13 17 0.448
180 404 19 21 0.241
203 362 16 22 0.159
500 159 11 12 0.146
325 165 13 16 0.137
294 357 12 21 0.123
92 341 12 16 0.107
241 147 11 15 0.087
410 147 11 13 0.083
469 308 15 19 0.081
203 329 15 19 0.068
208 183 13 16 0.052
494 156 14 15 0.051
481 162 10 13 0.040
296 174 15 18 0.039
153 374 15 19 0.034
664 384 18 21 0.024
202 191 15 19 0.021
301 361 17 24 0.020
