13_Interview_Interview_Sequences_13_867
80
380 244 250 360 0.883
284 401 35 48 0.817
22 460 21 27 0.719
173 418 21 28 0.707
882 428 22 30 0.689
217 454 20 28 0.667
10 439 18 23 0.628
997 369 17 21 0.627
556 70 10 12 0.501
628 41 11 12 0.500
882 330 17 20 0.497
598 63 10 13 0.480
242 416 19 24 0.475
649 38 11 13 0.466
576 72 9 11 0.440
943 360 16 20 0.437
682 28 12 13 0.375
719 24 12 15 0.369
754 6 10 12 0.336
453 110 9 10 0.299
664 30 11 14 0.278
489 96 9 10 0.265
1007 367 14 22 0.257
469 99 9 11 0.210
516 74 9 10 0.195
747 22 10 11 0.172
1013 365 11 17 0.167
771 2 12 14 0.144
434 120 9 11 0.139
752 6 9 16 0.133
522 106 9 11 0.112
782 422 12 15 0.100
828 6 12 13 0.085
711 28 12 14 0.084
556 116 10 12 0.083
646 38 10 13 0.080
401 125 15 15 0.070
630 67 12 13 0.070
251 421 22 33 0.069
122 81 20 22 0.066
935 431 12 18 0.063
644 34 40 14 0.061
773 6 13 14 0.060
390 133 11 13 0.057
491 94 8 11 0.057
686 28 11 13 0.057
255 432 20 28 0.055
621 38 42 13 0.053
617 48 10 10 0.052
59 472 15 18 0.047
807 433 12 15 0.046
230 433 15 20 0.044
64 307 12 14 0.042
808 3 11 11 0.041
174 595 10 13 0.040
181 218 6 7 0.039
574 113 8 10 0.039
0 420 11 17 0.038
805 21 9 11 0.036
877 471 14 16 0.034
392 132 15 14 0.032
935 423 16 28 0.031
720 21 12 13 0.031
600 60 10 14 0.030
406 124 12 12 0.029
260 422 20 29 0.029
782 401 13 17 0.028
452 108 16 14 0.028
955 386 16 18 0.028
807 2 11 21 0.028
818 26 12 13 0.027
574 116 9 11 0.026
210 227 7 7 0.026
396 171 12 14 0.025
190 218 7 7 0.024
943 407 16 22 0.022
239 91 9 10 0.021
467 97 16 14 0.021
849 2 8 9 0.021
400 123 12 14 0.020
