14_Traffic_Traffic_14_55
96
212 465 14 16 0.514
548 212 12 13 0.379
948 345 12 14 0.357
575 348 13 15 0.337
306 283 11 13 0.318
486 362 13 16 0.276
260 285 10 13 0.233
934 263 12 14 0.147
484 224 12 13 0.147
889 220 11 12 0.129
859 33 10 14 0.129
540 74 11 12 0.122
554 290 11 13 0.121
137 473 15 16 0.119
407 162 9 10 0.111
832 225 11 13 0.101
876 351 13 15 0.100
824 137 11 11 0.100
383 174 11 12 0.088
681 91 10 11 0.085
919 269 9 10 0.084
436 169 11 11 0.082
541 209 14 13 0.079
600 12 8 9 0.071
231 398 15 16 0.071
675 85 12 12 0.070
275 453 11 13 0.070
369 213 10 11 0.068
882 350 13 14 0.067
172 420 12 14 0.063
311 280 11 14 0.062
259 185 10 12 0.060
747 51 9 10 0.059
959 347 12 13 0.058
366 27 9 9 0.058
784 28 10 11 0.057
892 223 12 12 0.054
247 391 12 16 0.054
108 183 10 11 0.052
225 202 9 12 0.052
624 286 11 12 0.051
357 120 9 11 0.051
519 47 8 10 0.050
151 18 9 10 0.046
440 166 9 11 0.045
879 1 11 11 0.045
135 478 15 15 0.045
839 227 12 12 0.045
627 98 10 12 0.043
686 87 11 12 0.041
674 88 19 13 0.041
611 148 10 11 0.041
623 13 8 10 0.039
532 209 13 13 0.039
536 76 10 12 0.038
84 65 10 11 0.038
617 286 14 12 0.036
570 46 8 9 0.036
552 212 12 13 0.036
823 141 11 12 0.035
816 275 12 14 0.035
82 67 10 11 0.034
828 227 19 12 0.034
230 396 27 17 0.033
678 140 12 11 0.033
665 143 11 11 0.032
260 485 13 14 0.031
150 17 14 10 0.031
885 80 9 11 0.030
203 467 13 14 0.030
109 441 14 17 0.029
237 401 18 17 0.029
477 178 10 11 0.029
736 137 8 11 0.028
224 199 8 10 0.027
887 352 12 14 0.027
812 26 12 11 0.026
409 166 11 11 0.026
798 138 9 11 0.026
20 64 8 9 0.025
267 225 13 13 0.025
942 347 13 13 0.025
798 98 9 9 0.024
630 100 11 12 0.024
404 159 10 10 0.024
876 408 11 12 0.023
225 208 12 15 0.023
620 16 8 9 0.023
314 252 12 13 0.023
798 143 9 11 0.022
404 298 13 14 0.022
232 402 17 17 0.022
867 215 12 12 0.022
113 439 13 15 0.022
796 136 10 10 0.021
831 26 11 12 0.021
