14_Traffic_Traffic_14_834
83
952 340 9 12 0.580
340 350 7 8 0.355
688 418 15 22 0.345
598 123 8 11 0.312
53 364 7 9 0.309
639 65 15 19 0.307
696 351 5 7 0.267
869 342 7 9 0.258
601 350 6 8 0.228
588 375 8 9 0.195
577 348 7 9 0.179
72 360 8 9 0.174
717 349 8 9 0.155
711 456 10 12 0.151
733 361 8 9 0.132
75 362 6 7 0.127
832 424 15 21 0.122
938 342 7 10 0.122
733 349 6 7 0.120
388 338 7 8 0.113
796 474 20 18 0.097
714 411 10 13 0.090
595 350 9 8 0.088
93 359 6 6 0.088
623 346 6 7 0.084
261 358 7 7 0.082
619 348 7 7 0.082
150 351 7 9 0.081
122 351 8 8 0.073
499 336 6 8 0.071
837 337 7 9 0.069
480 348 7 7 0.069
26 352 5 6 0.068
835 339 7 11 0.067
734 343 6 25 0.063
894 344 7 8 0.062
144 354 9 8 0.060
703 413 21 16 0.058
597 126 7 10 0.058
815 486 15 22 0.056
921 340 7 9 0.055
734 356 7 9 0.055
749 439 7 8 0.052
801 479 28 21 0.050
698 47 18 23 0.050
792 407 13 16 0.049
161 424 6 10 0.045
782 404 15 23 0.044
919 340 14 9 0.041
808 364 10 12 0.040
830 348 7 8 0.039
863 340 7 9 0.037
154 271 7 9 0.036
125 351 8 8 0.036
693 411 13 20 0.036
664 456 15 21 0.034
388 334 6 22 0.034
821 347 11 9 0.034
807 338 6 8 0.031
264 350 6 21 0.031
836 379 8 9 0.030
529 343 6 7 0.029
252 344 8 11 0.027
712 365 7 10 0.027
465 345 6 8 0.027
707 409 14 16 0.026
798 405 12 16 0.026
951 409 7 12 0.026
374 332 6 16 0.025
692 351 8 7 0.025
474 326 6 7 0.024
796 350 10 13 0.024
419 38 7 9 0.023
173 346 6 7 0.023
799 384 9 13 0.022
364 346 8 15 0.022
802 364 11 12 0.022
850 381 8 11 0.022
483 350 6 8 0.021
286 363 7 9 0.021
258 346 10 27 0.021
679 338 8 13 0.020
252 345 14 13 0.020
