16_Award_Ceremony_Awards_Ceremony_16_73
154
258 120 39 48 0.866
409 145 36 47 0.847
615 148 38 46 0.831
726 90 41 51 0.831
316 73 34 40 0.789
90 71 19 26 0.765
204 54 19 24 0.752
267 78 18 22 0.744
720 41 19 22 0.732
865 37 14 19 0.712
570 77 15 18 0.708
699 41 15 19 0.692
641 79 16 20 0.686
638 45 15 19 0.683
472 29 14 17 0.680
625 71 15 21 0.668
492 60 16 20 0.649
344 37 12 15 0.644
720 13 16 19 0.643
700 1 15 18 0.642
603 21 15 18 0.631
852 20 15 19 0.631
989 32 15 21 0.625
654 22 16 19 0.622
537 44 17 20 0.622
571 51 14 17 0.615
186 69 15 18 0.612
365 49 15 18 0.609
618 30 14 17 0.609
564 28 16 19 0.596
610 60 15 19 0.589
6 80 16 19 0.588
240 57 15 18 0.585
462 58 15 20 0.584
686 26 14 18 0.568
240 83 14 21 0.560
813 31 14 19 0.560
170 58 13 15 0.557
445 52 16 20 0.538
992 0 13 17 0.529
535 67 13 17 0.507
595 77 14 18 0.505
583 20 11 15 0.497
891 33 12 18 0.486
656 66 13 16 0.468
833 34 15 21 0.456
973 19 14 19 0.417
772 1 12 15 0.415
413 61 14 25 0.412
23 75 16 23 0.406
750 41 15 18 0.379
786 36 13 17 0.364
431 79 16 19 0.353
905 110 21 42 0.336
527 36 13 16 0.332
319 41 8 10 0.326
141 59 17 21 0.310
974 35 12 18 0.274
347 62 16 19 0.264
642 18 14 16 0.255
808 27 16 21 0.255
156 77 15 19 0.231
456 41 14 19 0.225
610 24 16 21 0.219
972 27 15 21 0.212
76 50 11 16 0.210
426 53 15 22 0.203
918 36 13 17 0.188
629 74 25 23 0.187
124 57 14 18 0.185
565 77 33 18 0.168
142 66 23 23 0.166
226 67 21 18 0.155
859 33 19 23 0.147
701 31 14 19 0.146
553 27 16 19 0.142
344 86 21 24 0.133
492 24 12 14 0.127
876 18 11 15 0.123
641 58 15 54 0.117
603 55 23 30 0.117
546 80 14 17 0.107
716 40 51 20 0.106
51 61 16 21 0.104
892 37 12 19 0.102
1006 23 13 17 0.098
393 38 13 17 0.098
16 64 14 20 0.094
672 51 14 17 0.094
850 18 25 19 0.094
11 75 29 26 0.094
423 49 15 18 0.093
802 17 12 15 0.093
146 72 18 21 0.091
490 34 12 16 0.090
588 45 15 15 0.084
122 61 14 18 0.083
429 58 18 31 0.080
625 31 30 42 0.077
816 48 12 17 0.077
971 8 27 45 0.076
386 77 18 30 0.072
1005 16 14 17 0.072
126 56 29 19 0.071
390 33 12 15 0.069
434 53 40 26 0.069
589 1 14 16 0.068
648 41 19 19 0.068
999 76 14 17 0.067
470 29 33 17 0.067
439 74 15 20 0.066
892 59 11 13 0.065
551 24 14 16 0.062
455 55 25 25 0.061
787 36 27 20 0.060
658 43 20 18 0.055
598 42 14 17 0.054
346 39 16 18 0.054
725 11 17 20 0.049
674 48 15 17 0.047
74 53 16 22 0.047
455 12 13 16 0.046
362 24 9 12 0.045
31 148 22 26 0.045
758 27 10 13 0.042
778 23 13 16 0.041
317 39 12 14 0.040
24 86 16 22 0.040
79 52 15 20 0.037
1017 0 7 20 0.037
904 125 22 39 0.036
385 65 18 25 0.034
543 73 14 18 0.034
345 32 13 16 0.034
434 48 15 20 0.033
643 11 15 18 0.033
419 43 12 15 0.032
396 63 18 25 0.030
45 68 16 21 0.029
532 47 18 22 0.029
522 29 14 17 0.028
738 5 16 16 0.028
526 28 12 14 0.027
781 42 15 17 0.027
835 27 13 15 0.025
349 91 23 26 0.025
0 69 13 23 0.025
19 62 11 15 0.025
226 72 15 20 0.025
648 9 15 16 0.024
274 57 9 18 0.023
151 73 22 26 0.023
0 148 8 32 0.023
639 16 12 15 0.021
