17_Ceremony_Ceremony_17_171
40
25 222 57 68 0.864
255 241 70 87 0.862
934 383 90 144 0.857
396 308 89 97 0.855
645 311 100 133 0.846
580 0 33 40 0.846
958 164 66 101 0.842
520 327 92 111 0.833
94 124 33 45 0.832
266 55 37 48 0.824
7 130 39 46 0.821
763 55 48 65 0.819
149 235 50 64 0.815
246 150 38 51 0.808
526 21 36 45 0.807
633 155 57 63 0.807
198 233 61 79 0.802
292 31 29 40 0.796
515 85 46 53 0.789
152 48 32 40 0.789
478 165 53 70 0.781
668 77 40 51 0.778
301 155 41 55 0.777
455 137 46 63 0.754
354 274 63 80 0.752
722 71 44 58 0.751
335 141 50 63 0.734
692 184 50 60 0.704
862 243 61 80 0.680
144 85 21 29 0.532
453 73 39 44 0.348
611 165 32 47 0.107
377 283 78 94 0.083
746 216 63 70 0.058
712 3 30 28 0.039
0 244 7 45 0.037
0 420 13 108 0.028
468 146 48 67 0.026
878 0 46 50 0.025
607 143 41 65 0.022
