17_Ceremony_Ceremony_17_765
35
90 473 37 55 0.803
795 285 14 20 0.729
378 399 19 32 0.710
398 291 12 15 0.701
138 308 11 14 0.689
669 288 12 17 0.686
876 298 13 19 0.685
374 289 13 15 0.680
240 304 11 15 0.679
926 296 13 19 0.674
716 286 12 18 0.670
325 295 12 14 0.660
81 304 11 15 0.643
557 277 11 17 0.560
832 310 13 17 0.525
421 288 11 14 0.432
187 316 9 12 0.403
453 285 10 15 0.297
11 398 14 24 0.272
227 390 13 26 0.205
394 289 22 15 0.172
7 405 17 23 0.056
156 396 17 28 0.048
81 409 16 27 0.043
186 311 8 12 0.042
235 342 13 15 0.042
62 427 17 31 0.038
457 282 9 15 0.036
240 301 11 28 0.035
155 383 16 25 0.032
556 280 11 18 0.031
362 303 11 13 0.024
328 293 11 15 0.023
71 409 19 32 0.023
176 438 17 31 0.021
