17_Ceremony_Ceremony_17_452
28
310 369 21 31 0.735
933 390 17 24 0.651
976 391 15 22 0.472
985 419 18 27 0.377
979 393 18 24 0.371
221 381 14 21 0.330
308 336 17 20 0.324
675 344 18 22 0.242
830 383 19 22 0.164
982 388 17 53 0.127
579 344 17 19 0.118
405 364 21 24 0.100
497 341 20 25 0.088
378 360 16 23 0.083
900 382 15 22 0.076
359 398 17 20 0.075
65 337 19 27 0.071
627 388 15 19 0.058
666 351 14 17 0.052
838 384 18 23 0.048
802 336 17 18 0.044
973 383 15 20 0.039
827 388 18 23 0.031
624 397 18 23 0.029
623 407 19 19 0.027
534 356 12 13 0.024
224 373 13 22 0.022
464 389 14 17 0.021
