18_Concerts_Concerts_18_602
126
897 480 42 57 0.842
297 528 39 57 0.840
556 385 33 41 0.813
480 399 26 32 0.808
308 386 26 36 0.801
368 393 32 41 0.795
329 506 38 55 0.791
937 375 38 49 0.788
250 301 19 27 0.788
458 489 29 39 0.782
407 392 19 27 0.764
259 537 28 42 0.762
344 379 21 26 0.754
51 380 21 29 0.743
39 344 18 22 0.731
79 420 21 27 0.730
191 362 19 21 0.725
51 264 12 17 0.715
232 298 16 21 0.714
773 333 16 20 0.708
838 340 16 21 0.707
263 259 13 17 0.695
452 347 17 20 0.691
107 255 14 18 0.682
22 339 16 21 0.679
142 255 15 19 0.679
167 403 25 32 0.679
739 374 19 22 0.678
189 262 13 18 0.677
872 371 20 25 0.659
301 255 13 16 0.645
409 288 12 16 0.629
523 339 14 17 0.627
513 395 19 28 0.626
712 340 17 21 0.622
133 395 15 21 0.617
518 323 16 18 0.616
336 329 17 21 0.607
615 267 12 13 0.606
481 260 11 14 0.603
397 325 12 16 0.600
439 327 12 19 0.588
682 353 12 20 0.573
568 333 12 16 0.557
144 405 21 28 0.515
580 260 12 14 0.496
546 277 10 13 0.474
901 349 16 20 0.462
166 266 14 18 0.413
369 272 12 16 0.404
0 282 8 18 0.392
332 267 12 17 0.375
212 274 12 15 0.352
230 298 36 23 0.313
520 324 16 31 0.282
293 239 9 13 0.270
216 271 18 18 0.256
224 270 14 17 0.235
650 349 19 19 0.215
114 407 15 16 0.213
712 332 15 18 0.212
552 305 11 13 0.209
672 338 13 22 0.193
437 320 12 24 0.185
907 343 18 25 0.177
392 297 12 14 0.171
474 360 18 23 0.162
134 393 24 34 0.152
606 335 14 16 0.151
915 337 18 21 0.141
509 301 9 15 0.135
381 274 11 15 0.131
875 341 13 16 0.129
509 378 18 21 0.126
859 471 29 34 0.126
996 345 12 15 0.119
435 305 11 16 0.116
596 355 19 23 0.113
510 381 19 30 0.110
547 276 10 21 0.103
146 264 42 17 0.102
574 261 13 13 0.099
396 354 15 16 0.096
456 350 32 24 0.094
0 410 13 24 0.090
297 258 35 19 0.084
373 301 11 14 0.078
200 266 18 18 0.075
735 353 12 14 0.068
886 350 30 27 0.068
240 449 27 31 0.066
437 278 11 17 0.066
601 336 18 29 0.064
333 325 15 20 0.061
2 279 12 18 0.058
451 289 11 14 0.058
447 285 12 15 0.057
1 258 8 22 0.055
436 288 11 16 0.054
675 333 13 17 0.053
510 306 14 20 0.049
371 289 11 26 0.049
438 277 11 13 0.048
896 353 16 21 0.044
661 343 22 22 0.043
911 336 16 19 0.042
777 656 39 42 0.038
347 332 16 18 0.037
449 339 15 23 0.037
341 331 17 20 0.037
651 341 19 20 0.036
476 356 15 18 0.035
434 294 13 34 0.035
579 354 16 18 0.034
586 356 21 21 0.032
437 285 17 18 0.031
217 280 15 19 0.030
927 341 18 17 0.029
363 280 14 16 0.026
505 389 21 27 0.026
395 339 12 26 0.025
993 347 14 17 0.024
719 342 18 20 0.024
482 303 11 13 0.023
390 270 8 10 0.022
0 378 11 21 0.022
