18_Concerts_Concerts_18_38
127
67 416 33 45 0.798
759 391 32 46 0.789
294 527 45 81 0.756
96 394 27 35 0.738
594 301 21 30 0.734
642 186 22 29 0.731
806 275 22 28 0.722
532 267 24 32 0.720
147 322 25 36 0.709
897 342 52 69 0.699
283 218 29 40 0.692
365 184 14 18 0.657
278 189 18 20 0.642
893 274 19 27 0.630
562 345 23 35 0.546
569 197 10 13 0.515
367 298 14 21 0.492
457 238 12 15 0.489
515 409 23 36 0.482
727 318 16 21 0.469
733 288 14 18 0.464
431 196 12 15 0.461
547 486 57 83 0.436
712 263 11 13 0.413
844 247 10 12 0.409
800 235 9 12 0.405
309 207 15 17 0.397
987 270 17 23 0.383
690 259 9 12 0.346
509 212 12 13 0.328
577 172 6 8 0.313
403 498 46 59 0.302
452 193 9 9 0.276
745 240 11 14 0.276
840 219 7 8 0.257
666 237 12 14 0.229
736 208 7 9 0.207
881 237 10 14 0.200
928 253 10 12 0.199
488 174 8 9 0.185
514 194 9 10 0.173
413 437 51 57 0.170
963 228 10 12 0.167
941 225 9 11 0.158
260 204 18 23 0.158
221 290 18 22 0.157
450 213 11 14 0.152
529 216 11 14 0.152
680 270 11 14 0.149
1012 227 12 19 0.148
239 222 12 14 0.146
732 240 8 11 0.144
813 230 8 10 0.137
873 604 37 50 0.134
1 385 19 36 0.128
713 228 9 11 0.127
968 231 13 14 0.124
23 397 27 33 0.122
973 235 11 12 0.121
900 245 11 13 0.120
744 244 10 12 0.117
485 302 13 16 0.113
477 378 22 25 0.111
508 208 11 15 0.100
943 277 17 21 0.099
714 318 17 21 0.098
917 296 22 28 0.092
557 215 8 10 0.087
769 215 10 13 0.086
814 198 7 8 0.085
880 237 17 17 0.079
824 251 11 13 0.078
881 246 10 14 0.075
729 241 14 12 0.073
530 212 11 13 0.065
742 224 8 10 0.058
900 241 9 12 0.058
667 275 13 13 0.056
863 221 8 10 0.055
416 491 36 54 0.055
717 224 10 13 0.054
908 201 7 9 0.050
1013 273 11 14 0.050
942 223 10 12 0.050
533 210 11 11 0.048
195 371 22 38 0.048
559 346 18 30 0.047
825 189 7 8 0.047
717 446 31 41 0.046
714 246 10 11 0.045
699 287 10 13 0.045
389 508 47 49 0.039
522 490 73 94 0.038
1004 177 7 9 0.038
814 190 7 24 0.037
15 396 21 31 0.036
306 202 20 27 0.035
322 317 21 25 0.035
665 278 10 13 0.034
701 320 23 22 0.034
716 175 7 8 0.033
838 217 9 21 0.032
875 585 34 54 0.031
916 292 15 21 0.031
581 207 8 11 0.030
715 172 7 9 0.030
532 230 11 13 0.029
906 223 7 9 0.029
888 189 7 8 0.029
734 203 10 28 0.028
872 193 9 9 0.027
683 348 19 24 0.026
511 202 12 15 0.025
768 218 11 16 0.023
48 405 49 49 0.023
710 243 26 14 0.023
875 192 7 8 0.022
338 267 17 20 0.022
770 285 12 14 0.022
678 243 20 45 0.022
772 207 9 11 0.021
922 224 7 10 0.021
794 177 6 7 0.021
240 207 8 12 0.021
702 256 17 36 0.020
864 267 14 20 0.020
571 489 30 59 0.020
