18_Concerts_Concerts_18_151
109
783 145 18 23 0.794
123 333 19 24 0.791
755 262 19 24 0.790
671 257 17 23 0.789
898 203 19 24 0.784
472 260 17 20 0.784
475 205 18 22 0.782
728 318 20 27 0.777
590 323 21 27 0.771
870 257 22 27 0.768
464 67 18 23 0.768
204 91 15 20 0.763
872 147 19 24 0.762
399 149 18 22 0.759
588 144 18 21 0.758
331 260 21 27 0.758
998 330 21 24 0.757
853 64 16 19 0.756
151 400 20 22 0.752
982 272 17 25 0.749
1010 202 14 21 0.749
695 144 17 21 0.749
955 149 17 20 0.746
865 410 20 26 0.745
560 202 18 21 0.745
987 61 16 22 0.742
505 140 16 20 0.741
852 328 18 25 0.740
306 397 18 24 0.732
101 106 17 20 0.727
262 431 18 24 0.724
742 414 18 24 0.720
721 60 16 23 0.719
106 56 14 18 0.714
209 264 19 26 0.710
34 79 15 19 0.704
346 80 17 19 0.703
88 285 17 19 0.701
582 267 17 21 0.701
64 75 15 18 0.695
9 349 18 25 0.687
593 69 16 19 0.674
97 428 15 22 0.671
784 198 19 22 0.659
132 88 15 21 0.657
472 321 20 21 0.654
339 206 15 17 0.653
8 110 13 16 0.648
717 438 16 24 0.615
227 327 21 24 0.611
671 209 17 22 0.608
889 437 15 23 0.604
361 335 21 25 0.596
500 335 16 25 0.593
71 99 13 17 0.567
14 79 13 17 0.543
57 8 14 17 0.361
1007 66 13 18 0.266
51 193 14 18 0.220
475 143 17 18 0.200
359 413 19 23 0.188
144 363 15 19 0.181
10 88 12 48 0.180
496 334 15 24 0.180
69 70 13 47 0.163
899 286 17 20 0.159
159 625 12 21 0.158
17 88 13 18 0.144
127 428 16 21 0.113
18 95 12 16 0.108
0 329 13 18 0.107
57 13 14 18 0.099
870 174 14 18 0.087
0 92 8 17 0.079
25 79 55 18 0.076
118 248 22 24 0.075
970 659 29 19 0.073
858 175 14 17 0.070
600 660 12 18 0.063
106 188 15 18 0.059
884 67 12 13 0.055
7 83 14 18 0.052
1010 624 11 22 0.049
0 432 15 22 0.047
2 167 15 19 0.046
132 634 11 22 0.042
839 63 13 18 0.040
185 163 11 15 0.038
581 377 19 25 0.037
0 310 10 18 0.037
365 413 22 24 0.035
772 178 12 17 0.033
1 510 11 20 0.033
367 401 21 25 0.030
396 220 18 21 0.029
516 236 16 18 0.027
678 209 17 22 0.026
6 341 19 26 0.026
854 373 19 27 0.025
775 181 20 25 0.025
867 125 13 16 0.024
215 145 16 19 0.024
228 336 18 21 0.023
201 590 13 19 0.023
0 316 14 34 0.022
226 316 19 26 0.022
837 59 20 19 0.021
355 623 12 18 0.021
480 142 18 18 0.020
