18_Concerts_Concerts_18_504
106
336 631 40 47 0.824
523 617 36 41 0.743
777 471 18 24 0.690
611 472 23 27 0.683
123 387 16 21 0.643
289 415 14 21 0.543
796 373 15 20 0.513
747 655 21 27 0.427
114 580 15 22 0.395
159 557 18 28 0.391
679 553 22 25 0.324
186 384 15 20 0.291
619 556 28 28 0.259
687 397 13 17 0.254
991 282 11 15 0.253
452 411 11 14 0.248
972 290 12 11 0.177
791 329 12 15 0.171
675 370 14 16 0.162
330 413 13 19 0.159
970 271 9 11 0.149
507 539 16 29 0.149
742 333 10 12 0.143
285 393 12 17 0.136
556 453 11 15 0.132
642 350 8 11 0.128
582 432 10 16 0.123
1 415 9 14 0.123
486 411 10 12 0.114
40 407 11 13 0.112
471 392 10 12 0.110
511 398 8 11 0.110
970 291 9 10 0.109
758 340 10 12 0.105
988 322 15 21 0.103
594 384 11 13 0.096
938 280 10 12 0.095
722 355 13 15 0.091
901 347 10 13 0.088
171 375 11 13 0.082
776 390 14 18 0.081
806 335 9 11 0.081
507 523 17 29 0.079
596 461 16 22 0.075
172 377 14 18 0.075
835 392 19 22 0.068
939 275 12 16 0.064
855 341 8 10 0.063
333 386 10 13 0.062
623 543 25 26 0.058
653 363 11 13 0.058
986 309 14 27 0.055
40 575 14 25 0.055
596 382 15 14 0.054
620 440 18 21 0.052
626 382 11 13 0.050
207 401 14 19 0.049
833 338 8 10 0.048
817 349 11 14 0.047
87 406 9 12 0.047
150 409 11 14 0.046
534 393 11 12 0.046
253 383 11 18 0.046
632 402 12 15 0.044
912 285 7 8 0.044
985 310 12 17 0.043
152 380 9 11 0.043
553 449 25 20 0.043
800 437 16 19 0.042
774 388 16 31 0.042
613 551 24 26 0.042
396 395 10 13 0.042
722 313 11 14 0.041
890 280 9 10 0.040
464 364 10 12 0.039
628 407 10 14 0.038
776 418 16 22 0.037
821 329 8 11 0.037
989 275 10 11 0.036
611 368 11 14 0.036
849 314 10 10 0.036
914 280 7 9 0.035
194 388 15 20 0.034
624 573 25 26 0.034
498 362 8 11 0.034
335 416 11 16 0.032
615 562 23 23 0.030
626 564 23 26 0.029
756 343 12 13 0.028
293 370 8 10 0.027
741 333 18 17 0.027
882 308 11 14 0.026
872 343 9 11 0.025
596 457 14 18 0.024
943 270 14 14 0.023
327 372 9 12 0.023
939 270 13 15 0.022
485 406 13 19 0.022
1012 360 10 17 0.021
161 568 19 27 0.021
558 452 14 28 0.021
939 286 9 11 0.021
269 380 10 12 0.020
611 383 13 13 0.020
28 405 19 16 0.020
624 326 9 11 0.020
