18_Concerts_Concerts_18_66
120
441 365 63 94 0.861
491 330 64 83 0.854
643 420 59 76 0.846
626 248 37 53 0.843
808 264 39 54 0.831
435 258 44 51 0.826
924 290 40 50 0.803
480 199 24 31 0.799
746 333 52 68 0.793
889 350 46 58 0.792
581 315 43 53 0.792
199 247 36 43 0.786
387 219 31 35 0.748
190 319 39 53 0.740
228 201 23 27 0.717
508 180 20 28 0.709
361 189 18 22 0.704
212 169 21 24 0.690
173 200 21 29 0.673
288 159 15 19 0.649
288 462 69 80 0.636
224 315 49 66 0.618
406 199 20 26 0.608
298 292 35 42 0.593
640 182 19 24 0.587
964 481 58 71 0.584
335 153 13 16 0.564
17 211 30 33 0.527
72 319 54 64 0.527
20 268 34 44 0.483
378 150 12 15 0.474
458 167 13 17 0.392
106 251 30 35 0.363
428 126 10 13 0.270
3 214 29 38 0.265
573 180 24 29 0.265
785 161 26 30 0.213
170 159 15 17 0.178
420 155 12 15 0.169
300 202 18 23 0.167
760 172 18 23 0.147
393 187 15 19 0.141
347 175 13 18 0.138
576 174 21 25 0.128
516 133 14 19 0.127
327 128 10 12 0.118
346 132 9 12 0.106
173 161 19 17 0.103
307 149 11 14 0.101
427 128 11 14 0.100
387 118 8 10 0.094
251 141 10 14 0.092
349 163 13 18 0.089
378 153 14 18 0.087
891 173 18 24 0.085
692 165 19 24 0.082
509 172 18 26 0.080
530 165 18 22 0.078
164 130 12 15 0.077
821 219 25 31 0.073
131 261 34 42 0.072
510 160 13 22 0.072
422 138 11 36 0.070
783 172 26 29 0.069
8 271 38 48 0.067
659 117 15 18 0.066
402 147 12 14 0.061
548 243 32 38 0.061
457 140 12 15 0.059
0 177 20 35 0.058
249 186 17 20 0.053
444 107 11 14 0.053
452 119 10 14 0.046
327 311 49 60 0.046
697 164 23 29 0.046
378 134 14 57 0.044
395 184 18 19 0.044
0 175 14 25 0.043
177 176 18 23 0.042
960 209 37 51 0.040
181 162 13 14 0.040
623 161 15 20 0.040
265 186 15 18 0.039
447 110 12 22 0.037
563 567 69 18 0.037
462 164 14 18 0.036
326 127 10 22 0.036
662 173 17 22 0.035
693 224 31 41 0.035
407 177 16 17 0.035
425 186 17 21 0.034
210 139 12 14 0.034
58 210 33 34 0.033
593 103 11 13 0.032
253 186 22 19 0.032
308 133 10 12 0.032
208 146 13 16 0.032
139 145 13 16 0.031
511 154 13 21 0.030
605 171 16 19 0.029
106 322 45 57 0.029
32 266 30 42 0.029
870 274 35 45 0.029
578 188 23 27 0.028
452 253 36 47 0.028
372 124 11 19 0.028
664 165 14 24 0.026
643 176 30 24 0.025
406 188 18 28 0.024
368 112 9 11 0.024
2 122 18 24 0.024
353 155 11 15 0.023
413 167 15 20 0.023
587 167 21 19 0.023
270 215 18 24 0.023
249 185 30 29 0.022
924 506 63 66 0.022
106 178 18 24 0.022
681 165 32 28 0.021
613 162 31 27 0.020
