18_Concerts_Concerts_18_920
66
280 506 15 19 0.702
904 563 10 14 0.679
752 627 11 13 0.670
852 557 11 14 0.663
824 574 11 14 0.654
757 568 11 13 0.629
769 623 11 14 0.617
869 575 10 12 0.585
929 561 11 13 0.578
982 586 11 14 0.568
618 606 10 14 0.566
909 518 9 11 0.561
619 567 7 9 0.471
904 486 8 9 0.447
818 529 9 11 0.432
574 569 7 9 0.410
790 550 8 9 0.379
895 607 14 16 0.354
765 536 9 11 0.301
852 499 10 14 0.291
1003 515 10 14 0.291
752 625 19 14 0.288
949 523 10 10 0.279
590 564 7 9 0.246
234 612 24 45 0.199
664 566 7 9 0.152
740 603 8 9 0.150
1002 481 9 9 0.134
667 565 6 6 0.118
683 655 13 14 0.115
591 569 8 9 0.110
661 571 6 8 0.090
633 566 7 8 0.088
831 552 10 14 0.083
869 523 8 12 0.081
907 511 11 20 0.080
559 611 9 11 0.073
754 597 12 12 0.070
925 565 11 13 0.069
876 664 12 16 0.060
768 540 9 10 0.057
912 517 8 10 0.056
741 601 10 10 0.055
762 537 8 10 0.052
872 535 9 16 0.046
738 639 9 13 0.036
905 488 9 11 0.036
780 543 11 12 0.036
977 590 12 16 0.033
915 534 9 13 0.032
1004 513 9 9 0.030
759 598 11 12 0.030
769 66 18 26 0.029
673 563 8 8 0.027
796 552 11 17 0.025
595 573 8 12 0.024
965 613 10 14 0.024
721 104 16 20 0.024
879 56 20 28 0.024
866 538 15 14 0.023
681 114 16 22 0.023
42 462 14 15 0.023
800 573 8 12 0.022
767 65 15 22 0.021
966 3 24 16 0.020
800 554 15 11 0.020
