19_Couple_Couple_19_743
28
403 303 34 42 0.805
697 410 29 37 0.790
524 277 33 40 0.785
447 305 30 37 0.771
803 300 34 39 0.745
670 391 28 34 0.745
127 317 27 35 0.743
860 299 32 43 0.741
278 414 23 36 0.703
182 473 21 34 0.683
759 211 23 27 0.660
156 311 27 32 0.654
634 321 23 30 0.536
509 468 27 29 0.274
602 315 21 25 0.193
318 213 22 26 0.167
393 378 37 40 0.139
712 242 22 26 0.095
664 364 19 22 0.084
594 297 21 24 0.068
598 300 23 29 0.066
732 204 16 22 0.060
489 456 31 29 0.055
401 437 31 38 0.050
728 205 37 24 0.032
624 301 21 24 0.031
714 237 18 21 0.028
595 318 25 33 0.027
