20_Family_Group_Family_Group_20_799
27
902 492 85 102 0.855
534 171 105 143 0.843
112 625 81 102 0.826
510 510 122 144 0.736
394 363 22 30 0.646
843 364 15 18 0.544
350 346 13 15 0.365
234 334 9 12 0.320
300 343 10 12 0.312
61 314 10 13 0.295
433 349 11 15 0.147
389 735 44 63 0.118
252 343 9 12 0.104
187 333 11 11 0.066
415 344 15 16 0.057
147 351 19 24 0.048
407 345 23 26 0.045
130 330 15 17 0.044
0 292 10 15 0.044
348 350 11 13 0.036
134 328 15 18 0.031
126 335 23 31 0.031
133 345 23 26 0.028
201 369 11 14 0.027
121 345 19 23 0.025
60 308 12 13 0.021
52 336 12 17 0.021
