20_Family_Group_Family_Group_20_64
25
172 305 53 63 0.896
719 325 58 74 0.890
488 166 52 63 0.870
465 316 61 89 0.868
617 388 70 98 0.866
653 122 52 65 0.864
309 320 65 84 0.860
317 161 49 54 0.858
887 309 52 62 0.857
277 26 40 49 0.853
758 485 75 84 0.845
151 231 47 46 0.838
754 279 52 63 0.835
4 370 66 71 0.834
340 281 52 59 0.827
611 317 47 59 0.826
176 431 56 68 0.823
540 165 42 54 0.807
50 134 51 62 0.798
251 181 39 42 0.796
798 58 44 49 0.787
842 479 60 56 0.756
979 202 29 47 0.712
1014 106 10 51 0.040
1015 95 9 44 0.030
