20_Family_Group_Family_Group_20_636
63
887 94 17 22 0.752
949 65 17 23 0.736
621 107 15 20 0.703
733 107 15 19 0.669
347 102 13 17 0.633
390 108 14 17 0.608
663 117 14 18 0.581
431 117 13 17 0.581
270 111 17 22 0.557
713 85 16 19 0.516
838 79 15 25 0.499
774 123 15 22 0.495
301 91 14 17 0.494
465 104 12 16 0.448
510 105 14 16 0.396
347 150 20 29 0.378
189 130 16 23 0.356
565 166 12 21 0.341
804 80 15 19 0.321
233 115 12 17 0.302
1003 136 19 23 0.258
202 124 14 17 0.256
553 96 13 17 0.251
910 128 14 22 0.237
649 163 13 21 0.201
252 97 13 17 0.160
477 123 14 19 0.156
191 124 23 23 0.148
259 101 15 18 0.140
853 121 17 23 0.127
260 141 15 22 0.114
506 86 12 13 0.094
266 114 18 31 0.079
726 181 12 21 0.078
171 73 9 11 0.078
246 102 18 18 0.074
431 107 19 23 0.056
440 96 10 12 0.053
481 121 16 19 0.049
857 118 15 19 0.047
496 113 14 17 0.047
937 104 24 26 0.045
506 79 13 32 0.040
44 82 15 20 0.037
207 124 13 16 0.037
539 113 12 14 0.033
510 81 10 12 0.032
353 140 14 18 0.031
185 124 17 25 0.030
465 110 12 16 0.029
189 106 11 15 0.027
915 115 17 25 0.026
1014 101 10 17 0.026
929 105 21 23 0.025
708 99 11 16 0.023
944 121 19 23 0.023
925 107 18 23 0.022
194 71 13 15 0.022
172 100 9 12 0.022
230 112 10 17 0.022
114 181 15 25 0.021
249 93 11 15 0.021
193 67 10 14 0.020
