20_Family_Group_Family_Group_20_294
26
353 231 34 47 0.846
654 218 30 37 0.842
701 195 31 38 0.837
386 313 31 36 0.836
843 255 32 39 0.834
465 304 32 36 0.831
174 182 34 40 0.831
791 189 34 44 0.829
137 386 40 49 0.827
562 276 32 39 0.827
744 248 30 40 0.826
484 205 33 45 0.825
550 361 30 36 0.823
278 218 36 43 0.822
679 260 30 37 0.819
583 229 30 33 0.819
652 361 30 36 0.816
238 336 31 36 0.810
214 233 37 46 0.798
777 272 32 40 0.798
397 185 30 37 0.784
535 178 31 36 0.762
383 224 31 46 0.761
118 266 29 31 0.705
974 244 8 9 0.091
923 239 7 7 0.022
