20_Family_Group_Family_Group_20_540
35
707 202 33 44 0.846
130 232 36 46 0.841
277 526 42 53 0.840
141 551 39 45 0.838
813 222 32 44 0.834
499 220 33 44 0.824
252 231 36 49 0.822
756 252 30 38 0.819
395 237 30 38 0.818
49 276 36 46 0.815
576 488 32 39 0.814
0 541 35 44 0.812
573 236 30 35 0.812
893 224 37 50 0.811
383 328 30 39 0.810
460 509 34 40 0.809
654 213 33 42 0.804
458 247 30 39 0.798
574 344 28 35 0.783
318 270 30 39 0.780
779 212 31 42 0.771
190 248 34 46 0.754
28 230 37 48 0.744
554 314 28 36 0.717
971 233 38 52 0.715
746 551 31 34 0.700
644 565 31 33 0.635
333 238 28 37 0.625
971 215 39 48 0.368
476 392 33 37 0.216
338 548 34 41 0.142
894 205 37 47 0.116
337 224 26 36 0.094
773 232 30 38 0.038
768 245 28 33 0.020
