21_Festival_Festival_21_193
82
205 440 32 42 0.778
50 416 25 41 0.611
631 438 20 35 0.572
14 515 29 42 0.436
239 410 18 26 0.406
170 391 16 24 0.406
716 454 21 38 0.387
817 426 19 32 0.321
959 356 12 14 0.298
967 436 19 29 0.227
740 400 12 19 0.190
965 329 9 10 0.179
103 374 14 16 0.174
205 383 16 19 0.155
988 406 15 20 0.142
398 455 16 32 0.125
263 365 10 14 0.124
268 388 11 15 0.120
378 407 12 22 0.108
217 379 14 20 0.107
237 329 7 7 0.106
817 374 10 12 0.105
974 440 16 25 0.104
1004 347 8 11 0.103
833 351 10 13 0.095
211 326 7 9 0.093
339 353 8 10 0.091
36 383 21 25 0.087
221 377 12 16 0.084
693 563 44 90 0.080
42 378 22 25 0.080
958 434 20 30 0.078
194 383 27 22 0.072
967 392 11 18 0.067
131 379 13 20 0.065
187 331 6 8 0.063
173 358 11 13 0.060
39 353 10 13 0.058
442 470 25 40 0.055
803 408 11 17 0.052
76 356 12 17 0.051
961 315 7 9 0.050
23 504 30 41 0.050
240 356 8 11 0.049
278 348 8 9 0.048
855 390 12 15 0.042
378 390 9 14 0.038
135 351 9 10 0.036
250 371 12 15 0.035
48 375 15 21 0.035
155 326 8 7 0.035
132 376 11 16 0.035
105 356 9 11 0.034
904 391 10 16 0.034
770 381 12 13 0.033
1008 346 14 13 0.033
792 382 10 13 0.033
1010 369 10 12 0.031
447 357 9 12 0.031
934 504 21 47 0.031
256 369 14 16 0.031
95 374 19 23 0.030
5 358 21 27 0.030
798 405 18 22 0.030
195 359 10 11 0.029
265 363 11 14 0.029
72 363 14 17 0.029
0 380 15 27 0.027
274 384 11 17 0.026
1013 370 9 14 0.025
482 423 16 27 0.025
280 377 11 17 0.025
138 351 10 11 0.025
301 358 9 10 0.025
927 382 10 13 0.024
799 350 11 13 0.024
136 382 14 21 0.023
421 366 8 11 0.023
77 348 12 17 0.022
770 384 11 13 0.022
818 394 14 17 0.021
337 377 13 14 0.021
