21_Festival_Festival_21_605
37
634 57 67 93 0.874
178 117 63 75 0.865
805 78 66 85 0.863
311 61 74 98 0.860
446 28 83 116 0.841
938 257 30 40 0.815
759 162 20 29 0.764
986 184 19 25 0.757
6 247 16 24 0.732
87 265 18 28 0.713
934 205 17 23 0.680
30 229 16 20 0.675
57 236 19 26 0.648
77 160 14 17 0.611
993 267 27 29 0.591
964 223 15 19 0.348
42 259 13 17 0.334
53 277 15 20 0.333
147 190 15 18 0.263
1005 326 17 24 0.252
0 230 11 16 0.155
5 243 29 29 0.125
932 210 36 21 0.107
3 226 13 17 0.070
62 218 15 20 0.066
59 223 19 26 0.053
1002 291 16 22 0.046
5 218 13 16 0.037
1003 299 15 19 0.037
997 323 22 27 0.036
1 260 10 24 0.034
124 269 14 24 0.029
14 108 9 10 0.027
283 136 18 22 0.025
83 313 14 18 0.024
963 230 14 19 0.023
963 196 11 16 0.022
