21_Festival_Festival_21_395
52
546 125 34 42 0.804
514 273 40 53 0.801
406 260 34 44 0.792
560 396 43 54 0.782
688 265 31 40 0.706
763 413 35 46 0.681
296 256 26 33 0.659
289 385 32 38 0.576
978 501 21 28 0.508
309 426 33 39 0.452
215 400 42 43 0.276
76 482 22 25 0.214
996 501 18 23 0.207
65 447 15 19 0.200
550 577 35 57 0.152
1 493 16 25 0.144
465 370 29 35 0.140
0 449 10 17 0.114
1000 508 18 30 0.099
175 494 20 25 0.094
1014 456 10 32 0.090
752 597 61 80 0.088
852 443 30 33 0.084
78 558 24 26 0.074
95 531 18 23 0.074
957 488 20 24 0.069
2 537 15 22 0.063
271 552 23 30 0.062
20 467 11 17 0.059
705 273 27 38 0.059
109 490 18 22 0.056
129 491 19 24 0.056
917 470 22 25 0.053
918 526 22 23 0.049
83 555 26 25 0.047
669 430 30 35 0.041
94 552 19 24 0.040
9 578 20 27 0.039
414 571 28 35 0.034
665 500 15 19 0.032
110 489 28 29 0.032
206 412 45 49 0.032
1003 518 20 29 0.031
94 528 19 46 0.028
378 501 33 44 0.027
405 166 33 40 0.025
1 449 14 24 0.025
754 432 29 36 0.024
225 408 38 44 0.024
74 557 20 24 0.023
855 450 35 34 0.023
36 449 13 16 0.022
