21_Festival_Festival_21_604
511
205 624 25 28 0.733
11 543 17 21 0.727
72 590 18 23 0.717
163 625 22 25 0.710
57 559 16 22 0.608
764 554 15 21 0.593
27 495 13 16 0.591
139 474 10 13 0.577
201 496 12 15 0.573
731 584 16 20 0.571
8 477 12 16 0.567
862 511 12 15 0.565
924 534 13 15 0.562
695 575 15 19 0.547
290 560 15 20 0.546
207 595 16 22 0.545
688 502 13 16 0.543
250 576 15 23 0.541
274 622 17 23 0.534
508 443 9 11 0.531
959 641 15 22 0.518
133 585 15 22 0.515
285 595 16 21 0.503
295 496 12 15 0.486
891 657 18 18 0.459
189 513 12 16 0.449
220 509 12 16 0.424
1006 481 11 13 0.424
101 537 13 17 0.419
340 489 12 14 0.419
989 472 9 12 0.416
704 550 13 16 0.411
344 466 10 12 0.400
898 460 9 10 0.400
744 611 14 18 0.397
952 524 11 14 0.396
56 505 15 16 0.394
656 493 12 14 0.394
745 641 17 22 0.392
798 650 20 21 0.377
947 463 11 13 0.373
237 533 13 16 0.370
200 539 14 15 0.369
207 436 9 11 0.365
220 454 9 11 0.360
79 471 12 13 0.360
864 589 14 19 0.357
173 490 14 16 0.341
11 632 22 20 0.339
375 544 12 16 0.336
43 480 10 12 0.334
52 508 13 15 0.331
477 463 11 13 0.330
246 463 11 13 0.328
392 617 16 19 0.306
804 512 11 14 0.286
115 552 19 21 0.285
377 467 11 14 0.283
216 476 11 15 0.280
107 473 10 12 0.276
972 504 9 13 0.273
747 542 13 18 0.266
65 478 10 11 0.264
359 502 11 16 0.262
532 469 11 14 0.253
291 595 17 21 0.252
4 413 8 10 0.250
98 445 11 13 0.245
34 570 12 18 0.243
154 554 18 22 0.243
294 470 10 12 0.236
157 450 10 11 0.234
908 489 9 11 0.233
851 484 8 10 0.231
740 503 11 12 0.230
300 594 14 20 0.227
61 431 9 10 0.226
709 552 14 15 0.226
397 479 13 15 0.220
874 463 10 10 0.219
654 472 10 11 0.216
43 425 8 10 0.216
761 515 12 12 0.215
411 461 13 14 0.215
715 582 15 17 0.203
949 506 9 13 0.203
763 443 8 11 0.194
146 430 9 12 0.192
894 486 9 11 0.190
266 542 14 18 0.189
25 432 9 11 0.187
686 460 9 11 0.187
960 440 7 9 0.183
52 465 14 12 0.183
848 481 10 10 0.180
346 549 13 17 0.180
664 456 8 10 0.178
240 558 12 16 0.178
240 428 9 10 0.176
256 484 12 15 0.174
208 564 15 19 0.174
418 445 8 10 0.173
393 527 12 14 0.172
35 444 10 12 0.171
968 486 10 14 0.169
812 611 12 18 0.168
865 492 9 11 0.167
40 536 14 16 0.162
94 520 13 17 0.160
964 526 13 19 0.159
287 437 9 12 0.158
955 525 18 15 0.157
224 425 8 10 0.156
999 402 7 9 0.155
283 509 12 17 0.153
861 560 12 20 0.152
971 497 11 16 0.151
28 466 10 12 0.150
932 427 7 9 0.150
989 449 9 10 0.149
75 506 10 14 0.145
315 447 9 11 0.144
844 450 8 9 0.142
243 463 11 13 0.137
96 449 10 11 0.136
143 495 15 17 0.134
399 447 9 11 0.133
77 524 12 15 0.132
371 531 15 17 0.131
19 450 10 11 0.130
1016 541 8 19 0.130
841 479 9 9 0.129
317 531 11 15 0.127
84 555 14 17 0.126
241 481 10 13 0.126
55 415 9 11 0.124
267 455 12 12 0.124
357 451 10 12 0.124
365 481 10 14 0.122
125 614 16 23 0.120
926 587 13 17 0.120
988 446 8 10 0.118
324 556 15 17 0.118
799 458 8 9 0.117
843 415 7 8 0.115
392 428 9 9 0.115
240 445 9 12 0.114
892 490 10 13 0.114
73 492 11 14 0.114
257 440 9 11 0.114
626 442 12 13 0.114
888 527 10 12 0.114
637 459 10 12 0.113
1015 462 7 21 0.113
58 466 11 16 0.113
303 479 10 12 0.111
294 525 11 15 0.111
284 493 24 15 0.109
18 630 21 24 0.109
76 509 11 25 0.109
716 506 10 11 0.108
138 548 13 17 0.107
62 494 16 32 0.107
118 556 19 24 0.106
753 485 11 12 0.106
1009 385 7 12 0.104
703 478 9 11 0.103
377 447 10 12 0.103
111 408 9 10 0.101
101 500 12 15 0.101
33 568 24 19 0.100
810 540 12 14 0.097
845 480 10 10 0.095
108 410 9 9 0.095
145 424 9 13 0.094
142 447 11 17 0.094
243 482 13 14 0.093
37 510 13 14 0.093
855 445 9 10 0.092
203 477 15 44 0.091
127 418 9 10 0.091
21 627 16 22 0.091
358 508 12 15 0.090
926 488 9 13 0.090
189 465 10 12 0.089
1005 430 9 12 0.086
970 500 12 29 0.086
1001 419 9 12 0.085
45 463 10 24 0.085
43 495 10 14 0.085
991 428 9 12 0.084
437 540 14 18 0.083
828 444 11 11 0.083
159 560 16 23 0.082
280 475 11 20 0.082
0 436 8 11 0.082
658 470 9 13 0.082
197 474 10 11 0.082
124 619 19 27 0.080
362 540 13 19 0.079
246 579 16 27 0.078
318 534 13 14 0.078
862 566 12 48 0.078
386 511 13 18 0.078
459 375 6 7 0.078
1006 451 10 17 0.077
280 501 18 23 0.076
263 491 25 13 0.076
327 424 10 15 0.076
864 484 9 11 0.075
318 581 17 22 0.075
810 414 8 12 0.074
102 542 31 32 0.074
390 500 12 17 0.074
139 453 10 11 0.074
744 527 12 14 0.074
192 466 13 16 0.074
141 471 12 36 0.073
309 447 12 14 0.073
71 388 9 18 0.073
91 520 21 28 0.073
364 535 13 18 0.071
893 458 15 12 0.071
369 473 15 19 0.071
43 416 8 22 0.071
459 450 10 11 0.070
784 440 8 9 0.070
921 447 11 14 0.070
929 468 10 12 0.070
167 470 11 11 0.070
949 464 15 13 0.070
319 478 14 13 0.069
274 508 15 18 0.069
0 436 8 19 0.068
948 413 8 18 0.068
399 437 8 25 0.068
168 432 12 13 0.067
36 500 22 21 0.067
467 470 13 16 0.066
22 664 23 14 0.066
644 531 15 17 0.065
929 424 9 18 0.065
969 489 12 34 0.065
742 528 16 23 0.064
323 554 26 18 0.064
145 431 8 32 0.064
255 510 12 15 0.064
317 446 9 18 0.063
251 506 14 17 0.063
322 405 8 11 0.063
330 423 10 20 0.063
952 423 8 25 0.062
275 457 14 11 0.062
740 607 14 19 0.062
972 466 16 12 0.061
82 413 10 18 0.061
844 404 6 27 0.060
399 474 15 16 0.059
737 418 9 10 0.059
430 464 12 16 0.059
986 472 15 17 0.059
44 403 7 20 0.058
107 554 16 18 0.058
768 472 10 12 0.058
881 388 6 15 0.058
182 513 14 19 0.058
337 548 19 31 0.057
154 549 16 20 0.057
910 464 10 11 0.056
5 381 7 19 0.056
337 518 14 17 0.056
994 453 25 10 0.056
467 475 12 14 0.056
831 447 17 9 0.055
222 405 9 12 0.055
179 449 14 12 0.054
374 526 13 16 0.054
736 644 17 24 0.053
817 429 10 11 0.053
165 569 14 20 0.053
884 542 10 15 0.053
255 432 11 22 0.053
170 482 15 26 0.053
194 447 8 28 0.052
54 409 16 22 0.052
330 577 20 18 0.052
284 439 19 13 0.051
635 461 10 14 0.051
83 417 10 24 0.051
759 445 12 13 0.050
162 548 15 20 0.049
245 573 51 43 0.049
631 444 9 12 0.049
716 470 9 13 0.049
318 525 11 18 0.048
208 571 13 19 0.048
358 483 15 48 0.048
891 488 26 11 0.048
267 445 11 24 0.048
147 499 13 17 0.047
102 429 10 25 0.047
125 548 23 19 0.047
764 512 13 16 0.047
217 512 10 15 0.047
274 633 21 29 0.046
733 528 13 15 0.046
832 539 13 15 0.046
288 398 6 25 0.046
268 400 7 23 0.045
814 425 9 16 0.045
388 513 16 39 0.045
80 553 13 16 0.045
289 459 19 32 0.044
320 470 11 24 0.043
368 508 18 72 0.043
352 417 11 15 0.043
108 453 9 11 0.043
340 518 23 15 0.043
1014 400 7 24 0.042
840 446 22 10 0.042
93 398 9 28 0.042
332 563 18 23 0.041
179 499 17 30 0.041
431 416 7 12 0.041
364 485 11 16 0.040
695 419 7 13 0.040
899 450 13 28 0.040
264 405 11 12 0.040
985 531 11 15 0.040
1012 655 12 22 0.040
964 403 7 29 0.040
1014 436 8 25 0.039
26 395 9 28 0.039
378 443 8 39 0.039
247 597 14 20 0.039
386 607 17 22 0.039
24 553 17 21 0.039
720 446 9 16 0.039
853 540 12 16 0.039
997 388 11 31 0.038
317 492 11 17 0.038
793 453 8 10 0.038
27 406 7 32 0.037
437 441 10 27 0.037
147 418 9 11 0.037
887 399 8 20 0.037
734 651 16 21 0.037
979 466 17 20 0.037
102 471 12 67 0.036
20 448 18 26 0.036
128 625 21 26 0.036
356 413 8 26 0.036
5 481 11 14 0.036
827 513 10 14 0.036
903 487 17 19 0.036
331 409 9 37 0.036
238 442 20 16 0.036
789 553 17 16 0.035
985 614 17 25 0.035
237 561 16 19 0.035
84 477 20 13 0.035
176 444 17 18 0.035
181 411 9 24 0.034
958 444 10 15 0.034
404 486 12 18 0.034
246 508 13 13 0.034
461 396 11 15 0.034
438 428 14 19 0.034
734 534 13 16 0.033
464 399 9 12 0.032
307 523 25 25 0.032
380 443 8 25 0.032
187 387 9 22 0.032
922 434 9 35 0.032
397 460 28 45 0.032
826 391 7 25 0.032
885 546 11 15 0.032
982 534 12 16 0.032
419 444 11 39 0.032
80 631 14 22 0.032
992 396 15 20 0.031
309 584 18 21 0.031
841 542 20 15 0.031
70 383 15 30 0.031
218 445 12 29 0.031
398 615 16 20 0.031
888 422 8 25 0.031
706 441 12 13 0.031
405 575 15 19 0.031
645 473 9 21 0.031
267 418 10 27 0.031
300 410 8 27 0.031
356 373 7 18 0.030
7 373 6 44 0.030
707 598 12 18 0.030
352 386 7 27 0.030
120 622 15 28 0.030
976 503 10 14 0.030
456 428 9 10 0.030
295 555 16 20 0.030
427 409 9 20 0.030
32 664 22 15 0.030
825 516 11 14 0.030
310 442 12 15 0.030
972 441 9 31 0.029
37 438 11 33 0.029
803 501 16 27 0.029
637 457 19 25 0.029
750 480 15 21 0.029
266 647 19 24 0.029
760 558 13 19 0.029
751 468 23 11 0.028
287 558 20 33 0.028
721 443 10 14 0.028
749 450 8 23 0.028
385 648 18 22 0.028
979 579 13 14 0.028
935 395 9 28 0.028
4 634 19 21 0.028
218 481 12 19 0.028
805 553 15 18 0.028
357 419 9 28 0.028
242 443 16 47 0.027
986 603 19 24 0.027
51 403 15 26 0.027
899 434 13 26 0.027
423 462 16 18 0.027
761 434 10 23 0.027
968 445 27 10 0.027
128 616 19 22 0.027
269 636 19 32 0.027
330 544 21 19 0.027
986 624 15 19 0.027
807 490 10 17 0.027
185 464 27 83 0.027
107 489 11 14 0.026
136 496 13 14 0.026
192 527 15 26 0.026
335 429 11 27 0.026
28 629 23 24 0.026
938 437 13 20 0.026
824 417 26 10 0.026
807 535 15 28 0.026
334 520 14 25 0.026
85 423 21 20 0.026
262 551 16 19 0.026
190 386 10 24 0.026
341 520 13 23 0.026
215 540 21 16 0.026
751 415 13 10 0.025
893 517 18 17 0.025
750 442 9 13 0.025
132 383 7 30 0.025
770 415 10 16 0.025
40 491 14 75 0.025
903 515 10 15 0.025
967 536 17 16 0.025
749 496 27 39 0.025
790 548 12 16 0.025
75 441 14 15 0.025
692 584 16 23 0.025
479 567 12 15 0.025
717 436 10 24 0.025
971 528 23 20 0.025
303 497 18 15 0.024
140 432 10 83 0.024
648 487 12 13 0.024
833 507 12 15 0.024
792 646 13 17 0.024
116 370 7 31 0.024
883 379 6 30 0.024
806 477 14 16 0.024
736 419 21 9 0.024
711 417 8 16 0.024
552 475 11 14 0.024
20 435 24 27 0.024
884 382 7 31 0.023
945 517 11 14 0.023
378 443 21 17 0.023
888 654 14 18 0.023
18 447 16 17 0.023
1001 426 10 44 0.022
460 356 7 8 0.022
831 485 10 19 0.022
444 430 8 26 0.022
264 443 17 33 0.022
120 614 13 20 0.022
258 505 22 78 0.022
191 431 25 16 0.022
864 560 14 18 0.022
58 458 18 18 0.022
898 497 11 26 0.021
976 366 7 8 0.021
105 535 15 18 0.021
305 458 13 37 0.021
55 428 10 35 0.021
323 400 8 44 0.021
83 406 21 28 0.021
843 478 14 16 0.021
762 500 16 34 0.021
1003 652 18 22 0.021
624 433 19 42 0.021
802 478 11 13 0.021
274 644 22 26 0.021
99 435 12 39 0.020
185 396 8 30 0.020
103 380 9 31 0.020
415 363 9 8 0.020
644 334 6 10 0.020
871 436 11 25 0.020
464 395 9 12 0.020
