21_Festival_Festival_21_42
664
801 1286 16 20 0.705
901 1326 16 20 0.696
626 1334 14 18 0.676
764 1195 13 18 0.675
140 1277 15 20 0.670
773 1223 15 19 0.664
697 1318 16 19 0.655
104 1332 16 19 0.652
2 1186 15 19 0.647
602 1267 13 16 0.646
769 1275 14 18 0.642
899 1206 15 20 0.637
875 1328 15 19 0.630
703 1291 15 19 0.630
639 1259 14 18 0.628
774 1316 17 20 0.626
594 1161 14 18 0.625
754 1315 14 18 0.623
76 1272 15 19 0.619
18 1164 14 17 0.614
537 1284 14 18 0.602
726 1274 14 19 0.598
97 1165 14 18 0.593
147 1148 13 17 0.582
793 1013 10 12 0.574
64 1226 15 19 0.569
159 1266 14 18 0.560
839 1054 12 14 0.554
166 1200 16 19 0.550
973 1050 12 13 0.546
700 1191 13 16 0.546
859 1221 12 16 0.545
253 1322 15 19 0.541
683 1269 14 16 0.537
18 1102 13 17 0.534
39 1279 15 21 0.534
47 1210 14 17 0.532
572 1199 13 15 0.530
653 1193 13 16 0.521
868 1172 12 15 0.518
219 1121 11 14 0.514
110 1256 13 17 0.514
79 1326 14 17 0.512
888 1027 10 13 0.511
919 1133 10 13 0.510
141 1172 13 17 0.503
150 1112 12 15 0.499
630 1024 10 13 0.496
802 872 8 10 0.496
729 1177 13 16 0.495
0 1318 13 20 0.492
109 1113 12 15 0.486
158 1086 12 15 0.485
594 1205 12 17 0.468
126 1096 11 16 0.464
624 1194 12 15 0.463
688 1048 12 14 0.462
363 994 11 14 0.455
661 1326 13 17 0.453
645 1145 14 17 0.449
449 1006 11 13 0.447
120 1160 14 17 0.443
641 1172 13 15 0.442
385 1296 12 16 0.436
829 1001 10 13 0.436
229 1054 11 13 0.432
92 1069 12 14 0.430
711 1216 12 16 0.428
143 867 10 12 0.424
880 1000 10 12 0.416
777 902 8 10 0.413
37 1070 11 14 0.411
41 1096 11 15 0.411
98 993 11 13 0.406
89 1045 12 15 0.403
700 1075 11 14 0.401
94 1094 12 17 0.401
650 996 10 11 0.400
648 1046 11 14 0.400
629 1233 14 17 0.398
109 1207 14 19 0.394
96 1288 16 18 0.394
202 1278 13 17 0.393
657 1305 14 16 0.391
552 1329 14 19 0.385
261 1029 11 14 0.385
874 903 9 11 0.384
831 1088 14 16 0.380
441 963 10 12 0.380
71 1025 11 13 0.368
81 1224 14 17 0.367
723 1120 12 15 0.363
60 964 11 12 0.363
128 1132 12 15 0.361
58 1264 14 19 0.360
174 1162 13 17 0.359
184 854 10 11 0.355
725 1342 14 17 0.354
988 1165 12 15 0.353
611 1227 13 16 0.348
943 1156 11 13 0.346
923 989 10 12 0.344
750 914 8 10 0.342
770 940 10 11 0.339
172 1110 13 17 0.338
609 1075 11 13 0.337
542 863 8 10 0.335
665 1259 12 16 0.335
673 1224 11 15 0.328
475 1013 10 12 0.328
103 1016 10 13 0.319
741 1192 13 16 0.319
319 1166 12 14 0.318
747 950 9 11 0.316
206 979 12 13 0.315
768 954 10 11 0.315
275 1184 13 15 0.312
530 998 10 12 0.311
670 1287 14 17 0.310
588 1055 10 13 0.305
42 971 10 12 0.304
42 1335 14 18 0.299
597 1307 15 19 0.295
177 818 8 10 0.294
103 950 11 14 0.283
610 1025 12 14 0.283
830 946 11 12 0.282
434 1300 13 16 0.280
126 991 10 13 0.280
119 1189 12 17 0.280
34 792 9 11 0.279
824 868 8 10 0.279
688 998 11 11 0.276
178 1012 11 14 0.273
793 1350 18 16 0.272
622 1159 13 16 0.270
124 881 10 12 0.269
602 1128 14 16 0.269
582 842 9 11 0.266
340 1134 12 15 0.266
119 1044 12 15 0.264
681 942 10 11 0.263
606 991 10 12 0.262
173 1222 13 17 0.259
634 868 8 9 0.258
177 978 11 12 0.257
0 1266 11 17 0.255
200 1082 12 15 0.255
636 1068 12 14 0.254
19 1045 13 15 0.254
845 974 10 12 0.252
537 909 7 9 0.250
725 821 8 10 0.250
723 1214 13 17 0.249
157 1325 14 18 0.249
666 1138 14 16 0.248
701 1265 14 17 0.248
717 1215 14 18 0.247
315 1314 17 19 0.247
796 968 10 12 0.243
845 960 9 11 0.243
750 1263 11 16 0.241
259 960 10 13 0.241
672 850 9 12 0.240
226 932 10 12 0.240
892 880 9 10 0.239
684 1073 11 14 0.238
703 1346 15 18 0.234
255 917 10 12 0.234
699 1009 11 13 0.234
146 1017 11 12 0.230
580 953 9 10 0.230
128 1069 11 14 0.230
74 1058 11 14 0.230
101 895 10 12 0.228
621 976 10 13 0.228
394 1143 12 14 0.227
402 1011 9 11 0.226
646 887 9 11 0.225
734 874 8 10 0.224
177 1135 12 16 0.224
247 1142 10 12 0.224
557 1137 12 14 0.222
184 995 11 12 0.215
538 1023 11 13 0.214
657 1060 12 16 0.213
571 1002 10 12 0.211
604 949 11 12 0.205
170 1034 12 18 0.203
709 1149 11 16 0.203
198 911 10 12 0.203
111 1229 16 18 0.203
116 1228 20 18 0.202
526 1062 12 14 0.201
585 1000 10 12 0.199
828 1086 11 14 0.199
508 804 9 10 0.199
649 843 9 10 0.198
606 997 10 13 0.197
206 1055 12 15 0.197
620 1310 12 14 0.196
693 1000 11 13 0.195
623 978 12 13 0.195
341 1220 13 15 0.194
690 1073 17 15 0.194
131 1065 12 14 0.193
286 893 10 12 0.192
827 1003 11 14 0.191
170 938 10 12 0.191
116 919 11 13 0.187
22 1341 18 20 0.187
168 1038 12 17 0.187
812 1014 9 12 0.186
32 1338 22 21 0.185
139 919 10 12 0.182
203 934 10 12 0.182
240 1000 11 14 0.180
253 1006 13 13 0.180
646 1139 14 18 0.178
310 929 8 11 0.177
616 961 9 16 0.174
77 1252 16 16 0.172
161 1058 12 19 0.171
126 1226 13 18 0.171
658 1296 19 22 0.171
430 1305 14 17 0.169
746 909 10 13 0.169
118 922 13 13 0.168
757 1316 37 19 0.168
99 875 8 9 0.168
197 1084 11 14 0.167
844 857 9 10 0.165
654 993 10 12 0.164
644 1146 12 30 0.164
1 1252 12 19 0.161
643 1176 13 20 0.161
33 828 9 12 0.161
670 1141 13 16 0.160
51 1057 10 13 0.160
156 1244 13 15 0.156
441 1235 12 15 0.155
696 1013 11 13 0.152
167 1187 15 40 0.152
565 1066 12 14 0.152
311 1317 16 18 0.151
753 1092 12 14 0.151
666 1351 16 15 0.150
707 897 10 10 0.148
573 1022 10 12 0.147
85 1194 14 16 0.146
715 859 10 12 0.145
671 1294 13 16 0.142
282 1215 15 18 0.142
635 862 7 25 0.139
748 1088 11 12 0.139
318 1238 13 16 0.138
592 1076 11 14 0.138
771 935 7 31 0.138
574 979 11 12 0.138
291 1153 14 16 0.137
650 834 8 24 0.136
237 959 12 15 0.135
530 803 7 8 0.134
288 868 10 16 0.133
682 1208 11 15 0.133
59 1219 19 33 0.133
560 948 8 10 0.132
157 1238 16 19 0.131
238 1002 20 15 0.131
102 944 11 14 0.130
332 1179 11 16 0.130
821 943 9 11 0.128
16 752 9 11 0.128
837 1095 12 14 0.127
201 952 11 17 0.127
532 1036 10 15 0.125
311 829 8 23 0.125
379 1225 11 13 0.124
77 995 9 12 0.123
713 852 10 23 0.123
4 1052 11 17 0.123
63 844 8 11 0.122
402 1248 11 14 0.121
277 842 8 30 0.120
605 836 8 13 0.119
349 744 8 10 0.119
664 1159 15 18 0.117
174 1215 15 18 0.117
179 974 10 35 0.117
102 1006 12 25 0.117
94 1159 25 28 0.116
844 954 10 24 0.115
756 952 20 11 0.115
607 882 8 24 0.115
559 971 10 13 0.115
110 916 16 14 0.114
691 1019 10 12 0.114
272 939 11 19 0.114
700 925 9 11 0.113
572 995 9 30 0.113
691 994 11 22 0.113
639 944 11 14 0.112
771 1202 14 46 0.112
692 790 7 19 0.112
322 1170 14 17 0.112
34 1226 24 18 0.112
212 974 15 15 0.111
169 1212 17 23 0.111
190 1062 21 15 0.111
198 795 9 12 0.111
641 935 10 25 0.110
167 1053 11 22 0.110
181 850 9 12 0.110
784 1089 10 12 0.109
334 916 8 11 0.109
288 1221 17 17 0.109
535 911 8 10 0.109
415 1130 11 13 0.108
1 1098 9 14 0.108
584 918 12 12 0.108
145 974 10 16 0.107
505 802 8 10 0.107
616 1024 26 14 0.106
319 1311 15 18 0.105
883 1010 10 21 0.105
666 938 9 13 0.105
196 907 9 22 0.104
439 1143 12 16 0.104
237 996 11 17 0.103
303 1219 13 16 0.103
198 1071 12 31 0.103
594 1243 13 17 0.103
4 1049 17 15 0.101
321 1005 10 13 0.101
266 952 12 15 0.101
351 1019 9 11 0.100
294 907 8 23 0.099
583 833 8 34 0.099
746 1084 9 12 0.099
795 958 10 24 0.098
204 928 9 30 0.098
610 1031 11 17 0.098
745 950 17 11 0.097
285 1222 14 17 0.096
682 945 10 11 0.095
64 1025 16 16 0.095
701 728 7 9 0.095
249 1346 16 16 0.094
266 1004 11 12 0.093
641 939 14 17 0.093
600 1126 15 32 0.093
608 1229 31 16 0.092
534 906 12 14 0.092
204 1005 18 23 0.092
989 1160 10 14 0.091
192 954 19 16 0.091
634 887 8 37 0.091
64 963 11 13 0.090
33 1226 14 16 0.088
128 951 10 21 0.088
647 837 9 18 0.088
149 821 8 11 0.088
520 1124 12 13 0.087
53 1039 9 35 0.087
160 980 10 17 0.086
658 1295 15 50 0.086
724 1111 12 16 0.085
269 981 11 13 0.084
669 1166 16 17 0.084
104 893 9 33 0.084
588 1137 12 15 0.083
864 875 8 10 0.083
427 1311 12 14 0.083
602 1079 11 12 0.082
264 879 11 31 0.082
138 1015 24 16 0.081
634 1089 16 22 0.081
591 1133 13 16 0.080
195 910 22 13 0.080
105 1050 18 29 0.079
97 1094 14 30 0.078
213 863 9 25 0.077
723 1155 12 28 0.076
172 1145 16 47 0.076
20 878 10 11 0.075
498 1208 11 15 0.075
699 1256 15 22 0.074
637 1111 13 16 0.074
797 1343 17 20 0.074
583 873 9 29 0.074
447 1184 13 16 0.074
276 910 9 37 0.073
460 777 8 9 0.073
841 1014 9 12 0.073
329 813 8 37 0.073
594 1240 18 24 0.072
291 911 16 20 0.072
226 806 8 37 0.071
21 1041 10 13 0.071
90 1044 11 42 0.070
704 1078 11 12 0.070
64 849 8 12 0.069
510 807 8 9 0.068
210 839 12 26 0.068
145 1013 24 22 0.068
703 1098 18 14 0.068
312 1230 15 23 0.068
49 1233 14 31 0.068
555 1205 10 14 0.067
551 819 8 9 0.067
37 1254 15 22 0.066
460 1337 14 17 0.065
1 1344 14 17 0.065
568 912 13 12 0.065
681 895 10 13 0.065
177 1131 27 16 0.065
567 903 10 21 0.064
671 802 9 39 0.064
122 1048 17 39 0.064
330 825 9 12 0.063
116 1004 25 18 0.063
281 1216 26 20 0.063
5 1094 19 18 0.063
363 770 7 18 0.063
444 1201 11 13 0.063
16 876 16 12 0.061
686 1239 17 18 0.061
711 1099 13 20 0.061
593 745 8 26 0.060
152 1245 14 17 0.060
407 1133 15 14 0.060
601 833 13 16 0.060
664 944 9 11 0.060
315 899 10 12 0.059
613 1234 14 18 0.059
671 872 16 28 0.058
477 1247 19 17 0.058
472 1250 13 18 0.057
770 1090 23 14 0.057
231 878 7 37 0.057
717 1242 13 21 0.057
612 1009 17 33 0.057
978 1049 10 12 0.057
298 1150 12 16 0.056
290 1262 12 16 0.056
702 1076 12 29 0.056
313 1254 12 16 0.055
92 1162 17 20 0.055
147 978 29 13 0.055
465 953 9 11 0.055
561 1063 12 15 0.054
251 1184 11 14 0.054
735 855 7 40 0.054
254 979 11 38 0.054
230 1019 14 21 0.054
181 1135 19 25 0.053
664 941 35 13 0.053
85 1046 44 15 0.053
256 964 9 39 0.053
715 895 19 16 0.053
707 881 11 36 0.052
533 749 8 8 0.052
445 1185 13 25 0.052
222 900 17 27 0.052
556 818 8 13 0.052
653 1198 12 14 0.052
223 811 9 26 0.052
600 1309 20 20 0.052
0 1255 14 26 0.052
0 1075 9 15 0.051
531 941 9 13 0.051
66 875 9 11 0.051
718 1176 18 42 0.051
1 1325 11 18 0.050
207 1011 12 35 0.050
307 1318 14 17 0.050
1 1068 10 26 0.050
110 1198 13 108 0.050
671 1161 13 18 0.049
563 1070 12 14 0.049
478 1244 13 17 0.048
734 831 8 36 0.048
627 1206 10 37 0.048
680 1116 12 16 0.048
418 871 7 11 0.048
100 872 7 10 0.048
260 855 8 42 0.047
689 926 11 25 0.047
68 1025 34 19 0.047
759 831 9 12 0.046
639 1067 24 19 0.046
121 1006 11 34 0.046
605 847 9 38 0.045
607 1030 12 32 0.045
281 741 8 36 0.045
12 875 12 14 0.045
1 1058 10 14 0.045
145 858 10 16 0.045
273 1140 12 15 0.045
926 879 11 17 0.045
14 752 18 11 0.045
697 824 12 41 0.044
34 753 9 10 0.044
258 836 8 49 0.043
250 936 34 24 0.043
717 723 8 9 0.043
746 877 9 32 0.043
48 1323 16 19 0.042
594 1145 23 50 0.042
491 1173 11 14 0.041
469 1257 11 16 0.041
341 1041 11 13 0.040
592 1231 14 17 0.040
355 1296 54 20 0.040
528 1313 19 20 0.040
31 827 10 24 0.040
703 1184 16 51 0.040
164 1063 22 31 0.039
168 747 9 11 0.039
584 856 7 55 0.039
124 933 11 36 0.039
65 808 9 11 0.039
672 893 13 22 0.038
722 1247 13 18 0.038
700 725 8 10 0.038
267 731 8 9 0.038
1 1331 16 22 0.038
2 1320 17 21 0.038
349 1014 12 24 0.037
39 1323 18 21 0.037
669 1350 36 16 0.037
629 773 8 40 0.036
84 1155 13 15 0.036
751 1191 15 18 0.036
582 908 18 28 0.035
779 945 19 14 0.035
536 1112 16 16 0.035
148 906 16 20 0.035
441 1139 15 17 0.035
709 1133 15 18 0.035
558 943 8 47 0.035
438 1302 13 16 0.035
79 1234 14 132 0.035
634 914 12 40 0.034
672 727 8 33 0.034
685 1102 12 28 0.034
247 802 10 42 0.034
553 950 26 8 0.034
110 1167 14 97 0.034
66 811 7 18 0.033
156 883 9 32 0.033
228 825 12 40 0.033
575 1203 37 18 0.033
221 1014 24 35 0.033
229 1343 12 16 0.033
705 887 27 27 0.033
124 1055 14 84 0.032
629 989 28 20 0.032
717 716 7 18 0.031
73 1022 14 53 0.031
322 845 20 26 0.031
394 692 9 20 0.031
571 1195 12 15 0.031
543 1111 11 14 0.031
782 1321 20 25 0.031
269 1142 23 16 0.030
955 950 9 12 0.030
861 877 13 14 0.030
905 841 8 9 0.030
310 854 11 28 0.029
188 1029 22 24 0.029
725 915 9 26 0.029
64 1336 16 21 0.029
379 1222 19 22 0.029
529 1142 16 17 0.029
586 813 9 37 0.029
279 823 6 43 0.028
442 1183 14 17 0.028
987 1170 12 15 0.028
663 1286 15 18 0.028
532 912 8 11 0.028
562 731 8 23 0.028
364 1031 10 11 0.028
350 726 7 37 0.028
273 900 16 43 0.028
675 1172 13 22 0.028
601 852 24 34 0.028
228 838 15 46 0.027
745 1162 12 15 0.027
299 710 8 11 0.027
692 824 11 41 0.027
183 885 8 25 0.027
910 837 10 9 0.027
315 894 13 15 0.027
674 871 10 46 0.027
235 929 37 34 0.027
37 1066 14 45 0.026
630 774 14 40 0.026
78 1154 14 17 0.026
670 791 6 43 0.026
849 1222 13 15 0.026
637 1232 14 17 0.026
332 826 8 26 0.026
933 910 7 21 0.026
662 775 12 42 0.025
437 963 10 32 0.025
492 1209 13 15 0.025
623 886 37 25 0.025
225 1049 16 20 0.025
314 1240 16 27 0.025
293 835 11 54 0.025
0 1278 10 19 0.024
101 916 11 24 0.024
646 914 20 37 0.024
313 771 11 41 0.024
270 974 11 39 0.024
567 704 11 36 0.024
535 1032 15 28 0.024
667 840 27 40 0.024
97 897 17 27 0.024
176 958 17 34 0.024
530 1320 22 20 0.023
215 1123 25 19 0.023
755 1011 10 12 0.023
594 915 29 34 0.023
720 1108 15 44 0.023
490 814 8 13 0.023
427 1302 12 16 0.023
888 877 24 17 0.022
815 1012 10 13 0.022
473 1008 8 31 0.022
204 1002 45 27 0.022
85 1040 16 31 0.022
60 1178 11 16 0.022
95 871 9 11 0.022
210 836 10 52 0.022
407 1182 11 16 0.022
256 742 9 42 0.022
13 1261 33 20 0.022
348 714 7 61 0.022
464 1334 15 18 0.022
316 1150 21 35 0.022
511 1127 11 15 0.022
569 878 13 38 0.022
254 828 14 42 0.022
258 1022 15 23 0.022
151 1327 17 19 0.022
228 1042 25 20 0.022
685 1090 17 23 0.021
927 989 8 11 0.021
279 805 6 78 0.021
350 960 12 10 0.021
493 804 8 19 0.021
608 933 17 42 0.021
934 940 9 12 0.021
893 1026 9 12 0.021
8 879 12 12 0.021
926 872 11 36 0.021
814 999 10 24 0.021
860 874 30 16 0.021
195 1138 11 16 0.020
108 1294 14 17 0.020
692 788 7 42 0.020
238 728 7 33 0.020
