21_Festival_Festival_21_219
81
565 278 81 113 0.849
560 447 8 10 0.389
584 437 8 11 0.358
645 441 8 12 0.280
633 453 8 8 0.272
527 437 8 10 0.271
670 447 8 10 0.260
542 445 8 9 0.253
65 396 14 17 0.229
610 439 9 10 0.226
320 541 7 8 0.139
26 562 9 10 0.133
978 142 10 12 0.129
691 452 8 11 0.118
13 560 8 10 0.115
374 549 6 6 0.111
825 340 8 10 0.099
112 537 8 10 0.096
972 385 7 8 0.095
515 483 7 8 0.093
696 443 8 9 0.091
280 547 9 10 0.088
165 542 8 10 0.084
1004 413 12 14 0.078
787 368 10 13 0.077
995 296 8 10 0.073
525 435 9 9 0.071
693 445 8 20 0.070
556 445 9 10 0.060
131 540 7 9 0.060
899 290 9 11 0.058
223 553 8 9 0.056
334 523 7 8 0.055
144 544 10 11 0.054
145 385 8 10 0.052
807 363 8 8 0.050
769 365 8 10 0.049
964 150 9 11 0.047
558 452 7 9 0.045
706 446 15 12 0.043
333 565 7 9 0.043
705 444 11 11 0.042
161 539 18 11 0.040
131 542 10 10 0.038
999 136 9 10 0.038
969 295 10 15 0.037
975 142 16 13 0.037
966 291 11 17 0.037
334 518 6 19 0.035
827 375 13 15 0.035
9 561 24 11 0.035
826 341 9 12 0.033
25 565 9 10 0.033
203 548 10 8 0.032
397 529 8 12 0.032
904 360 11 13 0.031
862 367 9 11 0.031
370 568 7 7 0.030
259 554 9 11 0.030
352 523 6 8 0.030
863 334 10 11 0.030
704 383 8 8 0.028
825 139 10 13 0.028
888 278 9 10 0.028
194 545 13 10 0.027
1013 292 8 20 0.027
176 537 12 10 0.027
993 295 17 11 0.027
130 538 8 8 0.025
178 535 9 10 0.023
68 523 7 8 0.023
393 530 10 10 0.023
964 412 9 11 0.023
957 128 7 8 0.022
145 545 14 15 0.022
1004 401 10 12 0.022
227 540 9 15 0.021
818 317 7 10 0.020
941 278 9 10 0.020
152 367 7 9 0.020
975 353 9 9 0.020
