21_Festival_Festival_21_331
34
353 292 47 60 0.859
152 403 89 107 0.859
743 223 59 72 0.855
61 366 38 43 0.814
264 271 32 42 0.813
237 276 27 36 0.777
987 263 37 49 0.767
661 276 40 47 0.750
162 281 20 25 0.748
522 294 31 35 0.723
142 316 26 30 0.651
871 234 40 50 0.635
462 270 12 14 0.581
0 297 17 42 0.572
307 391 35 45 0.439
576 270 10 14 0.276
641 282 20 29 0.275
238 273 63 38 0.134
496 290 19 25 0.131
479 281 12 16 0.129
575 268 15 18 0.097
688 283 37 42 0.086
432 305 17 22 0.074
489 290 20 16 0.063
717 265 25 33 0.046
956 277 25 36 0.038
620 318 27 32 0.036
611 333 23 29 0.036
593 270 30 32 0.036
715 299 30 37 0.034
331 268 25 33 0.030
671 283 45 48 0.024
614 327 28 32 0.024
484 267 15 18 0.021
