22_Picnic_Picnic_22_310
35
268 208 50 66 0.803
647 225 43 57 0.802
855 220 28 30 0.744
600 185 21 31 0.744
452 210 22 35 0.725
521 274 20 27 0.673
763 189 19 32 0.625
690 195 20 29 0.605
147 275 12 16 0.521
178 279 15 18 0.461
38 282 15 18 0.428
828 217 7 9 0.346
914 210 13 17 0.302
111 276 10 14 0.299
106 305 12 13 0.239
92 302 13 16 0.176
653 186 21 24 0.154
868 187 9 9 0.139
9 273 12 17 0.128
499 238 7 9 0.078
192 209 9 10 0.074
826 216 10 14 0.044
659 190 27 30 0.038
252 244 21 33 0.038
980 231 29 35 0.036
26 247 11 12 0.034
963 204 17 23 0.033
828 220 6 9 0.032
915 238 15 18 0.026
916 205 14 18 0.025
129 265 12 12 0.024
227 367 39 30 0.024
98 314 15 16 0.024
916 208 13 42 0.023
697 196 16 24 0.022
