23_Shoppers_Shoppers_23_511
173
450 301 9 12 0.557
386 251 9 12 0.545
531 13 8 11 0.531
749 277 9 12 0.529
502 318 12 14 0.521
345 214 9 11 0.517
616 5 8 9 0.510
420 283 8 11 0.509
717 335 10 15 0.493
56 302 9 11 0.478
244 123 11 14 0.477
326 212 10 13 0.475
16 292 10 12 0.475
292 137 10 12 0.463
649 306 11 13 0.455
247 163 11 13 0.442
747 574 10 11 0.432
292 174 10 12 0.428
485 24 9 12 0.410
477 9 8 9 0.409
362 241 9 11 0.345
64 281 8 11 0.324
235 99 9 11 0.314
274 404 12 11 0.292
895 342 10 13 0.289
853 561 9 10 0.277
754 7 8 10 0.272
162 93 9 11 0.268
482 323 10 12 0.259
861 640 11 13 0.232
719 3 8 9 0.223
787 5 8 9 0.211
709 599 9 11 0.207
201 117 8 11 0.207
917 335 11 13 0.202
562 33 7 9 0.185
639 302 10 12 0.183
738 323 11 14 0.183
99 36 8 9 0.182
846 223 7 9 0.166
560 320 13 15 0.165
644 304 12 13 0.156
182 359 10 10 0.152
12 328 9 11 0.146
129 95 10 12 0.143
796 5 8 9 0.137
101 65 13 16 0.130
830 240 9 11 0.130
127 124 9 10 0.123
712 336 13 14 0.121
901 321 8 10 0.120
823 14 9 12 0.120
656 23 6 8 0.113
606 341 11 12 0.113
77 321 10 13 0.112
347 474 10 11 0.106
496 578 12 11 0.104
762 0 8 7 0.103
853 622 11 12 0.100
171 29 10 9 0.100
626 333 9 11 0.100
876 337 9 13 0.096
467 20 7 10 0.093
799 8 7 11 0.092
12 221 14 15 0.090
699 339 11 14 0.089
494 579 11 12 0.088
676 26 7 8 0.086
49 40 11 11 0.085
224 26 7 9 0.084
843 319 13 15 0.084
179 357 9 12 0.083
1 288 8 11 0.082
199 117 10 14 0.082
588 326 11 17 0.077
828 258 12 15 0.076
371 32 7 7 0.075
282 21 6 8 0.072
756 281 9 12 0.071
620 313 9 12 0.070
930 273 9 11 0.067
131 524 10 11 0.067
473 12 8 11 0.066
717 330 12 15 0.064
846 332 13 16 0.064
307 397 9 11 0.064
819 577 10 15 0.063
695 16 8 9 0.061
192 131 9 12 0.060
407 472 16 17 0.058
819 582 9 12 0.055
97 36 8 10 0.055
777 260 7 9 0.054
788 5 19 9 0.054
634 355 9 11 0.053
133 357 10 13 0.051
715 3 8 9 0.051
199 550 9 10 0.050
589 332 12 15 0.050
212 25 9 10 0.049
359 241 9 12 0.048
844 317 13 29 0.047
784 629 10 11 0.046
138 344 11 12 0.045
831 242 9 26 0.045
889 341 26 16 0.045
484 52 7 8 0.045
800 14 8 10 0.044
125 86 9 10 0.043
343 215 20 18 0.042
794 213 6 8 0.041
94 315 8 10 0.041
250 357 9 10 0.040
672 368 8 10 0.039
822 260 16 15 0.039
819 572 9 12 0.039
634 9 7 9 0.038
132 352 15 16 0.038
790 642 12 14 0.038
368 32 9 8 0.038
711 3 17 11 0.037
220 584 13 14 0.036
84 92 9 12 0.036
731 30 8 11 0.036
696 319 10 13 0.036
712 601 10 12 0.035
854 621 14 17 0.035
209 26 22 9 0.035
197 131 10 11 0.035
72 299 10 12 0.034
667 267 12 13 0.034
406 467 14 17 0.032
655 24 7 8 0.031
800 266 8 10 0.031
150 350 11 13 0.031
349 214 8 10 0.031
595 336 25 18 0.031
49 590 9 11 0.030
165 103 9 11 0.030
138 48 8 9 0.030
173 28 19 11 0.029
68 282 7 9 0.028
603 337 12 14 0.028
985 576 10 12 0.028
696 342 12 13 0.027
721 3 7 7 0.027
619 7 21 9 0.027
693 333 14 18 0.027
461 556 13 16 0.026
743 216 10 10 0.026
162 87 13 15 0.026
153 371 10 14 0.026
731 196 11 14 0.025
394 457 10 15 0.025
721 6 7 8 0.025
751 275 10 13 0.024
823 267 11 12 0.024
292 28 9 9 0.024
240 196 9 11 0.024
696 317 12 29 0.023
855 559 9 10 0.023
173 627 9 11 0.022
699 331 20 19 0.022
901 322 12 15 0.022
355 521 9 10 0.022
873 338 17 15 0.022
178 27 16 12 0.022
189 28 9 10 0.021
561 314 11 13 0.021
816 223 8 9 0.020
299 19 8 7 0.020
863 610 9 13 0.020
849 223 6 8 0.020
