23_Shoppers_Shoppers_23_60
41
394 584 14 20 0.731
148 508 21 34 0.655
272 547 14 23 0.320
776 608 9 12 0.306
475 589 13 19 0.303
215 550 20 23 0.299
108 515 17 21 0.203
518 585 12 15 0.195
648 596 13 15 0.150
224 550 18 25 0.124
694 606 10 11 0.115
627 585 15 17 0.108
499 585 13 14 0.090
577 570 14 18 0.081
742 609 9 10 0.075
717 614 8 10 0.061
544 572 10 13 0.057
643 599 13 15 0.052
800 633 7 8 0.051
666 614 8 10 0.050
471 586 13 18 0.048
774 612 9 11 0.047
630 591 31 18 0.044
493 584 14 15 0.042
705 606 11 10 0.042
632 584 14 20 0.041
659 608 12 16 0.041
662 611 16 11 0.038
670 600 10 13 0.034
700 606 24 10 0.033
672 607 10 13 0.031
518 583 9 12 0.028
520 585 18 18 0.028
777 612 9 11 0.027
542 574 18 13 0.025
550 575 14 14 0.023
658 614 10 11 0.022
105 518 17 21 0.022
211 552 13 20 0.021
710 608 19 15 0.021
564 573 20 14 0.020
