24_Soldier_Firing_Soldier_Firing_24_601
29
861 301 35 39 0.831
296 318 30 36 0.826
474 304 31 37 0.818
393 308 30 37 0.812
735 320 37 42 0.804
177 323 33 35 0.784
86 313 31 35 0.778
600 307 36 40 0.777
985 336 13 16 0.669
981 293 12 15 0.649
25 329 15 18 0.643
313 288 30 35 0.549
420 285 24 30 0.319
1008 344 9 11 0.258
906 329 15 18 0.254
834 328 13 14 0.232
518 295 27 32 0.223
2 337 9 14 0.143
581 322 20 26 0.107
626 290 30 36 0.077
222 313 26 32 0.063
989 336 14 15 0.057
507 294 28 32 0.056
526 298 28 34 0.039
500 295 25 32 0.034
841 325 13 17 0.028
1007 345 7 11 0.028
660 320 25 33 0.024
622 298 51 34 0.023
