24_Soldier_Firing_Soldier_Firing_24_644
27
279 170 28 34 0.681
550 276 28 37 0.624
209 152 22 35 0.550
580 277 25 30 0.485
56 95 21 29 0.411
394 184 25 31 0.273
114 142 21 30 0.268
465 201 20 23 0.260
134 107 29 38 0.221
312 179 24 27 0.181
459 207 22 23 0.143
316 382 25 25 0.135
63 93 19 28 0.091
547 266 27 37 0.058
11 87 18 29 0.047
266 170 33 34 0.042
216 144 22 36 0.036
17 81 21 30 0.035
3 86 18 24 0.034
153 142 27 37 0.034
380 247 27 33 0.030
0 228 9 39 0.026
455 213 23 25 0.025
398 176 26 32 0.024
38 95 29 29 0.021
390 189 20 25 0.020
137 104 23 27 0.020
