24_Soldier_Firing_Soldier_Firing_24_691
26
271 305 31 36 0.833
239 215 24 30 0.823
294 276 26 31 0.808
776 318 30 36 0.804
418 339 27 31 0.803
548 271 22 26 0.800
622 305 25 28 0.796
366 304 23 23 0.786
880 451 31 41 0.784
506 314 22 25 0.779
667 316 26 30 0.776
441 310 22 25 0.771
562 327 22 25 0.767
741 293 28 32 0.764
97 114 38 56 0.758
804 364 27 38 0.741
581 268 20 21 0.740
266 267 25 29 0.737
958 301 19 23 0.735
821 298 24 29 0.725
878 325 29 35 0.724
411 247 22 24 0.715
824 381 33 41 0.711
726 306 19 22 0.308
199 127 10 13 0.064
276 271 34 30 0.021
