27_Spa_Spa_27_768
26
338 269 51 74 0.836
738 321 50 77 0.835
567 248 55 76 0.830
193 331 54 83 0.800
1005 380 8 10 0.083
972 345 9 10 0.082
930 323 7 9 0.082
967 306 8 11 0.080
981 389 8 10 0.079
988 401 9 13 0.069
843 307 8 9 0.051
982 370 9 11 0.050
962 329 9 12 0.049
958 323 8 10 0.040
943 362 13 11 0.038
976 388 15 11 0.038
946 383 9 12 0.035
934 358 8 9 0.034
966 308 16 10 0.033
984 310 9 10 0.031
1000 381 8 27 0.029
967 382 11 12 0.029
1003 324 8 10 0.028
894 397 10 12 0.025
897 400 8 10 0.024
1014 365 10 15 0.021
