28_Sports_Fan_Sports_Fan_28_487
111
47 443 42 55 0.846
513 434 38 44 0.846
963 482 40 53 0.846
909 448 40 48 0.845
460 508 42 55 0.845
664 491 42 57 0.843
858 422 40 50 0.841
991 104 32 44 0.840
915 528 40 51 0.840
799 400 34 47 0.829
131 444 37 44 0.828
969 282 37 46 0.827
548 505 40 44 0.826
553 567 39 46 0.824
603 180 38 48 0.824
824 493 36 49 0.824
667 155 34 40 0.823
1003 417 21 51 0.821
621 93 32 41 0.819
407 583 40 42 0.817
885 307 37 43 0.817
860 240 36 41 0.816
818 275 41 49 0.816
709 323 39 46 0.815
713 105 33 41 0.815
328 64 35 42 0.815
557 240 32 41 0.813
674 276 36 45 0.813
617 315 34 40 0.813
939 144 35 42 0.812
261 552 44 54 0.811
159 274 33 41 0.810
798 1 34 36 0.810
162 144 37 42 0.810
454 286 40 45 0.808
955 352 39 45 0.808
57 380 39 51 0.806
416 260 33 44 0.805
821 561 43 51 0.799
746 560 37 41 0.796
463 204 39 47 0.793
786 219 40 42 0.792
424 195 31 37 0.792
787 78 33 44 0.791
727 591 32 34 0.789
669 78 31 41 0.789
490 375 45 52 0.789
874 166 37 41 0.788
569 341 36 45 0.785
196 308 34 41 0.784
430 66 29 38 0.782
340 553 34 39 0.782
732 283 35 45 0.782
110 266 37 47 0.778
992 335 31 44 0.777
596 437 36 42 0.776
674 9 32 36 0.775
213 108 33 42 0.775
737 239 39 40 0.764
594 384 38 43 0.764
161 2 28 36 0.760
956 210 39 43 0.757
171 507 44 53 0.757
428 477 44 46 0.742
840 349 36 42 0.740
621 534 36 43 0.738
345 0 33 34 0.736
0 339 22 40 0.733
0 458 32 45 0.716
207 13 25 36 0.699
471 34 32 41 0.696
14 221 32 36 0.689
185 389 37 41 0.689
221 193 33 39 0.651
603 4 29 27 0.613
145 228 27 36 0.588
408 26 32 35 0.583
51 117 32 43 0.545
485 254 32 38 0.517
38 94 32 41 0.465
349 475 33 38 0.460
976 339 45 49 0.415
753 1 31 29 0.354
545 13 27 34 0.331
673 402 34 47 0.331
476 0 28 12 0.325
92 104 27 33 0.294
448 126 29 39 0.285
894 0 35 19 0.246
914 425 30 32 0.137
275 521 34 34 0.133
1015 208 9 45 0.101
1016 191 8 48 0.081
50 0 22 10 0.068
774 196 27 35 0.064
39 80 32 36 0.047
796 166 28 34 0.046
894 273 28 33 0.045
142 21 23 31 0.039
518 233 29 34 0.037
688 401 34 44 0.035
530 105 32 41 0.034
103 60 21 32 0.034
358 479 36 42 0.030
1017 179 7 39 0.025
642 77 33 42 0.025
41 106 20 28 0.023
143 382 27 39 0.022
458 135 31 37 0.021
6 470 38 43 0.021
3 405 29 41 0.021
