28_Sports_Fan_Sports_Fan_28_126
53
308 249 79 91 0.873
457 205 90 101 0.872
419 377 65 74 0.825
407 298 22 29 0.727
71 310 13 18 0.707
128 286 9 10 0.455
0 268 7 10 0.347
176 286 7 8 0.340
106 277 8 11 0.303
963 298 7 8 0.203
776 301 6 8 0.200
283 281 11 17 0.195
936 303 8 8 0.176
980 299 6 7 0.162
920 299 6 8 0.152
883 300 7 7 0.142
842 297 9 9 0.126
43 289 8 10 0.124
704 293 6 7 0.120
1003 305 7 9 0.120
866 294 7 7 0.112
839 298 7 8 0.105
66 270 6 9 0.098
984 298 8 7 0.094
820 300 7 8 0.089
978 299 13 8 0.085
690 289 6 8 0.064
958 298 9 9 0.062
1016 331 7 9 0.060
287 281 14 19 0.055
897 303 7 9 0.053
146 289 6 8 0.050
385 312 21 23 0.047
914 311 7 8 0.047
918 296 6 19 0.043
12 321 10 13 0.040
857 321 6 6 0.040
916 300 16 10 0.038
137 288 14 8 0.037
698 292 17 9 0.037
297 277 12 17 0.036
816 301 10 9 0.036
806 292 6 10 0.033
777 300 8 8 0.033
1002 304 9 8 0.031
939 303 19 8 0.030
174 303 7 8 0.028
780 337 7 9 0.028
44 292 7 10 0.025
379 309 38 26 0.025
772 337 7 8 0.024
40 288 7 10 0.023
44 276 7 8 0.020
