29_Students_Schoolkids_Students_Schoolkids_29_21
40
461 150 107 141 0.890
742 208 128 167 0.862
878 12 38 47 0.846
313 92 59 76 0.845
947 61 55 67 0.844
209 107 53 64 0.843
614 54 53 72 0.842
115 56 39 48 0.833
74 142 72 84 0.827
450 59 47 57 0.818
729 37 36 45 0.805
73 61 38 48 0.796
767 59 55 70 0.795
580 52 35 48 0.778
807 20 29 37 0.775
153 82 49 64 0.774
991 30 33 44 0.770
12 71 27 37 0.766
583 16 25 32 0.763
662 26 30 39 0.749
924 36 43 53 0.746
468 25 26 30 0.714
406 53 24 31 0.702
434 36 31 40 0.675
500 48 33 40 0.503
361 77 34 43 0.473
505 89 62 72 0.299
737 14 30 40 0.210
334 82 60 60 0.174
0 105 16 36 0.145
499 52 49 79 0.077
700 50 25 31 0.063
500 85 48 62 0.052
376 78 30 41 0.044
150 55 26 34 0.040
494 59 29 43 0.037
512 52 30 37 0.035
295 51 20 30 0.033
388 81 22 31 0.025
431 52 26 39 0.020
