29_Students_Schoolkids_Students_Schoolkids_29_624
38
146 148 47 57 0.869
559 284 17 24 0.714
342 246 8 10 0.616
284 254 8 10 0.560
759 259 12 15 0.538
60 259 9 11 0.536
798 252 8 9 0.518
406 252 6 8 0.503
253 252 7 9 0.492
101 261 7 10 0.476
39 269 9 10 0.404
962 251 9 10 0.271
205 263 8 10 0.234
692 250 9 14 0.214
509 250 7 9 0.200
673 242 6 11 0.175
1010 263 11 15 0.167
822 240 11 12 0.133
543 243 8 9 0.130
737 246 7 10 0.105
240 275 8 11 0.058
45 262 18 13 0.058
690 253 9 15 0.048
583 243 6 9 0.045
208 261 8 10 0.039
204 261 11 14 0.039
956 255 9 11 0.039
733 248 12 11 0.037
369 249 8 9 0.034
494 247 5 8 0.034
796 249 12 14 0.034
763 261 11 13 0.030
372 251 8 8 0.029
816 250 9 11 0.028
98 262 8 9 0.028
226 295 10 11 0.027
232 280 11 13 0.025
694 252 11 14 0.024
