29_Students_Schoolkids_Students_Schoolkids_29_316
26
166 152 105 128 0.887
634 181 112 144 0.875
291 125 76 96 0.868
885 97 84 97 0.866
256 16 71 83 0.860
553 107 84 109 0.859
709 0 62 52 0.855
159 19 49 58 0.850
765 0 49 57 0.849
409 0 45 49 0.845
27 132 78 86 0.840
829 8 81 92 0.838
502 0 72 57 0.827
96 0 59 62 0.823
328 21 55 66 0.821
0 55 59 80 0.813
206 20 42 57 0.807
64 0 38 35 0.803
564 0 45 57 0.802
656 0 35 41 0.747
938 0 67 75 0.744
487 17 39 51 0.535
491 3 61 60 0.501
1007 0 16 43 0.173
372 20 31 47 0.117
999 0 25 52 0.022
