29_Students_Schoolkids_Students_Schoolkids_29_251
23
501 218 67 88 0.864
382 480 69 75 0.860
263 467 69 83 0.854
747 498 71 85 0.850
733 298 73 87 0.848
484 472 59 70 0.848
49 314 61 64 0.847
50 561 74 82 0.846
375 275 54 58 0.844
908 217 64 69 0.843
217 269 65 70 0.843
112 198 61 71 0.839
316 331 57 69 0.838
552 356 70 75 0.832
638 170 59 73 0.826
656 267 63 77 0.825
406 113 55 60 0.814
220 195 46 50 0.793
899 98 48 57 0.787
380 207 51 54 0.748
508 143 50 63 0.662
243 353 58 66 0.321
524 144 51 55 0.032
