2_Demonstration_Political_Rally_2_365
56
460 293 75 101 0.866
733 111 252 341 0.840
0 367 72 243 0.647
385 398 16 20 0.640
404 392 14 17 0.591
361 392 13 17 0.546
324 415 15 18 0.346
427 367 10 13 0.319
351 406 14 18 0.311
211 314 65 66 0.287
373 378 10 11 0.253
378 357 9 11 0.230
346 395 14 22 0.229
382 397 30 20 0.218
284 587 56 61 0.189
304 366 12 16 0.184
343 394 14 16 0.172
315 434 20 24 0.159
356 440 17 24 0.131
372 379 12 17 0.119
320 423 18 31 0.107
394 361 9 11 0.098
344 392 30 30 0.097
221 351 64 78 0.097
450 348 11 14 0.080
352 368 10 11 0.074
371 425 15 21 0.073
539 349 12 14 0.072
407 332 8 9 0.069
415 369 10 13 0.059
361 438 20 29 0.057
176 349 70 72 0.054
429 369 11 14 0.053
340 359 11 12 0.052
333 348 9 11 0.051
554 341 11 14 0.049
192 323 80 82 0.048
373 359 25 10 0.041
535 346 20 18 0.039
340 363 21 12 0.039
387 332 8 9 0.036
404 330 8 13 0.035
310 384 12 13 0.033
409 350 11 15 0.027
333 377 10 11 0.025
418 316 7 8 0.024
357 372 22 20 0.023
436 332 8 12 0.023
448 324 8 12 0.023
350 338 12 18 0.022
449 343 10 15 0.022
27 164 70 93 0.022
300 360 8 11 0.021
431 383 12 16 0.021
411 359 14 23 0.021
306 437 20 22 0.021
