2_Demonstration_Demonstrators_2_517
79
464 359 66 77 0.864
136 289 80 89 0.844
703 128 51 61 0.839
503 109 42 51 0.836
168 125 46 53 0.830
778 299 80 87 0.824
652 145 30 47 0.808
802 108 35 40 0.807
261 118 50 69 0.787
988 85 25 29 0.786
886 99 33 33 0.780
110 92 28 32 0.746
218 103 26 32 0.732
922 105 22 25 0.724
787 88 29 31 0.723
428 76 14 19 0.688
615 69 14 17 0.654
767 66 16 18 0.636
699 79 12 16 0.544
569 90 18 22 0.435
485 97 13 17 0.406
480 115 19 29 0.387
530 66 10 12 0.341
515 84 12 15 0.318
857 84 18 23 0.300
458 71 11 14 0.298
243 83 15 19 0.294
241 87 15 20 0.279
591 124 19 24 0.270
482 104 16 20 0.206
562 71 11 14 0.196
141 94 18 21 0.192
226 93 25 37 0.185
436 70 13 21 0.162
442 66 9 12 0.140
861 88 19 23 0.138
217 98 20 27 0.127
1011 88 13 23 0.112
510 69 9 10 0.091
195 65 11 13 0.080
713 76 12 15 0.067
716 81 14 16 0.066
89 91 19 25 0.064
743 74 15 18 0.063
565 85 17 21 0.063
721 85 12 14 0.061
1014 167 10 36 0.061
486 92 12 14 0.058
245 79 14 16 0.058
466 57 9 11 0.051
651 67 9 11 0.050
237 95 18 21 0.049
792 97 28 32 0.045
812 69 13 17 0.043
147 95 16 21 0.041
93 91 24 24 0.040
874 92 17 22 0.039
854 80 17 22 0.038
750 81 16 20 0.035
534 66 11 12 0.033
554 66 9 11 0.028
450 74 12 19 0.028
637 62 11 14 0.027
185 91 21 24 0.026
856 91 19 24 0.025
705 78 42 19 0.025
867 81 19 23 0.025
187 70 18 50 0.025
566 71 11 14 0.023
854 89 17 21 0.023
545 125 13 17 0.023
561 68 10 12 0.023
180 85 21 22 0.022
633 60 13 16 0.022
723 88 13 16 0.022
594 118 18 24 0.022
974 81 19 22 0.022
686 109 20 27 0.022
597 47 7 9 0.021
