2_Demonstration_Demonstration_Or_Protest_2_120
244
4 485 83 80 0.847
660 441 29 31 0.826
995 480 29 36 0.820
966 579 52 52 0.820
822 512 28 37 0.814
716 426 23 29 0.790
483 291 23 27 0.783
901 508 40 45 0.767
470 254 19 24 0.765
981 417 27 26 0.762
933 470 30 34 0.753
934 423 26 27 0.751
861 416 25 26 0.740
890 391 22 26 0.738
838 385 14 17 0.725
958 396 17 20 0.721
361 282 15 18 0.716
817 392 17 19 0.705
836 470 23 27 0.702
723 394 17 19 0.699
980 367 17 19 0.699
917 390 18 21 0.693
1002 370 13 15 0.686
749 377 15 18 0.684
336 359 17 22 0.676
725 559 33 37 0.661
505 264 19 23 0.660
396 260 13 18 0.649
778 335 11 15 0.644
561 327 10 13 0.629
775 362 13 15 0.625
989 341 13 14 0.615
120 294 13 16 0.605
910 374 18 18 0.604
883 354 13 15 0.594
725 336 10 13 0.591
798 378 15 16 0.588
748 361 14 15 0.583
759 324 11 15 0.580
919 340 13 15 0.568
962 347 15 16 0.567
869 388 15 19 0.564
200 407 28 42 0.548
29 283 16 18 0.535
856 348 12 14 0.526
808 322 10 13 0.499
276 287 13 15 0.496
289 297 15 17 0.493
769 404 18 20 0.479
930 329 10 11 0.476
693 361 11 13 0.464
583 334 12 15 0.455
624 530 22 33 0.445
562 308 9 10 0.406
899 339 10 14 0.387
523 273 13 17 0.381
0 299 12 16 0.337
715 354 13 15 0.336
261 410 29 39 0.323
321 286 11 15 0.308
895 326 10 12 0.305
1016 349 8 13 0.297
260 276 10 13 0.288
752 358 14 16 0.282
822 369 14 15 0.276
793 304 9 11 0.276
710 319 10 13 0.276
872 310 7 8 0.274
838 303 8 11 0.261
527 277 12 15 0.249
815 364 12 14 0.241
789 338 11 13 0.231
860 334 10 12 0.229
243 350 22 24 0.225
16 289 8 11 0.217
739 326 10 11 0.217
842 319 9 11 0.207
222 270 16 16 0.207
247 277 8 10 0.200
197 346 17 26 0.200
782 312 10 12 0.199
767 355 14 17 0.194
206 279 14 15 0.190
943 336 9 12 0.188
827 316 9 11 0.186
811 345 11 12 0.184
550 287 8 9 0.178
81 286 8 10 0.178
862 335 10 13 0.174
595 311 7 10 0.173
199 276 11 13 0.172
816 364 15 17 0.169
837 363 12 14 0.164
582 306 8 10 0.159
587 353 14 17 0.155
798 379 24 18 0.145
569 287 7 9 0.144
582 362 16 19 0.141
710 323 16 15 0.141
897 466 28 30 0.140
831 365 14 17 0.140
595 300 8 9 0.140
711 373 13 14 0.137
200 276 18 15 0.137
306 303 9 11 0.136
820 309 10 11 0.136
883 300 6 7 0.133
874 352 21 16 0.131
846 335 11 13 0.129
298 274 10 11 0.127
173 298 14 15 0.125
216 273 18 17 0.125
713 300 9 10 0.121
806 384 18 19 0.119
11 292 12 14 0.114
581 307 12 10 0.111
816 385 26 25 0.110
920 370 16 17 0.104
697 327 9 12 0.103
139 313 16 23 0.103
742 305 7 13 0.101
163 272 8 9 0.099
842 318 13 22 0.099
979 337 13 16 0.099
808 316 12 28 0.098
958 446 24 25 0.094
978 336 10 12 0.091
561 307 8 10 0.090
760 295 8 9 0.089
905 351 16 14 0.089
323 273 8 10 0.089
953 294 7 8 0.087
725 340 11 15 0.086
839 373 17 47 0.086
323 271 8 27 0.084
843 337 10 13 0.080
930 333 21 12 0.079
774 345 13 41 0.079
739 304 9 10 0.074
901 392 29 24 0.074
593 354 13 15 0.074
132 268 8 10 0.073
105 292 13 14 0.072
828 318 22 11 0.070
35 278 15 21 0.069
856 303 8 12 0.069
157 274 10 10 0.068
783 305 21 13 0.067
346 291 12 16 0.067
660 403 14 19 0.067
583 343 18 44 0.066
900 326 10 12 0.066
346 330 17 21 0.065
824 354 16 14 0.063
812 303 8 19 0.060
870 353 13 14 0.060
742 303 11 30 0.059
587 287 12 19 0.058
927 366 14 16 0.058
63 287 14 11 0.055
3 296 13 15 0.054
938 342 9 13 0.053
172 296 10 13 0.052
255 263 9 18 0.052
442 249 8 12 0.051
444 288 13 17 0.049
458 244 12 19 0.048
825 443 25 25 0.047
540 286 23 11 0.046
814 348 21 23 0.046
151 275 8 10 0.045
62 262 7 9 0.044
941 293 8 10 0.044
594 356 14 21 0.043
1013 395 11 22 0.043
741 297 7 8 0.043
255 261 8 9 0.043
694 364 12 16 0.043
720 317 12 73 0.043
605 278 8 13 0.042
838 300 8 9 0.040
252 260 9 20 0.040
323 274 13 13 0.039
220 411 59 41 0.038
813 297 8 8 0.037
176 316 13 19 0.037
760 291 6 30 0.036
888 339 18 13 0.036
169 296 20 25 0.035
24 267 10 11 0.035
857 299 7 9 0.035
631 403 13 17 0.034
795 472 29 32 0.034
91 304 13 16 0.033
1017 327 7 14 0.033
248 348 24 24 0.031
44 274 11 13 0.031
826 309 20 23 0.031
1011 406 12 17 0.031
81 268 8 9 0.031
605 275 8 26 0.030
473 233 18 19 0.030
562 307 12 16 0.030
337 300 12 19 0.030
181 275 11 15 0.030
993 342 20 15 0.029
421 263 10 14 0.029
177 290 12 22 0.029
940 441 26 29 0.029
1012 300 9 11 0.029
934 325 10 10 0.028
673 328 8 10 0.028
946 292 17 9 0.028
175 304 13 26 0.028
443 295 10 14 0.027
607 280 7 8 0.027
341 294 15 24 0.027
441 249 18 12 0.027
591 291 11 37 0.027
171 304 14 19 0.027
815 295 7 8 0.026
480 232 13 18 0.026
734 298 11 9 0.026
222 273 39 16 0.025
905 371 17 19 0.025
135 288 19 15 0.024
194 275 14 15 0.024
607 287 8 10 0.024
21 266 11 12 0.024
279 280 15 20 0.024
137 294 18 18 0.023
461 241 14 17 0.023
781 306 15 24 0.023
723 362 12 16 0.023
270 411 21 30 0.023
306 372 17 24 0.023
114 275 14 15 0.022
412 245 10 17 0.022
149 285 10 19 0.021
242 344 20 23 0.021
205 288 12 15 0.021
876 309 18 18 0.020
135 267 13 11 0.020
150 291 10 23 0.020
