2_Demonstration_Demonstration_Or_Protest_2_600
174
46 242 69 86 0.841
151 307 34 38 0.793
222 388 36 45 0.778
888 277 46 74 0.775
481 302 26 31 0.768
820 306 33 45 0.751
948 402 31 46 0.744
866 222 26 30 0.730
380 147 16 19 0.700
639 149 17 22 0.675
255 109 12 14 0.657
112 36 11 14 0.656
959 262 23 26 0.654
124 112 12 15 0.640
191 145 19 22 0.626
564 127 14 16 0.626
0 160 12 20 0.624
228 102 12 15 0.622
4 30 11 13 0.611
56 151 18 20 0.608
797 147 16 18 0.603
170 102 12 15 0.600
342 312 24 29 0.600
541 112 10 13 0.596
853 140 14 19 0.595
26 103 13 15 0.595
943 145 16 18 0.593
273 56 11 13 0.591
702 128 12 16 0.588
436 107 11 13 0.588
917 154 15 17 0.580
507 145 16 20 0.576
27 43 10 11 0.570
151 53 9 13 0.562
676 353 34 42 0.559
80 102 12 15 0.554
83 46 11 12 0.541
314 103 13 14 0.532
598 109 10 12 0.532
500 108 12 14 0.530
687 103 11 14 0.527
480 108 11 13 0.515
58 60 9 11 0.513
732 109 12 14 0.511
240 163 15 18 0.508
658 115 12 13 0.503
241 57 10 12 0.489
185 63 9 12 0.470
959 125 13 15 0.470
794 114 12 14 0.463
900 124 11 13 0.457
834 118 11 13 0.446
220 49 12 13 0.439
1000 86 11 15 0.435
155 166 17 22 0.428
733 148 14 17 0.420
760 119 10 12 0.396
563 108 9 12 0.394
287 150 14 18 0.393
920 114 9 11 0.391
402 105 12 14 0.320
821 111 8 10 0.318
773 121 9 11 0.301
884 109 9 12 0.286
240 74 11 13 0.274
429 168 14 13 0.268
372 110 12 14 0.252
454 113 9 12 0.244
426 168 13 13 0.243
635 110 8 12 0.222
723 143 12 16 0.218
37 160 14 15 0.207
68 47 10 11 0.206
618 98 12 13 0.194
520 171 15 15 0.193
196 279 24 26 0.175
549 109 20 13 0.175
494 388 29 38 0.173
408 121 11 13 0.163
914 111 14 12 0.159
433 164 14 16 0.156
375 108 11 14 0.156
268 230 19 22 0.151
242 55 10 26 0.146
582 110 9 11 0.139
892 144 13 15 0.137
1011 118 11 15 0.125
591 134 10 13 0.124
0 154 13 16 0.117
708 108 9 11 0.116
331 90 11 13 0.111
82 98 12 15 0.110
758 120 28 11 0.109
637 115 9 13 0.097
650 136 16 19 0.096
904 117 13 15 0.094
656 132 11 17 0.091
411 103 12 14 0.091
849 134 14 18 0.088
300 93 10 12 0.088
961 127 15 17 0.082
31 142 12 15 0.080
402 109 14 21 0.079
697 171 12 15 0.074
794 123 13 14 0.074
833 119 12 22 0.073
887 150 13 15 0.073
906 110 12 11 0.071
287 159 13 16 0.069
670 362 38 46 0.068
431 61 10 14 0.067
346 306 31 31 0.066
418 116 10 12 0.065
916 135 11 12 0.063
775 114 11 14 0.063
433 172 12 14 0.063
977 115 9 12 0.059
309 107 13 14 0.058
154 129 13 16 0.057
832 136 14 17 0.056
460 114 16 12 0.055
475 163 13 14 0.053
504 189 12 17 0.052
612 98 11 12 0.052
894 119 28 15 0.046
595 103 29 18 0.045
514 173 16 17 0.044
877 115 13 11 0.042
998 88 11 14 0.042
897 128 22 12 0.040
632 109 14 16 0.040
660 114 14 12 0.039
981 118 13 17 0.038
918 110 11 18 0.038
912 153 16 18 0.038
540 216 15 17 0.037
209 179 16 17 0.037
651 100 16 70 0.037
782 109 17 13 0.036
304 103 12 16 0.036
513 145 14 18 0.035
407 226 13 16 0.035
825 138 11 14 0.034
481 165 14 15 0.034
2 147 13 17 0.033
1003 117 10 14 0.033
99 158 15 18 0.032
82 108 11 13 0.032
720 151 19 18 0.032
217 51 11 13 0.030
77 169 16 18 0.029
984 123 10 16 0.029
966 118 22 15 0.029
538 66 10 10 0.027
885 107 7 9 0.027
949 140 21 24 0.026
500 174 20 35 0.025
511 321 18 20 0.025
911 136 14 30 0.025
535 218 19 19 0.024
949 151 18 19 0.024
358 305 23 27 0.023
241 168 14 19 0.023
149 54 9 11 0.022
452 413 39 36 0.022
801 132 18 15 0.022
24 96 13 16 0.021
780 105 9 10 0.021
706 157 13 17 0.021
388 116 13 16 0.021
100 162 23 22 0.021
95 157 16 17 0.020
857 115 15 12 0.020
76 102 11 15 0.020
