2_Demonstration_Protesters_2_508
42
951 176 33 37 0.783
957 110 23 31 0.760
988 144 25 31 0.758
718 168 36 38 0.741
317 179 30 36 0.699
789 140 24 28 0.683
654 157 21 24 0.674
868 140 26 41 0.655
180 211 29 31 0.619
238 181 26 36 0.607
935 158 22 28 0.595
96 176 25 33 0.474
780 147 22 24 0.382
27 182 23 30 0.339
441 207 26 29 0.186
672 156 19 22 0.161
543 169 25 38 0.118
182 200 28 30 0.117
778 149 16 20 0.101
505 239 22 31 0.083
195 175 25 31 0.078
777 153 20 23 0.067
341 162 29 39 0.066
682 158 17 20 0.052
444 204 21 22 0.051
255 178 25 36 0.050
369 84 18 19 0.049
89 171 26 37 0.049
663 153 20 27 0.044
863 122 16 19 0.040
101 184 26 29 0.040
494 204 15 18 0.040
865 132 24 38 0.038
177 87 12 14 0.033
20 188 27 33 0.032
447 213 25 30 0.032
587 146 20 48 0.032
270 74 18 19 0.028
589 147 17 22 0.027
453 201 19 24 0.027
433 205 23 26 0.021
768 171 15 20 0.020
