2_Demonstration_Protesters_2_563
28
100 242 86 102 0.881
394 192 65 92 0.868
229 254 38 47 0.855
724 236 69 95 0.849
565 220 30 38 0.829
813 311 113 117 0.822
819 187 32 39 0.819
302 234 25 30 0.818
875 212 65 76 0.817
669 167 31 38 0.815
633 185 27 35 0.808
666 252 49 64 0.798
238 214 24 31 0.781
771 197 32 33 0.700
982 206 36 38 0.690
176 209 29 33 0.504
503 182 31 38 0.395
0 197 51 150 0.269
484 207 17 24 0.067
233 207 34 48 0.050
0 177 57 94 0.030
51 227 21 33 0.029
56 227 18 22 0.029
36 235 35 64 0.026
29 182 34 73 0.025
486 203 22 32 0.023
508 176 39 50 0.021
502 186 23 29 0.020
