2_Demonstration_Demonstrators_2_329
41
252 94 61 80 0.862
114 30 38 52 0.841
860 168 40 45 0.829
134 88 47 54 0.824
203 45 48 62 0.814
932 182 33 39 0.748
710 166 23 33 0.742
376 97 25 32 0.715
793 189 21 29 0.713
733 169 21 26 0.700
665 150 25 35 0.684
980 219 26 33 0.663
606 176 11 14 0.606
960 191 24 33 0.604
26 0 47 56 0.599
65 48 38 46 0.536
621 157 10 13 0.489
1005 221 19 28 0.235
813 200 16 21 0.229
807 212 20 25 0.156
574 164 11 12 0.132
566 164 9 12 0.125
802 196 24 24 0.102
911 164 15 19 0.093
648 160 12 19 0.087
644 168 13 18 0.062
908 166 20 26 0.061
650 157 11 14 0.060
809 200 22 30 0.058
564 164 8 11 0.054
784 175 14 21 0.054
591 160 13 12 0.052
783 204 16 27 0.048
548 207 16 17 0.040
902 172 20 28 0.034
569 162 21 16 0.033
776 211 20 30 0.030
584 144 10 13 0.027
596 158 19 12 0.026
319 120 33 39 0.024
830 184 16 21 0.021
