2_Demonstration_Demonstration_Or_Protest_2_799
88
276 301 15 19 0.728
468 268 14 17 0.709
266 282 11 15 0.696
363 303 16 20 0.667
620 237 12 15 0.657
197 223 13 15 0.648
872 233 12 16 0.645
167 277 14 17 0.608
163 225 15 18 0.587
595 204 8 11 0.579
58 258 14 20 0.568
433 228 11 14 0.555
556 199 9 10 0.540
29 209 13 16 0.512
666 322 13 14 0.476
807 304 15 19 0.355
615 192 8 9 0.333
483 196 9 9 0.318
119 267 14 18 0.317
687 199 8 10 0.310
351 286 10 13 0.309
464 242 9 11 0.309
912 237 8 9 0.276
152 257 15 18 0.270
701 127 11 14 0.265
878 308 14 16 0.263
651 230 9 11 0.254
860 242 10 12 0.244
948 228 10 13 0.229
659 199 7 9 0.213
397 124 12 13 0.204
366 201 10 11 0.171
450 188 9 12 0.158
228 246 13 18 0.155
801 235 10 12 0.153
642 222 8 12 0.133
642 225 13 13 0.124
358 291 13 25 0.118
327 187 11 13 0.117
212 312 13 15 0.114
760 220 8 9 0.113
139 259 28 19 0.108
770 219 9 11 0.092
408 233 8 10 0.087
478 236 9 10 0.084
642 212 7 9 0.081
369 201 10 13 0.077
804 304 13 16 0.076
709 301 9 10 0.064
637 225 11 14 0.063
470 321 14 16 0.063
498 227 7 10 0.062
854 271 11 16 0.061
204 271 11 16 0.058
410 262 8 11 0.055
311 234 12 15 0.052
314 283 9 11 0.048
259 195 10 12 0.048
323 184 14 18 0.048
115 318 11 16 0.047
576 241 8 8 0.045
59 252 15 19 0.042
736 287 12 16 0.041
388 285 11 14 0.041
685 202 8 11 0.038
320 255 14 14 0.038
365 198 9 11 0.036
612 282 11 12 0.036
796 233 15 17 0.035
315 280 12 13 0.032
1010 237 9 10 0.029
690 334 10 12 0.029
727 296 11 13 0.028
556 202 7 10 0.027
362 204 13 14 0.026
800 241 9 12 0.026
581 203 30 13 0.024
720 327 12 11 0.024
937 255 11 15 0.023
247 225 11 18 0.023
317 252 11 14 0.023
727 256 9 11 0.023
669 199 8 9 0.022
423 355 15 19 0.022
910 234 13 15 0.021
683 345 11 14 0.020
788 228 14 13 0.020
616 233 42 16 0.020
