2_Demonstration_Demonstration_Or_Protest_2_450
36
190 270 50 73 0.781
291 351 21 27 0.747
583 270 33 58 0.693
906 321 14 24 0.591
435 328 37 51 0.535
980 341 11 15 0.450
724 317 21 32 0.422
1013 359 11 16 0.345
813 358 10 12 0.321
319 371 18 25 0.289
857 356 15 16 0.221
32 380 8 9 0.179
956 339 14 16 0.166
0 369 7 15 0.133
855 356 12 16 0.129
46 381 11 16 0.118
716 315 19 32 0.118
955 340 30 16 0.079
453 364 44 50 0.061
33 381 26 13 0.058
40 379 12 11 0.055
873 347 13 15 0.053
725 326 23 37 0.049
977 345 13 14 0.045
955 334 12 16 0.042
868 350 16 19 0.041
400 305 20 35 0.040
712 314 15 26 0.037
339 338 14 17 0.032
47 379 10 12 0.028
570 323 16 20 0.024
980 345 15 16 0.024
404 315 23 32 0.023
437 312 35 52 0.020
957 344 15 16 0.020
846 359 15 15 0.020
