2_Demonstration_Demonstrators_2_654
27
452 156 35 42 0.809
587 168 35 41 0.793
294 147 39 46 0.792
718 189 33 40 0.768
709 130 27 27 0.747
829 126 28 33 0.649
594 112 26 31 0.592
247 116 31 36 0.549
954 185 27 36 0.495
349 147 26 32 0.428
156 105 30 36 0.353
148 142 43 50 0.340
257 110 31 37 0.279
162 97 26 34 0.093
966 96 20 20 0.040
139 144 38 43 0.040
1005 118 19 30 0.037
959 164 32 44 0.037
463 116 31 34 0.035
150 112 34 39 0.035
960 139 32 43 0.030
0 112 17 47 0.029
72 98 22 28 0.029
355 135 29 33 0.028
364 133 23 29 0.026
2 105 21 44 0.024
152 126 39 51 0.023
