2_Demonstration_Demonstration_Or_Protest_2_644
67
147 181 25 33 0.804
102 237 28 38 0.802
232 66 26 33 0.787
877 310 30 36 0.783
767 289 26 33 0.737
822 277 23 30 0.734
932 277 21 24 0.733
404 242 20 25 0.723
852 271 21 24 0.717
330 88 21 33 0.716
644 237 21 26 0.715
658 272 24 31 0.684
717 246 21 32 0.676
22 33 19 22 0.666
834 141 19 24 0.665
365 247 22 27 0.663
174 174 20 25 0.624
428 231 22 30 0.586
655 298 27 36 0.551
560 271 30 39 0.487
569 120 18 23 0.478
517 273 25 32 0.451
294 236 19 22 0.363
539 191 19 25 0.357
963 274 24 27 0.351
549 241 24 30 0.342
444 279 25 30 0.308
473 162 17 23 0.307
211 48 16 17 0.243
817 275 47 28 0.229
380 151 19 22 0.201
568 261 27 35 0.196
511 246 20 26 0.194
385 242 17 22 0.182
496 165 19 24 0.173
525 152 20 24 0.166
576 252 23 29 0.103
782 256 19 24 0.100
237 219 16 20 0.094
432 164 20 24 0.088
805 278 45 31 0.075
544 267 25 33 0.066
381 158 20 20 0.059
601 257 21 22 0.058
270 286 16 24 0.054
636 111 16 19 0.052
530 153 22 27 0.050
514 258 25 32 0.049
553 232 22 27 0.046
532 181 27 39 0.045
476 272 21 25 0.042
435 276 25 29 0.038
1008 293 16 25 0.036
1012 306 12 26 0.032
714 246 17 30 0.029
531 260 30 34 0.029
483 245 29 28 0.028
426 277 20 27 0.028
655 310 30 36 0.027
582 253 26 24 0.026
442 272 24 28 0.025
1017 234 6 14 0.025
356 248 25 28 0.024
297 231 24 26 0.023
1017 257 7 28 0.022
435 228 18 27 0.022
442 165 20 24 0.020
