2_Demonstration_Demonstrators_2_244
51
427 112 52 64 0.870
724 156 63 85 0.812
251 174 31 33 0.747
204 169 16 19 0.660
934 119 27 32 0.512
844 141 23 27 0.465
616 134 22 25 0.458
357 170 16 17 0.451
336 172 12 15 0.397
713 178 34 51 0.370
540 136 28 32 0.311
303 166 11 13 0.298
1013 114 11 24 0.293
28 191 8 9 0.262
91 165 29 33 0.260
410 170 24 31 0.194
901 168 29 36 0.157
689 147 26 31 0.157
153 169 16 18 0.151
392 191 10 14 0.127
155 172 22 19 0.106
692 158 25 25 0.103
164 178 19 20 0.094
73 157 14 18 0.092
151 167 13 16 0.083
905 134 20 25 0.080
49 186 9 12 0.068
705 165 28 46 0.067
401 178 30 25 0.058
383 171 14 16 0.058
170 179 17 20 0.057
390 184 13 18 0.055
1 171 7 14 0.049
525 156 16 20 0.045
115 208 40 44 0.045
177 183 15 18 0.043
301 169 10 12 0.040
74 158 42 35 0.038
525 151 31 25 0.035
110 216 35 41 0.028
301 164 9 12 0.028
316 174 13 11 0.028
601 170 25 31 0.026
903 137 25 35 0.025
904 158 32 37 0.025
527 157 24 23 0.024
543 155 27 27 0.023
398 144 20 26 0.023
99 162 30 32 0.023
719 170 47 60 0.021
74 151 13 16 0.021
