2_Demonstration_Protesters_2_525
396
417 516 29 37 0.807
553 484 30 37 0.805
880 519 35 42 0.805
995 460 29 33 0.804
917 478 35 38 0.802
389 435 23 30 0.798
479 397 19 24 0.797
763 400 24 29 0.796
326 414 26 29 0.793
661 484 31 39 0.792
655 427 29 31 0.791
759 457 29 33 0.789
299 490 31 34 0.787
849 424 26 33 0.786
204 380 21 29 0.781
483 435 27 35 0.776
715 361 20 24 0.776
999 398 23 30 0.773
765 303 15 18 0.762
54 432 28 33 0.760
920 375 21 26 0.757
1 372 21 28 0.757
233 486 28 30 0.755
530 554 38 21 0.751
525 394 19 24 0.749
578 403 24 29 0.745
951 348 22 28 0.742
673 321 15 19 0.741
948 432 26 28 0.739
312 384 20 27 0.738
1006 238 17 21 0.735
783 317 16 19 0.729
833 339 16 19 0.722
79 379 22 26 0.719
455 269 11 13 0.718
502 317 13 17 0.706
713 307 15 18 0.705
777 233 13 16 0.703
469 329 14 16 0.703
640 297 12 15 0.701
718 332 15 17 0.698
866 228 14 18 0.697
249 368 21 24 0.697
338 349 17 20 0.693
455 306 12 17 0.692
319 325 14 18 0.690
798 361 18 22 0.685
60 344 17 19 0.681
249 311 12 15 0.679
811 228 14 18 0.677
526 276 13 15 0.675
686 221 13 16 0.673
474 294 13 14 0.665
413 313 13 16 0.661
884 329 14 18 0.658
502 283 12 15 0.657
594 344 15 19 0.656
645 217 13 16 0.655
723 225 13 17 0.652
185 338 14 17 0.652
368 322 14 17 0.647
145 340 13 17 0.641
501 218 11 14 0.641
0 345 12 16 0.634
125 301 12 15 0.633
561 208 10 14 0.631
823 179 12 16 0.630
781 343 17 20 0.629
361 305 14 17 0.629
33 321 12 14 0.628
81 317 13 17 0.624
862 329 15 17 0.624
768 219 14 17 0.622
615 212 13 16 0.621
168 287 10 13 0.620
534 333 17 21 0.616
968 247 15 19 0.610
596 211 13 15 0.608
524 207 12 15 0.607
849 367 17 20 0.607
441 291 12 14 0.605
995 225 14 17 0.604
384 281 11 13 0.601
989 379 20 24 0.597
243 293 11 13 0.594
21 295 12 15 0.586
386 347 14 20 0.584
446 209 12 14 0.578
21 335 13 16 0.577
845 396 20 22 0.567
54 298 11 15 0.560
578 298 12 14 0.558
725 208 13 15 0.556
568 281 11 15 0.549
74 278 11 13 0.543
226 313 11 14 0.543
344 265 10 12 0.542
267 287 11 14 0.538
309 264 9 12 0.531
911 234 16 20 0.523
132 286 11 13 0.509
542 289 12 15 0.502
959 234 14 17 0.501
408 205 10 12 0.496
963 554 39 22 0.489
215 299 10 12 0.485
477 213 10 13 0.481
533 310 13 15 0.474
372 268 10 12 0.472
105 353 17 19 0.471
886 217 13 17 0.469
372 293 10 13 0.467
357 276 10 12 0.464
123 320 12 15 0.463
273 357 17 20 0.461
87 512 26 27 0.458
662 310 13 15 0.454
322 296 10 12 0.444
971 214 12 15 0.441
393 213 10 12 0.422
191 321 14 15 0.419
297 311 12 15 0.413
375 211 9 12 0.406
276 273 9 11 0.405
564 302 10 12 0.405
210 352 19 22 0.392
255 347 15 16 0.373
307 211 7 9 0.372
39 281 11 13 0.368
889 236 13 16 0.362
286 203 8 9 0.360
75 297 10 13 0.355
889 184 13 16 0.349
230 255 8 11 0.345
830 216 13 17 0.342
192 259 8 9 0.336
465 208 11 15 0.335
222 281 9 13 0.334
765 509 25 33 0.331
169 256 8 10 0.331
417 273 10 11 0.328
0 420 9 29 0.307
873 207 13 16 0.304
115 271 9 12 0.300
429 220 9 11 0.290
419 335 15 18 0.288
157 278 10 10 0.285
75 261 10 11 0.278
56 411 21 24 0.276
359 215 8 10 0.276
633 225 12 17 0.275
374 236 10 11 0.275
437 319 12 15 0.274
330 278 9 10 0.274
141 361 16 19 0.272
31 267 9 12 0.272
706 200 11 13 0.269
291 292 11 12 0.268
363 308 15 20 0.266
333 303 12 15 0.250
427 204 10 14 0.249
559 327 14 17 0.247
310 282 10 12 0.247
103 319 13 15 0.243
380 556 22 20 0.238
502 366 13 17 0.236
100 281 10 12 0.232
190 274 9 11 0.229
144 373 19 24 0.229
415 286 11 12 0.221
227 211 7 9 0.218
594 321 13 14 0.212
471 209 14 15 0.208
286 292 13 13 0.205
409 200 10 13 0.199
283 291 11 12 0.198
537 297 14 19 0.198
210 261 8 9 0.196
269 259 9 12 0.190
343 211 10 11 0.188
267 354 20 20 0.185
324 210 9 9 0.183
268 207 7 8 0.181
836 248 15 19 0.178
363 201 9 11 0.177
933 216 15 17 0.177
147 381 20 20 0.176
329 301 14 15 0.174
163 282 11 13 0.173
574 209 12 13 0.171
95 514 24 28 0.167
546 401 18 23 0.166
768 310 28 19 0.161
158 328 12 17 0.157
295 303 11 22 0.157
189 242 7 9 0.155
110 399 22 27 0.154
259 256 10 12 0.148
450 304 15 17 0.144
83 510 21 24 0.141
430 199 9 13 0.138
387 277 11 14 0.137
249 207 8 9 0.134
465 374 15 16 0.132
716 297 13 58 0.130
87 349 12 13 0.129
678 311 49 21 0.129
96 301 10 13 0.125
5 278 9 11 0.124
155 310 12 16 0.123
28 318 16 24 0.123
365 200 9 15 0.122
892 188 14 17 0.122
390 528 25 31 0.120
362 271 13 13 0.120
274 270 11 27 0.120
244 347 28 20 0.116
377 283 22 15 0.114
412 475 25 30 0.111
164 208 8 9 0.111
938 232 13 19 0.110
186 205 9 10 0.108
436 354 15 20 0.107
155 326 13 25 0.107
150 210 7 11 0.104
99 277 20 12 0.102
415 276 12 16 0.102
156 307 12 14 0.102
56 264 10 11 0.100
188 323 13 18 0.098
346 212 9 16 0.098
185 207 8 9 0.097
484 234 11 15 0.097
541 209 10 12 0.095
272 255 8 27 0.092
1 263 9 13 0.091
321 289 12 24 0.089
0 306 10 12 0.088
343 301 17 15 0.087
294 192 6 8 0.086
332 210 9 10 0.086
223 301 14 33 0.085
149 273 10 12 0.084
278 329 12 15 0.083
189 203 8 10 0.081
142 323 11 14 0.081
592 212 14 16 0.081
375 213 8 32 0.080
149 254 8 10 0.080
792 207 13 18 0.079
502 301 13 55 0.078
637 332 15 17 0.077
378 312 57 19 0.077
910 242 17 20 0.076
468 222 12 17 0.076
576 212 12 15 0.075
901 347 15 20 0.075
31 263 11 25 0.074
351 294 11 13 0.074
874 374 12 18 0.072
710 220 12 16 0.069
587 182 9 12 0.069
508 210 32 18 0.069
387 242 8 9 0.069
908 322 17 21 0.066
347 235 13 13 0.064
307 215 9 12 0.064
111 261 9 15 0.064
962 235 27 24 0.063
165 478 21 29 0.063
472 290 12 16 0.063
210 208 7 9 0.062
98 284 10 15 0.061
832 366 14 16 0.061
425 299 11 15 0.061
342 267 16 14 0.060
942 213 18 17 0.059
978 235 13 17 0.059
169 255 15 11 0.059
880 179 24 40 0.059
75 311 13 15 0.058
919 404 14 18 0.058
470 231 10 13 0.058
433 197 9 10 0.057
475 208 12 15 0.057
398 302 12 13 0.057
148 224 7 10 0.057
929 213 15 17 0.056
523 235 10 14 0.055
354 404 20 25 0.054
0 547 11 29 0.054
746 212 11 14 0.054
391 204 40 21 0.053
351 237 15 10 0.053
630 371 19 23 0.053
549 396 16 20 0.052
883 328 33 26 0.051
308 250 11 39 0.051
434 351 17 37 0.048
165 366 15 19 0.048
428 374 19 25 0.048
228 203 9 23 0.047
192 280 11 17 0.047
527 209 24 13 0.046
905 328 18 24 0.045
430 366 19 25 0.045
109 270 17 17 0.045
272 229 8 12 0.044
161 360 20 22 0.044
149 389 18 18 0.043
146 342 17 20 0.043
569 325 12 14 0.042
27 423 19 24 0.042
35 386 21 24 0.042
346 305 16 18 0.041
503 244 11 101 0.041
743 215 11 18 0.041
891 439 21 27 0.041
254 272 11 14 0.040
791 212 14 16 0.040
766 212 23 16 0.040
344 393 17 20 0.040
13 354 18 23 0.040
145 255 8 29 0.039
372 296 18 13 0.038
387 208 10 14 0.038
836 241 14 20 0.038
168 362 17 19 0.037
147 211 25 8 0.037
396 273 11 11 0.037
912 182 10 13 0.036
274 224 14 11 0.035
48 270 18 18 0.035
596 211 52 17 0.035
960 249 19 22 0.034
82 216 7 10 0.034
537 260 14 85 0.034
433 403 22 24 0.033
332 248 9 19 0.033
959 543 36 31 0.033
132 358 18 19 0.033
274 216 7 28 0.033
73 282 11 20 0.032
112 259 9 10 0.032
331 251 9 12 0.031
268 314 11 13 0.031
9 304 12 16 0.030
421 371 21 25 0.030
195 313 13 16 0.030
241 275 20 14 0.030
293 348 15 19 0.029
60 274 44 94 0.028
84 410 19 24 0.028
406 406 18 23 0.027
649 550 27 23 0.027
234 198 8 8 0.027
702 199 13 15 0.027
948 212 16 16 0.026
664 203 12 15 0.026
618 265 14 18 0.026
923 260 16 17 0.026
739 209 23 16 0.026
477 230 18 24 0.025
108 251 9 22 0.025
244 256 13 97 0.025
185 309 14 16 0.025
140 448 25 30 0.025
8 325 11 15 0.024
432 382 21 49 0.024
3 261 14 15 0.024
291 276 16 14 0.024
910 185 11 15 0.024
986 552 30 24 0.024
747 204 17 23 0.023
314 222 13 13 0.023
325 314 16 17 0.023
342 234 12 17 0.023
781 355 16 21 0.022
28 407 21 45 0.022
299 352 14 19 0.022
20 353 16 23 0.022
626 330 22 20 0.022
784 200 17 15 0.022
529 318 13 27 0.022
359 299 38 93 0.022
345 240 10 12 0.022
643 203 11 16 0.021
115 327 14 20 0.021
899 351 15 20 0.021
1001 216 14 18 0.021
255 210 8 29 0.021
25 412 19 28 0.021
225 196 7 28 0.021
291 338 15 21 0.021
362 197 9 10 0.020
248 206 24 8 0.020
