2_Demonstration_Demonstration_Or_Protest_2_395
23
872 339 53 75 0.778
806 479 94 132 0.716
977 296 47 84 0.683
737 332 56 82 0.572
314 525 105 163 0.529
827 321 30 42 0.333
957 247 34 44 0.234
665 363 62 99 0.214
813 273 27 39 0.170
551 318 82 114 0.121
716 333 66 97 0.046
959 269 34 38 0.042
667 333 44 70 0.038
1015 260 9 38 0.033
823 317 26 36 0.031
918 288 35 50 0.030
988 377 36 119 0.024
997 251 26 94 0.024
911 273 35 45 0.024
966 262 35 40 0.023
1009 247 15 41 0.021
985 271 39 83 0.021
830 311 37 46 0.021
