2_Demonstration_Political_Rally_2_5
808
320 232 26 40 0.782
750 411 27 34 0.752
690 395 32 39 0.691
866 451 28 33 0.691
673 335 19 22 0.689
435 117 35 50 0.669
127 456 41 59 0.646
650 307 21 26 0.631
873 361 23 27 0.606
949 171 11 14 0.591
555 355 21 25 0.575
184 230 29 35 0.575
930 356 18 26 0.569
103 297 16 19 0.569
865 280 15 19 0.566
827 376 25 32 0.561
725 381 20 29 0.559
57 297 20 23 0.546
886 326 21 24 0.539
787 381 25 30 0.528
851 225 10 13 0.516
677 291 18 21 0.507
30 480 31 36 0.506
907 141 9 12 0.494
598 395 26 32 0.486
630 349 23 26 0.459
32 258 16 19 0.445
862 183 10 12 0.437
786 303 15 19 0.424
801 467 29 34 0.424
927 232 11 13 0.420
514 367 17 20 0.419
641 217 12 15 0.418
720 267 15 17 0.415
879 178 11 12 0.413
776 169 10 12 0.396
934 427 24 32 0.383
746 245 14 16 0.370
132 184 9 11 0.370
476 367 16 22 0.363
838 242 11 14 0.352
757 162 9 11 0.347
797 137 8 10 0.339
811 142 9 10 0.337
578 151 11 13 0.335
796 158 9 11 0.334
503 260 14 17 0.324
776 472 30 29 0.306
720 162 9 11 0.303
946 378 21 25 0.292
1000 115 11 12 0.291
748 381 21 26 0.290
90 189 9 11 0.286
905 173 10 13 0.286
699 239 12 17 0.285
716 327 19 26 0.279
1005 30 8 10 0.271
702 130 9 12 0.270
61 221 10 13 0.268
788 239 13 16 0.264
517 211 9 11 0.262
0 225 8 13 0.262
566 236 14 16 0.262
0 275 10 15 0.260
969 344 19 23 0.259
928 245 12 15 0.257
35 257 15 35 0.253
729 92 8 10 0.251
599 172 13 14 0.249
814 240 11 14 0.249
653 233 14 16 0.248
908 407 19 25 0.247
989 95 8 10 0.245
849 345 20 24 0.245
958 37 8 10 0.244
735 224 10 13 0.243
37 276 16 19 0.238
149 225 11 15 0.236
653 330 18 21 0.235
960 119 8 10 0.234
519 147 10 12 0.233
537 280 13 18 0.231
618 164 10 11 0.230
609 240 12 15 0.224
992 164 9 11 0.223
602 132 10 11 0.220
799 11 7 8 0.220
0 301 8 19 0.218
823 58 8 10 0.216
721 36 6 9 0.215
828 131 8 11 0.215
740 159 10 12 0.210
862 161 8 11 0.210
786 115 9 11 0.209
559 153 10 11 0.206
183 178 8 11 0.197
755 67 7 9 0.195
924 247 13 13 0.195
928 152 9 11 0.195
233 195 8 10 0.195
869 413 25 34 0.192
815 265 11 15 0.192
555 130 10 13 0.190
673 81 8 11 0.189
958 155 9 13 0.189
68 189 10 12 0.188
883 232 10 12 0.187
676 54 7 10 0.187
635 132 9 12 0.186
750 263 15 17 0.186
869 19 7 9 0.183
723 131 9 12 0.183
944 220 10 11 0.182
905 159 10 12 0.182
900 236 12 13 0.182
497 226 11 14 0.182
995 164 9 11 0.182
901 172 12 13 0.181
887 121 9 10 0.181
9 185 11 11 0.181
806 340 23 29 0.180
106 186 9 11 0.179
89 246 12 14 0.177
822 13 7 8 0.177
995 53 7 9 0.176
778 140 8 11 0.172
14 225 12 15 0.171
535 152 10 12 0.169
798 173 11 12 0.167
792 82 8 10 0.167
213 193 9 11 0.165
122 210 11 12 0.165
625 295 14 18 0.163
663 161 10 12 0.163
949 51 8 10 0.161
809 447 26 32 0.160
1016 45 7 10 0.160
1007 175 10 11 0.159
60 205 10 13 0.157
834 166 9 13 0.157
670 245 13 16 0.156
62 142 9 10 0.155
865 243 13 16 0.155
612 21 7 9 0.153
651 236 14 19 0.151
684 1 8 10 0.150
957 152 9 11 0.149
927 141 7 9 0.148
901 110 10 12 0.148
712 423 21 27 0.147
639 156 11 12 0.147
40 172 9 11 0.146
492 218 11 13 0.146
871 403 25 29 0.145
565 198 11 11 0.145
995 433 24 38 0.143
713 157 10 12 0.143
908 292 15 19 0.142
584 282 17 22 0.142
858 35 8 10 0.141
806 328 20 29 0.141
947 147 11 11 0.141
228 172 8 11 0.141
688 147 10 11 0.138
774 99 9 12 0.136
166 183 9 10 0.136
613 296 20 19 0.135
859 136 8 12 0.133
590 19 7 9 0.133
477 269 15 21 0.132
933 47 9 10 0.131
500 194 10 12 0.129
678 212 15 16 0.129
553 213 12 16 0.128
697 226 12 24 0.128
658 34 8 10 0.126
1001 175 14 11 0.126
564 401 21 26 0.126
348 301 16 18 0.126
983 123 10 12 0.123
716 317 16 29 0.122
535 225 12 16 0.122
525 255 12 16 0.122
89 143 7 8 0.121
713 108 10 10 0.120
909 224 11 12 0.120
613 119 9 10 0.120
837 145 8 11 0.120
636 79 8 10 0.119
18 229 12 13 0.119
688 108 9 10 0.119
787 259 13 15 0.118
645 19 8 8 0.118
91 275 14 18 0.118
746 100 9 10 0.117
37 307 19 22 0.116
674 265 18 20 0.115
834 5 8 10 0.115
542 168 12 14 0.115
901 244 11 15 0.114
614 21 8 9 0.114
95 95 7 9 0.114
556 115 9 11 0.114
823 109 8 20 0.113
577 216 11 14 0.113
843 424 21 25 0.112
661 137 9 12 0.112
682 148 10 12 0.111
668 110 10 12 0.111
883 275 12 16 0.111
605 147 11 12 0.110
0 274 13 26 0.110
935 119 8 9 0.109
805 49 9 14 0.109
812 161 9 11 0.108
858 108 9 10 0.108
981 120 10 12 0.107
914 0 9 9 0.106
727 88 9 19 0.106
834 250 14 16 0.105
717 135 14 10 0.105
925 174 11 12 0.105
597 231 12 14 0.105
767 251 13 16 0.105
773 49 8 12 0.104
535 132 10 11 0.104
660 133 10 14 0.103
646 243 15 19 0.103
813 347 18 22 0.103
504 162 9 12 0.103
692 268 14 16 0.103
859 182 29 11 0.103
841 54 8 10 0.102
600 231 16 16 0.102
1010 2 7 8 0.101
849 118 9 12 0.101
611 206 12 12 0.101
743 208 10 12 0.099
610 147 11 11 0.097
498 327 16 19 0.096
996 170 14 14 0.095
735 56 7 24 0.095
903 167 13 22 0.094
602 226 13 15 0.094
0 133 8 10 0.094
945 251 12 15 0.094
931 173 10 12 0.094
852 112 10 13 0.094
654 106 9 13 0.093
1003 28 9 9 0.093
841 76 8 10 0.092
806 115 11 17 0.092
516 420 22 22 0.092
86 210 9 12 0.091
634 153 13 13 0.091
973 38 8 10 0.091
610 118 11 16 0.090
927 98 9 10 0.090
619 329 18 22 0.090
2 186 10 10 0.090
544 400 19 22 0.090
975 41 8 15 0.090
906 95 16 10 0.089
367 299 17 20 0.088
834 91 8 19 0.088
875 94 9 11 0.088
53 244 12 16 0.088
718 58 8 19 0.087
751 220 10 13 0.087
859 33 7 20 0.087
518 320 16 19 0.086
885 49 9 9 0.086
703 89 12 11 0.086
949 231 11 13 0.086
128 142 8 8 0.085
746 130 9 16 0.085
62 98 8 9 0.085
533 229 13 16 0.084
850 0 8 8 0.084
832 236 18 25 0.084
87 270 17 19 0.084
715 312 14 22 0.084
978 171 12 13 0.083
535 221 10 13 0.083
901 95 15 10 0.083
681 124 9 10 0.082
804 167 13 17 0.081
882 331 20 24 0.081
146 133 8 11 0.081
121 263 13 18 0.080
608 129 10 15 0.080
587 131 9 12 0.080
822 82 13 10 0.079
52 287 18 20 0.079
899 247 11 14 0.079
634 133 8 22 0.079
832 173 10 12 0.079
159 182 17 11 0.078
589 84 10 9 0.077
837 297 13 17 0.077
592 132 20 12 0.077
576 82 10 10 0.077
491 363 51 25 0.077
563 225 16 36 0.076
691 76 7 26 0.076
802 173 11 12 0.076
587 351 22 24 0.076
623 51 8 13 0.075
641 158 11 12 0.075
638 313 18 20 0.075
887 167 9 11 0.075
624 229 13 16 0.074
583 135 10 17 0.074
684 208 14 17 0.074
766 116 13 15 0.073
95 220 11 15 0.073
30 142 9 11 0.073
772 90 9 24 0.072
231 169 6 28 0.072
663 140 12 17 0.072
122 247 11 14 0.072
672 217 14 17 0.071
783 115 20 12 0.071
81 271 14 18 0.071
793 95 8 25 0.071
721 31 7 24 0.071
653 77 8 20 0.071
114 234 12 16 0.071
986 95 19 10 0.071
600 193 12 18 0.071
590 247 15 19 0.071
945 131 8 11 0.070
1 88 7 9 0.070
156 178 10 12 0.069
807 322 20 25 0.069
927 141 8 23 0.069
593 355 22 24 0.069
805 91 10 18 0.069
49 92 8 10 0.069
950 86 8 23 0.068
872 426 27 32 0.068
60 216 11 21 0.068
746 47 7 26 0.068
828 98 9 19 0.068
243 167 9 11 0.068
845 339 19 22 0.068
604 382 23 27 0.068
729 78 8 33 0.068
757 38 6 26 0.068
861 71 9 21 0.067
556 114 8 24 0.067
861 250 15 23 0.067
839 62 7 29 0.067
743 117 12 12 0.066
543 15 8 9 0.066
213 131 9 10 0.066
703 132 11 18 0.066
746 96 8 23 0.066
891 205 9 13 0.065
932 62 7 29 0.065
42 133 10 11 0.065
699 406 31 37 0.065
669 101 10 23 0.065
714 207 12 15 0.065
39 270 17 21 0.064
1014 102 9 17 0.064
730 163 15 14 0.064
577 79 7 20 0.064
824 385 27 32 0.064
692 219 16 24 0.063
876 177 12 13 0.063
909 48 9 21 0.063
931 249 19 14 0.063
872 59 8 24 0.063
1011 333 12 28 0.063
910 69 10 20 0.063
345 0 6 5 0.063
32 252 15 16 0.063
542 259 12 17 0.062
926 92 10 21 0.062
888 69 12 14 0.062
962 98 8 25 0.061
636 216 16 19 0.061
147 61 7 8 0.060
107 213 11 15 0.060
730 98 8 25 0.060
670 81 18 11 0.060
564 21 7 9 0.060
939 146 18 12 0.059
647 303 49 45 0.059
57 175 10 11 0.059
809 24 7 22 0.058
16 113 10 12 0.058
822 101 9 23 0.058
660 19 7 9 0.058
592 411 25 31 0.058
630 359 22 28 0.058
255 233 15 19 0.058
787 49 14 20 0.058
515 200 12 30 0.058
697 224 13 16 0.057
605 63 8 16 0.057
516 193 11 13 0.057
687 166 10 12 0.056
730 106 11 23 0.056
657 163 13 14 0.056
563 107 8 11 0.056
595 198 16 15 0.056
753 233 14 18 0.056
704 24 6 9 0.056
475 361 17 21 0.056
949 370 22 26 0.056
570 272 15 18 0.056
573 65 7 10 0.056
940 1 7 9 0.056
993 178 11 11 0.055
731 141 13 19 0.055
855 104 10 17 0.055
609 21 7 8 0.055
746 132 17 13 0.054
954 66 8 25 0.054
976 3 11 11 0.054
944 383 17 21 0.054
903 229 13 12 0.054
728 39 11 21 0.053
788 286 13 15 0.053
602 104 9 17 0.052
740 136 13 20 0.052
53 249 12 17 0.052
712 108 23 9 0.052
119 251 13 26 0.052
866 251 13 29 0.052
743 157 17 15 0.052
852 225 13 20 0.051
81 171 8 14 0.051
144 161 9 12 0.050
96 219 18 18 0.050
457 368 16 22 0.050
20 115 8 12 0.050
763 26 10 21 0.050
611 225 18 32 0.050
542 321 17 20 0.050
832 301 17 24 0.050
583 112 10 18 0.049
930 173 25 11 0.049
2 114 9 13 0.049
607 178 11 13 0.049
52 229 12 26 0.048
885 448 23 34 0.048
516 183 11 17 0.048
477 264 13 17 0.048
646 249 14 18 0.048
976 40 8 25 0.048
740 6 7 9 0.048
989 165 16 15 0.048
934 69 7 30 0.048
791 156 32 14 0.048
88 239 22 26 0.048
118 174 11 12 0.048
673 203 12 18 0.047
695 208 14 51 0.047
484 61 8 10 0.047
4 279 13 21 0.046
644 15 9 19 0.046
242 159 9 19 0.046
625 293 18 37 0.046
672 81 8 32 0.046
780 125 9 27 0.046
51 84 7 21 0.046
955 34 12 10 0.045
658 389 20 25 0.045
585 111 14 21 0.045
923 41 17 18 0.045
904 296 17 23 0.045
31 296 19 22 0.045
56 125 9 13 0.045
937 281 16 21 0.045
102 140 9 14 0.044
756 303 23 26 0.044
646 229 16 23 0.044
935 486 29 29 0.044
667 194 14 15 0.044
559 201 14 18 0.044
621 43 8 21 0.044
981 119 23 14 0.043
715 351 21 25 0.043
70 157 10 12 0.042
49 230 11 15 0.042
589 204 20 12 0.042
511 239 13 20 0.042
557 127 9 40 0.042
624 313 21 19 0.042
640 383 19 28 0.041
183 89 6 12 0.041
619 71 9 25 0.041
1008 328 13 29 0.041
1012 79 9 19 0.041
95 222 11 33 0.041
562 355 19 24 0.041
501 325 22 21 0.041
783 307 16 20 0.041
810 319 20 23 0.041
560 199 11 12 0.041
727 159 28 15 0.041
541 110 9 10 0.040
787 53 27 9 0.040
30 199 9 13 0.040
926 117 20 9 0.040
622 84 8 30 0.040
990 1 9 8 0.040
1017 166 7 11 0.040
899 406 24 27 0.039
596 249 13 15 0.039
886 94 9 27 0.039
689 107 9 27 0.039
53 172 16 13 0.039
822 177 11 15 0.039
997 2 9 7 0.039
883 70 12 23 0.039
102 251 16 16 0.039
961 349 23 27 0.039
0 265 20 31 0.038
495 202 13 51 0.038
935 288 15 18 0.038
771 207 13 18 0.038
713 188 11 13 0.038
145 131 9 21 0.038
102 244 22 17 0.038
348 220 15 23 0.038
770 1 8 20 0.038
69 183 21 13 0.038
926 67 13 22 0.038
761 115 15 17 0.038
561 165 13 19 0.038
774 160 14 27 0.038
695 52 10 25 0.038
943 280 14 18 0.037
561 172 11 14 0.037
837 95 27 9 0.037
574 295 16 21 0.037
566 11 6 21 0.037
534 239 13 18 0.037
60 208 11 54 0.037
138 158 9 10 0.037
931 439 23 31 0.037
29 74 7 25 0.037
899 28 7 8 0.036
30 194 10 14 0.036
687 80 19 24 0.036
535 207 11 20 0.036
850 119 10 23 0.036
780 153 16 23 0.036
110 242 23 20 0.036
946 221 13 22 0.036
806 461 23 28 0.036
718 336 20 28 0.036
554 1 9 8 0.036
1008 316 14 29 0.036
835 72 13 24 0.036
671 229 17 77 0.035
215 174 8 34 0.035
777 80 23 14 0.035
781 60 7 31 0.035
850 421 25 27 0.035
953 148 13 20 0.035
507 166 13 18 0.035
570 304 16 21 0.035
96 52 6 26 0.035
211 264 16 23 0.035
712 245 15 17 0.035
541 267 13 17 0.035
936 341 19 21 0.035
7 289 15 20 0.035
88 234 14 66 0.035
778 59 8 29 0.035
799 344 20 24 0.035
886 274 13 17 0.034
755 69 7 29 0.034
823 115 19 16 0.034
858 314 14 18 0.034
772 74 17 25 0.034
863 269 15 22 0.034
761 230 13 14 0.034
758 156 22 22 0.034
884 238 15 16 0.034
637 130 12 36 0.034
862 141 7 10 0.034
690 271 16 23 0.033
366 345 19 22 0.033
568 197 23 16 0.033
596 361 21 25 0.033
196 2 8 7 0.033
688 184 13 14 0.033
1013 292 11 22 0.033
649 391 24 25 0.033
819 166 23 15 0.033
964 84 16 26 0.033
526 238 14 30 0.033
512 90 8 9 0.033
541 211 27 30 0.033
28 134 13 19 0.033
737 463 26 29 0.032
66 153 11 19 0.032
514 74 8 9 0.032
499 198 12 23 0.032
906 321 16 21 0.032
84 143 26 9 0.032
171 162 9 33 0.032
993 441 21 37 0.032
842 194 11 12 0.032
899 36 10 27 0.032
62 195 11 17 0.032
358 87 8 10 0.032
15 140 14 11 0.031
94 84 8 22 0.031
828 312 17 20 0.031
2 272 15 17 0.031
833 2 9 8 0.031
717 306 17 23 0.031
653 82 8 31 0.031
501 160 16 16 0.031
758 315 20 25 0.031
871 0 10 20 0.031
174 149 8 31 0.031
893 280 14 18 0.031
713 72 18 28 0.031
610 215 15 26 0.031
789 234 22 17 0.031
629 111 14 25 0.030
740 7 8 27 0.030
844 282 14 17 0.030
848 89 19 20 0.030
720 355 20 26 0.030
568 276 15 19 0.030
192 166 17 22 0.030
566 82 22 10 0.030
513 311 17 87 0.030
999 120 11 13 0.030
511 352 19 23 0.030
689 141 10 27 0.030
1007 65 15 12 0.030
559 81 11 11 0.030
125 212 14 17 0.029
840 306 19 19 0.029
654 103 12 30 0.029
599 43 12 14 0.029
488 212 14 20 0.029
139 156 13 15 0.029
0 207 9 15 0.029
1015 289 9 16 0.029
573 167 21 13 0.029
109 213 17 20 0.029
645 51 21 21 0.029
25 293 19 21 0.029
642 105 19 16 0.029
922 173 19 15 0.029
568 410 20 28 0.029
826 79 8 42 0.029
151 184 11 13 0.029
158 97 7 20 0.028
625 14 13 19 0.028
78 265 13 18 0.028
669 353 24 27 0.028
1007 297 13 19 0.028
980 243 13 13 0.028
114 195 13 21 0.028
550 222 17 19 0.028
579 130 11 52 0.028
518 4 7 12 0.028
200 247 20 24 0.028
707 34 8 31 0.028
620 96 8 30 0.028
1009 83 9 29 0.028
544 314 18 51 0.028
581 344 16 23 0.028
75 72 8 24 0.028
27 175 11 20 0.028
970 78 22 17 0.028
224 90 7 8 0.028
539 104 12 24 0.028
732 44 7 32 0.027
721 328 22 29 0.027
910 370 21 27 0.027
517 318 35 23 0.027
822 309 19 20 0.027
871 14 5 31 0.027
856 46 13 29 0.027
746 228 18 28 0.027
2 83 6 28 0.027
1000 423 23 29 0.027
422 9 8 8 0.027
371 265 14 16 0.027
140 484 38 32 0.027
770 210 12 26 0.027
953 1 17 9 0.027
221 0 6 7 0.026
704 391 35 32 0.026
99 144 23 9 0.026
846 25 14 26 0.026
1009 298 13 34 0.026
823 54 24 15 0.026
34 32 7 29 0.026
517 371 19 22 0.026
747 73 11 26 0.026
624 88 13 22 0.026
928 60 10 48 0.026
518 132 12 48 0.026
623 49 22 20 0.026
623 77 26 18 0.026
921 0 8 8 0.026
635 181 12 14 0.026
932 264 13 20 0.026
971 400 25 33 0.026
949 46 19 23 0.025
96 229 25 16 0.025
732 212 28 35 0.025
512 49 8 17 0.025
791 83 11 32 0.025
806 274 14 17 0.025
47 94 21 10 0.025
518 33 7 15 0.025
739 0 10 27 0.025
708 187 13 16 0.025
806 233 22 71 0.025
997 171 23 16 0.025
850 0 17 19 0.025
873 42 8 41 0.025
608 302 18 22 0.025
952 67 8 43 0.025
172 232 32 30 0.025
940 287 15 21 0.024
838 36 8 30 0.024
482 257 20 23 0.024
871 493 29 23 0.024
801 331 18 23 0.024
235 148 9 29 0.024
897 303 17 20 0.024
372 296 17 21 0.024
679 106 12 35 0.024
103 1 6 8 0.024
379 80 8 9 0.024
911 49 7 49 0.024
955 63 17 26 0.024
614 291 16 19 0.024
717 106 13 39 0.023
740 244 14 17 0.023
773 214 12 17 0.023
716 190 12 20 0.023
490 0 7 8 0.023
665 384 51 37 0.023
870 95 13 25 0.023
318 79 8 10 0.023
94 90 8 29 0.023
873 2 8 8 0.023
920 362 24 29 0.023
890 63 22 22 0.023
34 240 22 94 0.023
517 404 60 29 0.023
483 57 7 26 0.023
693 54 11 35 0.022
646 154 33 27 0.022
707 68 12 38 0.022
1001 82 19 14 0.022
205 249 21 38 0.022
108 145 25 8 0.022
913 270 12 16 0.022
671 58 8 42 0.022
207 89 7 7 0.022
76 132 14 23 0.022
815 227 38 58 0.022
144 186 10 11 0.022
971 245 20 14 0.022
932 45 19 25 0.022
113 142 7 21 0.022
862 225 31 49 0.022
877 2 9 13 0.021
585 107 19 21 0.021
874 89 21 23 0.021
977 0 8 27 0.021
818 298 33 45 0.021
46 126 19 23 0.021
648 57 14 28 0.021
711 253 17 20 0.021
479 202 12 17 0.021
772 10 17 25 0.021
869 110 18 11 0.021
929 96 18 28 0.021
920 26 12 21 0.021
625 38 13 28 0.021
11 214 12 14 0.021
929 432 19 28 0.021
793 72 8 54 0.021
615 394 19 28 0.021
669 193 24 15 0.021
590 176 19 16 0.021
648 365 19 26 0.021
883 429 22 31 0.021
988 64 9 28 0.020
55 92 11 20 0.020
57 187 24 69 0.020
979 168 25 14 0.020
96 60 7 15 0.020
669 382 20 28 0.020
732 160 48 15 0.020
656 173 13 14 0.020
59 164 16 21 0.020
489 161 11 13 0.020
106 144 8 16 0.020
