2_Demonstration_Protesters_2_163
146
51 175 19 23 0.756
367 153 15 19 0.719
219 121 36 45 0.688
962 14 21 23 0.660
599 105 11 13 0.649
159 186 16 22 0.642
101 196 16 18 0.637
864 70 11 14 0.625
690 149 11 13 0.620
591 124 11 14 0.611
538 522 58 50 0.600
643 113 10 13 0.598
498 123 12 14 0.594
902 128 10 12 0.580
280 158 16 18 0.567
539 123 11 15 0.539
503 264 27 26 0.535
81 206 22 28 0.510
680 164 11 13 0.506
306 162 16 18 0.484
849 76 10 11 0.477
524 116 12 14 0.476
615 111 12 15 0.472
773 91 10 12 0.465
427 132 14 17 0.423
556 120 13 14 0.384
422 134 16 18 0.377
255 166 19 23 0.346
757 114 9 11 0.345
850 146 10 12 0.335
631 327 54 41 0.332
613 492 57 41 0.329
750 156 12 14 0.324
787 149 10 11 0.316
573 113 10 14 0.308
685 155 12 16 0.306
751 378 125 89 0.276
130 201 14 17 0.256
128 196 14 19 0.246
520 112 12 15 0.237
681 158 14 17 0.227
414 135 16 18 0.227
748 126 8 11 0.213
739 167 10 14 0.207
550 329 36 47 0.206
470 133 10 13 0.206
765 125 10 13 0.203
485 139 11 14 0.200
518 109 9 12 0.195
528 186 14 17 0.193
83 200 34 28 0.193
284 158 21 19 0.193
94 198 19 23 0.189
925 53 12 15 0.185
598 110 10 21 0.185
14 208 12 15 0.170
459 132 17 17 0.170
806 113 11 14 0.168
455 134 13 18 0.158
515 144 12 14 0.153
902 60 9 10 0.152
415 165 15 17 0.140
125 193 13 14 0.139
539 121 31 15 0.133
458 139 11 16 0.130
744 158 16 17 0.125
267 161 30 18 0.125
164 164 16 19 0.121
539 116 16 22 0.114
651 327 48 45 0.114
132 192 10 13 0.112
896 82 11 14 0.110
721 106 9 11 0.109
400 136 10 15 0.108
803 144 11 13 0.107
897 74 12 18 0.103
928 51 11 15 0.097
275 159 43 18 0.095
320 166 12 15 0.094
450 127 14 19 0.093
401 140 10 14 0.085
560 120 13 15 0.085
126 194 23 26 0.075
548 111 9 10 0.073
758 116 13 15 0.069
590 115 16 26 0.068
900 75 9 12 0.067
14 207 18 21 0.067
747 151 13 16 0.066
510 118 44 18 0.062
765 101 13 15 0.061
687 127 10 11 0.060
574 110 8 11 0.060
805 109 9 13 0.058
786 152 9 12 0.057
508 119 21 16 0.057
517 122 13 41 0.054
757 110 10 11 0.052
474 192 15 15 0.052
543 110 9 10 0.050
773 95 22 11 0.050
564 198 16 16 0.050
28 231 27 32 0.049
711 121 9 12 0.048
134 204 14 18 0.047
785 96 10 14 0.045
93 219 18 20 0.043
1000 25 16 20 0.041
323 158 13 15 0.040
241 161 17 18 0.039
809 117 10 12 0.037
257 174 18 21 0.037
603 109 53 20 0.035
516 140 12 14 0.034
269 158 13 15 0.034
461 110 9 11 0.032
899 85 9 12 0.032
322 163 19 16 0.032
166 182 20 31 0.032
99 201 17 27 0.031
810 120 10 13 0.030
895 87 10 12 0.030
509 147 12 15 0.030
554 125 12 15 0.030
889 73 16 13 0.030
760 127 11 16 0.029
745 119 33 25 0.029
78 202 19 25 0.028
760 99 12 47 0.028
1006 27 15 21 0.028
229 132 28 38 0.027
845 75 10 12 0.026
752 112 19 23 0.025
803 92 9 10 0.025
901 57 15 15 0.024
784 92 20 9 0.024
798 129 11 12 0.023
34 181 12 18 0.023
455 112 15 13 0.023
344 161 14 14 0.022
584 134 13 13 0.022
457 142 15 26 0.021
544 112 14 14 0.021
795 136 14 26 0.021
915 139 9 10 0.020
102 192 17 16 0.020
