2_Demonstration_Protesters_2_92
54
245 303 31 36 0.792
259 427 56 76 0.786
688 340 35 42 0.758
84 526 70 127 0.733
742 352 57 70 0.722
198 325 25 36 0.686
429 301 14 18 0.675
827 332 31 43 0.672
118 313 21 24 0.584
381 319 20 27 0.572
346 334 19 24 0.570
498 325 22 27 0.522
650 302 21 28 0.512
92 294 13 17 0.509
965 308 33 46 0.490
328 325 17 27 0.447
588 324 18 26 0.435
937 314 25 40 0.424
53 348 43 44 0.347
928 366 27 42 0.333
665 300 24 29 0.192
951 313 29 45 0.177
500 295 26 36 0.148
324 312 20 35 0.134
161 315 16 23 0.121
0 307 19 30 0.105
602 320 22 31 0.101
35 282 14 17 0.100
465 301 23 27 0.099
544 310 19 27 0.099
736 312 16 18 0.079
187 297 16 20 0.072
973 313 36 45 0.060
184 291 15 21 0.060
4 306 26 30 0.054
76 417 54 65 0.050
184 288 12 17 0.040
75 345 29 38 0.038
136 315 16 20 0.036
36 279 10 11 0.036
0 320 16 37 0.034
958 325 29 39 0.033
32 285 14 17 0.029
538 301 17 27 0.027
596 330 24 26 0.027
464 314 25 28 0.026
372 307 14 21 0.025
122 306 17 21 0.024
583 318 17 26 0.024
39 348 43 47 0.024
0 328 12 33 0.023
166 292 40 42 0.023
328 309 16 27 0.022
91 431 46 61 0.022
