2_Demonstration_Demonstration_Or_Protest_2_438
23
451 264 48 62 0.859
467 544 60 78 0.852
52 610 28 46 0.202
998 576 19 38 0.179
609 562 27 35 0.142
86 520 26 31 0.077
75 581 28 38 0.071
102 513 18 25 0.065
575 650 59 33 0.061
869 501 18 24 0.048
160 79 15 18 0.048
26 522 28 30 0.048
876 499 16 23 0.046
103 555 23 38 0.036
99 88 13 17 0.035
865 511 16 19 0.031
266 556 34 42 0.026
238 513 32 42 0.023
83 513 26 30 0.023
151 487 16 22 0.023
214 523 14 22 0.021
657 481 13 16 0.020
845 502 14 17 0.020
