2_Demonstration_Political_Rally_2_137
44
12 366 87 129 0.897
234 296 71 99 0.848
907 274 28 39 0.812
419 314 53 68 0.796
652 276 35 47 0.785
0 307 24 46 0.782
297 293 64 94 0.780
396 277 28 36 0.780
759 276 32 38 0.739
787 278 29 40 0.707
843 272 28 29 0.707
933 267 22 30 0.666
716 279 15 19 0.583
201 281 35 50 0.557
562 320 35 53 0.531
369 329 48 66 0.505
1009 282 13 16 0.417
475 279 26 33 0.328
485 320 33 59 0.311
611 319 27 45 0.229
610 336 30 47 0.209
739 274 15 23 0.206
372 278 22 31 0.148
86 293 18 19 0.129
722 276 27 19 0.129
1013 262 9 15 0.093
610 289 27 34 0.093
1008 307 16 32 0.086
470 275 22 30 0.063
1002 301 20 29 0.061
765 282 33 36 0.061
897 268 13 20 0.060
485 282 29 33 0.048
213 277 29 44 0.043
751 271 28 31 0.039
609 303 28 40 0.033
482 335 27 52 0.026
626 287 31 38 0.024
984 276 12 12 0.024
699 299 15 21 0.022
888 295 16 22 0.022
826 275 15 19 0.022
615 297 30 40 0.021
490 312 36 55 0.021
