2_Demonstration_Demonstration_Or_Protest_2_58
151
451 314 54 73 0.868
785 445 65 79 0.862
28 509 105 113 0.858
654 316 51 74 0.855
248 242 46 58 0.853
285 385 61 83 0.851
162 302 55 71 0.849
517 231 45 61 0.845
767 272 45 56 0.845
965 284 49 53 0.843
303 300 51 65 0.842
589 175 35 41 0.837
45 243 57 63 0.830
942 194 37 45 0.825
838 172 35 40 0.822
334 180 35 42 0.822
159 230 48 54 0.820
867 241 41 49 0.820
0 169 29 45 0.813
701 245 37 51 0.812
88 151 37 38 0.812
149 159 31 36 0.812
983 147 28 30 0.801
314 124 27 33 0.783
112 84 19 23 0.783
775 194 32 35 0.777
384 294 42 52 0.769
156 111 29 33 0.767
184 88 23 26 0.766
864 117 24 30 0.765
624 268 38 50 0.757
211 69 19 27 0.752
580 568 53 82 0.749
827 141 21 32 0.741
318 224 39 44 0.734
769 31 15 20 0.732
695 78 17 20 0.722
78 83 18 24 0.700
690 49 16 20 0.692
47 43 17 22 0.690
106 54 16 20 0.673
350 61 16 20 0.673
162 51 15 18 0.646
636 106 17 24 0.634
511 79 14 19 0.631
744 14 10 13 0.622
326 2 11 12 0.615
454 56 14 20 0.612
241 4 10 13 0.609
691 2 10 12 0.596
127 50 16 20 0.596
543 95 14 20 0.594
780 146 20 27 0.562
0 52 10 18 0.505
13 82 16 21 0.501
820 4 11 12 0.488
473 173 25 34 0.485
902 327 36 54 0.474
251 71 17 20 0.445
357 5 11 15 0.444
519 172 22 29 0.421
296 2 9 12 0.398
460 2 9 12 0.396
364 157 24 30 0.393
473 122 18 26 0.314
351 36 11 15 0.307
705 0 9 12 0.305
252 78 21 26 0.280
14 62 11 13 0.276
384 132 26 26 0.274
207 2 12 12 0.244
259 132 26 31 0.238
177 440 52 55 0.219
296 61 12 18 0.211
948 122 21 32 0.210
2 54 13 19 0.203
430 183 29 35 0.202
714 45 11 15 0.187
786 0 11 12 0.187
260 87 19 26 0.176
715 13 10 12 0.171
849 89 15 19 0.168
68 121 23 33 0.144
690 126 21 28 0.132
991 216 28 36 0.131
149 83 17 21 0.130
267 137 30 34 0.123
505 122 19 21 0.117
693 174 32 35 0.117
427 233 27 42 0.109
126 43 15 19 0.105
672 2 9 12 0.103
3 83 18 20 0.101
26 34 9 12 0.101
381 22 8 10 0.094
254 38 11 16 0.083
266 7 8 10 0.074
1016 88 8 24 0.071
924 112 11 12 0.070
163 30 14 16 0.069
360 98 14 21 0.067
687 28 9 12 0.067
727 51 12 16 0.067
206 4 25 11 0.066
600 250 29 38 0.066
780 236 36 42 0.064
277 143 26 33 0.063
547 78 10 16 0.059
511 404 31 58 0.058
546 204 34 46 0.049
685 181 29 33 0.048
398 134 18 27 0.047
281 27 11 16 0.042
275 133 24 29 0.040
918 319 29 53 0.040
446 102 15 22 0.039
745 51 12 16 0.039
336 43 9 11 0.038
276 153 28 38 0.036
371 152 21 31 0.035
537 4 11 13 0.035
947 116 19 24 0.035
163 36 15 24 0.033
39 123 25 34 0.033
468 126 24 33 0.033
447 107 23 25 0.033
479 121 25 27 0.032
286 2 10 12 0.032
83 236 44 59 0.032
711 8 18 16 0.032
54 122 33 35 0.030
218 3 14 13 0.030
702 176 30 34 0.030
172 31 13 18 0.029
761 197 27 30 0.028
173 36 14 19 0.027
160 45 14 20 0.027
293 58 12 16 0.025
220 8 12 12 0.025
127 38 13 16 0.024
696 121 22 27 0.024
643 78 11 15 0.024
692 133 24 29 0.023
167 29 15 18 0.023
688 129 16 22 0.023
498 198 28 37 0.023
268 89 19 24 0.023
720 10 15 12 0.022
997 228 23 33 0.021
281 139 21 26 0.020
558 135 21 23 0.020
