2_Demonstration_Protesters_2_221
141
515 201 61 84 0.861
572 150 50 59 0.827
2 200 49 79 0.804
228 520 84 56 0.801
388 54 39 49 0.800
712 376 46 77 0.797
988 152 36 65 0.789
831 128 32 46 0.784
690 94 36 50 0.779
399 206 50 74 0.778
909 108 39 48 0.778
922 181 35 61 0.778
857 172 40 50 0.775
312 14 30 40 0.765
464 88 35 47 0.762
13 15 28 41 0.760
406 131 38 53 0.757
286 332 46 72 0.745
294 130 38 54 0.740
119 14 27 38 0.729
117 97 39 53 0.725
744 181 44 68 0.716
543 73 33 43 0.704
673 55 34 42 0.701
0 110 19 58 0.699
134 56 35 40 0.699
238 78 34 45 0.685
413 302 41 70 0.675
141 242 40 63 0.669
744 147 35 48 0.666
225 130 45 60 0.638
84 178 32 57 0.637
717 3 27 33 0.619
194 126 39 55 0.588
83 335 32 65 0.581
418 263 47 65 0.565
891 291 61 78 0.528
178 13 23 30 0.522
341 113 32 44 0.502
210 125 47 61 0.484
723 59 33 34 0.480
894 42 29 41 0.467
957 73 28 33 0.454
815 91 24 29 0.441
0 87 22 50 0.440
149 59 30 38 0.414
425 28 26 40 0.413
44 1 29 30 0.412
593 1 16 18 0.375
155 137 33 46 0.373
528 430 47 67 0.340
862 74 26 31 0.337
654 93 24 34 0.317
901 33 27 41 0.309
719 211 27 39 0.284
503 41 29 34 0.273
993 0 25 27 0.272
318 254 39 58 0.189
481 24 23 30 0.177
233 7 30 32 0.172
0 345 15 61 0.164
444 69 27 41 0.141
430 21 33 38 0.134
737 113 26 34 0.134
674 6 20 24 0.127
907 303 61 71 0.126
0 20 14 36 0.106
451 3 27 31 0.100
1 4 15 33 0.099
733 61 31 35 0.089
363 18 27 38 0.089
253 24 26 30 0.082
439 16 30 35 0.081
231 269 42 58 0.075
422 39 26 38 0.071
888 307 40 68 0.070
542 60 29 41 0.066
1006 67 18 45 0.064
557 37 22 29 0.063
984 44 22 28 0.062
120 2 24 30 0.062
449 63 29 39 0.062
1002 42 20 54 0.060
243 1 28 30 0.060
51 122 42 51 0.059
41 7 26 33 0.058
784 53 20 28 0.057
384 10 21 26 0.057
222 186 36 50 0.056
371 11 28 36 0.055
4 2 18 28 0.055
845 10 20 24 0.052
997 46 24 33 0.052
745 125 28 38 0.042
894 316 60 72 0.042
225 3 23 29 0.040
855 66 28 37 0.040
128 438 38 76 0.039
593 0 25 25 0.038
1004 39 20 35 0.038
365 32 25 37 0.037
748 56 21 31 0.035
1012 238 12 48 0.035
873 219 42 53 0.034
231 15 20 26 0.034
222 0 18 19 0.033
534 3 23 26 0.033
312 73 28 37 0.032
530 1 18 21 0.031
605 2 21 19 0.031
991 37 26 33 0.031
515 17 21 24 0.031
577 50 29 39 0.030
751 132 33 41 0.030
629 0 18 14 0.029
546 55 23 33 0.029
892 56 27 35 0.029
53 0 26 27 0.028
40 16 28 38 0.028
277 0 21 23 0.027
709 7 21 27 0.026
1006 5 18 25 0.026
641 136 27 42 0.025
720 60 23 28 0.025
744 1 21 24 0.025
846 78 28 33 0.025
599 8 24 22 0.025
515 9 33 33 0.024
700 2 19 25 0.024
4 165 35 57 0.024
454 78 34 46 0.024
849 6 22 24 0.024
435 45 28 37 0.023
542 4 18 21 0.023
602 12 24 24 0.022
3 158 25 52 0.022
747 67 21 26 0.022
156 126 27 34 0.022
295 31 28 36 0.022
219 202 33 47 0.021
314 1 27 33 0.021
