2_Demonstration_Political_Rally_2_746
72
355 2326 89 99 0.830
584 88 70 82 0.825
167 2367 90 109 0.815
585 366 65 75 0.802
509 354 68 83 0.788
781 1342 72 103 0.762
849 2256 61 78 0.732
205 2253 39 53 0.700
58 2331 44 62 0.695
965 116 40 58 0.681
299 2292 53 70 0.526
596 2300 26 34 0.495
756 2332 27 32 0.430
648 2288 26 33 0.352
134 2308 40 45 0.351
720 1373 36 50 0.342
472 2298 28 34 0.326
284 1329 25 39 0.253
275 204 19 23 0.181
437 2295 27 33 0.166
332 194 17 20 0.163
390 1333 28 42 0.158
46 197 22 29 0.147
591 2295 58 38 0.140
746 2333 37 47 0.131
452 2300 27 29 0.123
800 2323 37 41 0.101
242 192 30 20 0.093
478 1310 22 28 0.086
395 1330 22 28 0.085
257 200 37 24 0.083
345 202 18 22 0.082
333 189 18 18 0.080
799 2316 25 33 0.077
320 195 26 25 0.076
245 189 16 17 0.073
248 195 18 21 0.066
352 215 17 19 0.062
666 399 45 56 0.062
23 420 69 78 0.057
830 183 20 23 0.055
472 2288 32 34 0.054
328 201 26 22 0.053
706 1348 35 58 0.049
725 2367 51 81 0.047
125 2303 37 43 0.043
925 1322 24 33 0.041
422 2286 31 34 0.040
481 1304 22 60 0.040
483 1338 32 35 0.040
880 115 18 27 0.038
66 2268 25 31 0.037
257 2321 52 68 0.035
113 1282 25 30 0.034
451 1390 29 37 0.033
287 1282 19 24 0.031
229 190 16 18 0.031
300 2278 41 44 0.030
393 1347 30 39 0.029
151 2292 36 47 0.029
505 1339 38 59 0.027
703 1352 33 35 0.025
174 1319 30 32 0.025
273 2314 61 75 0.025
476 1332 23 41 0.024
84 1186 22 35 0.024
808 2330 42 45 0.024
325 227 17 20 0.023
380 1341 35 52 0.022
345 2260 30 34 0.022
62 2271 23 44 0.022
741 202 23 27 0.022
