2_Demonstration_Demonstration_Or_Protest_2_914
71
257 29 41 53 0.830
377 318 12 17 0.736
52 335 14 20 0.728
834 351 16 20 0.727
911 348 16 23 0.713
638 314 10 13 0.702
186 340 11 15 0.693
78 70 23 28 0.689
777 357 15 18 0.668
607 302 13 17 0.667
902 107 14 17 0.663
104 361 11 14 0.642
514 329 9 11 0.623
509 314 10 12 0.513
388 301 10 13 0.511
577 314 9 11 0.509
167 53 19 37 0.507
313 338 11 14 0.502
720 363 13 17 0.487
251 341 9 11 0.436
549 334 8 11 0.400
164 334 11 15 0.384
230 96 11 15 0.315
277 343 8 9 0.305
854 122 13 18 0.302
466 310 8 10 0.260
513 321 9 20 0.232
123 336 10 15 0.209
548 316 7 9 0.202
123 341 9 13 0.200
481 339 9 9 0.182
236 341 9 13 0.177
759 127 6 7 0.153
292 333 11 13 0.149
377 134 8 10 0.132
162 336 33 16 0.126
547 311 7 25 0.108
235 65 18 22 0.105
438 339 8 9 0.095
853 117 12 17 0.092
506 130 7 9 0.090
292 310 9 11 0.084
451 318 9 10 0.083
732 124 7 8 0.081
529 309 7 10 0.078
533 345 9 9 0.078
780 127 7 9 0.067
856 128 12 15 0.064
321 323 9 11 0.062
538 316 17 9 0.058
125 330 10 12 0.054
137 91 16 22 0.054
479 140 7 8 0.054
575 316 10 10 0.048
897 334 16 18 0.043
525 292 6 15 0.042
490 315 9 12 0.040
292 308 10 25 0.035
434 336 9 12 0.030
480 335 12 15 0.030
787 114 7 8 0.028
164 328 12 15 0.027
421 135 8 9 0.027
753 127 14 8 0.026
439 336 14 13 0.026
599 135 8 10 0.025
505 132 7 8 0.025
581 317 11 11 0.024
247 337 12 14 0.024
730 122 7 8 0.024
786 127 7 9 0.021
