2_Demonstration_Political_Rally_2_456
64
150 359 27 34 0.799
398 310 28 33 0.752
85 371 22 37 0.718
486 331 20 22 0.662
354 207 16 23 0.484
643 309 15 19 0.426
811 214 22 24 0.413
502 258 18 23 0.354
601 244 15 17 0.343
199 242 15 22 0.340
486 243 17 23 0.332
558 239 13 18 0.218
441 209 14 21 0.207
657 247 19 25 0.174
292 242 16 21 0.173
654 240 18 25 0.155
472 271 19 23 0.137
489 253 32 24 0.132
708 251 15 19 0.129
662 254 17 23 0.115
554 241 14 20 0.106
951 231 16 20 0.097
607 246 21 17 0.089
170 238 15 21 0.088
692 323 17 22 0.084
487 262 35 23 0.073
476 240 18 20 0.062
698 247 23 22 0.062
621 250 13 16 0.062
470 237 13 17 0.056
512 252 20 23 0.054
516 240 19 25 0.050
669 254 16 21 0.050
522 253 13 16 0.048
674 246 19 23 0.048
265 269 23 26 0.046
691 245 18 20 0.045
552 254 16 20 0.044
425 252 20 24 0.041
955 232 18 21 0.041
919 215 25 27 0.040
517 235 17 21 0.040
599 319 16 19 0.039
613 248 25 19 0.038
443 203 14 21 0.037
218 262 17 20 0.037
165 238 43 22 0.035
720 215 15 19 0.031
944 221 22 25 0.029
686 240 17 21 0.029
678 237 17 21 0.029
969 238 15 15 0.027
623 253 14 17 0.026
907 213 20 24 0.025
591 257 15 18 0.025
638 241 17 21 0.025
350 204 14 24 0.025
556 257 16 19 0.025
812 222 21 22 0.024
284 238 20 24 0.023
768 226 17 21 0.022
929 212 20 26 0.021
418 193 12 21 0.021
595 253 17 26 0.020
