2_Demonstration_Protesters_2_362
36
235 368 62 85 0.828
813 403 73 82 0.792
419 495 12 16 0.628
870 533 17 30 0.498
885 522 21 30 0.492
455 506 13 17 0.445
147 466 22 34 0.372
383 518 14 16 0.273
703 531 10 11 0.248
118 194 46 66 0.247
446 507 13 16 0.159
930 512 8 11 0.146
695 505 9 10 0.132
359 493 14 12 0.114
984 477 7 9 0.109
884 517 18 24 0.091
418 503 52 17 0.083
715 559 12 18 0.080
902 497 10 11 0.078
995 502 9 10 0.072
357 493 9 12 0.068
0 300 50 113 0.054
948 477 13 13 0.051
989 566 9 11 0.050
657 517 7 12 0.045
990 503 12 10 0.039
726 508 10 13 0.039
450 503 14 19 0.038
976 502 10 11 0.037
978 481 10 17 0.037
400 494 12 15 0.029
368 492 9 11 0.027
885 515 14 18 0.027
977 485 8 26 0.025
398 500 12 15 0.021
361 496 11 14 0.021
