2_Demonstration_Demonstration_Or_Protest_2_512
118
968 374 56 82 0.824
404 237 24 32 0.822
147 290 47 54 0.805
951 311 38 42 0.666
917 196 12 14 0.649
934 280 24 29 0.644
117 343 45 69 0.644
992 205 13 15 0.589
990 272 14 18 0.504
635 307 24 42 0.458
471 228 10 13 0.351
270 243 19 26 0.330
592 287 21 28 0.316
716 305 28 51 0.309
228 292 28 36 0.305
924 262 19 20 0.297
1003 309 19 27 0.273
839 269 20 28 0.238
634 262 18 21 0.236
948 215 12 14 0.220
675 281 25 43 0.209
155 190 20 25 0.205
952 197 12 15 0.197
73 233 36 49 0.195
1014 274 10 15 0.188
536 240 15 18 0.181
548 225 11 14 0.169
971 272 14 16 0.163
126 189 28 33 0.162
595 236 13 16 0.157
47 203 19 24 0.143
657 243 15 20 0.132
639 244 12 15 0.129
205 236 21 29 0.117
874 328 44 53 0.115
100 294 30 36 0.112
772 248 11 13 0.111
929 265 20 29 0.108
875 314 39 52 0.108
913 260 18 20 0.103
714 220 10 12 0.103
175 211 22 27 0.088
0 207 27 45 0.082
874 307 33 43 0.078
1006 270 18 21 0.075
144 247 27 36 0.072
1011 267 12 18 0.069
902 263 23 21 0.067
241 209 20 26 0.063
497 243 13 18 0.063
350 242 19 22 0.060
791 288 23 31 0.059
294 204 16 17 0.054
205 248 17 25 0.052
2 203 21 33 0.052
901 267 17 19 0.051
700 306 36 51 0.051
492 219 9 12 0.048
1011 185 12 16 0.048
1000 298 16 23 0.048
57 226 35 49 0.046
823 242 14 18 0.046
813 210 9 12 0.046
113 220 17 25 0.045
919 256 17 19 0.045
803 324 36 42 0.044
783 252 16 17 0.042
773 241 12 18 0.042
804 224 9 11 0.041
993 266 15 19 0.041
1 214 44 44 0.040
927 309 27 32 0.039
773 245 17 22 0.039
635 244 39 18 0.039
961 265 13 16 0.038
248 233 15 21 0.038
514 274 19 34 0.038
117 202 30 36 0.037
680 432 51 116 0.036
719 245 12 13 0.033
956 194 13 14 0.033
652 211 8 10 0.033
771 251 12 20 0.032
271 235 18 22 0.031
970 220 10 13 0.031
844 267 21 26 0.031
777 235 12 14 0.030
659 250 16 19 0.030
645 251 22 22 0.029
627 236 12 13 0.029
718 197 9 11 0.028
734 225 11 13 0.028
814 255 13 15 0.027
105 217 27 38 0.027
232 284 21 31 0.026
770 203 10 11 0.026
622 249 12 14 0.025
245 238 15 21 0.024
596 233 22 25 0.024
975 204 12 18 0.023
419 190 8 10 0.023
840 216 13 14 0.023
1013 206 10 14 0.022
28 206 29 39 0.022
824 230 17 32 0.022
791 218 12 12 0.022
496 235 11 16 0.022
179 208 17 22 0.021
501 242 15 22 0.021
951 277 17 22 0.021
117 212 21 30 0.021
315 205 14 16 0.021
834 206 14 21 0.021
866 302 23 32 0.021
787 255 15 18 0.021
86 239 30 39 0.020
1004 190 18 19 0.020
346 235 20 23 0.020
