2_Demonstration_Demonstrators_2_188
52
375 458 95 124 0.829
221 346 51 55 0.804
225 241 35 43 0.790
287 338 39 52 0.786
482 384 40 49 0.780
189 288 36 44 0.766
877 363 31 41 0.762
3 419 38 49 0.754
777 1085 109 109 0.750
151 408 47 63 0.708
304 276 27 35 0.302
1007 364 15 20 0.293
391 345 32 42 0.271
549 412 27 35 0.258
854 221 23 28 0.250
625 370 27 33 0.142
357 357 25 31 0.141
99 207 32 44 0.130
889 330 18 22 0.109
382 353 35 41 0.094
16 398 30 33 0.093
927 394 20 22 0.084
922 363 18 38 0.082
611 385 32 36 0.078
393 334 32 39 0.074
1007 359 17 36 0.071
987 338 13 16 0.071
1010 334 13 17 0.071
557 411 32 37 0.068
770 360 49 67 0.062
960 407 25 28 0.058
655 368 25 28 0.049
924 365 19 22 0.048
768 350 40 45 0.044
615 372 39 46 0.037
955 376 18 22 0.037
392 357 36 43 0.037
977 368 17 21 0.036
107 350 28 37 0.035
142 265 31 38 0.033
766 381 54 65 0.033
6 347 26 40 0.033
515 333 22 26 0.033
539 407 24 33 0.029
788 378 40 51 0.028
979 352 16 43 0.026
311 272 27 38 0.025
567 406 34 38 0.023
929 366 24 55 0.022
107 234 25 32 0.022
982 336 42 24 0.022
932 392 60 46 0.021
