2_Demonstration_Demonstrators_2_414
53
400 33 21 26 0.741
202 42 19 23 0.733
134 41 23 27 0.731
763 45 22 25 0.708
599 40 23 27 0.701
689 54 22 26 0.671
250 50 22 24 0.617
483 28 25 28 0.611
310 41 26 31 0.601
928 44 28 31 0.549
815 50 24 25 0.520
93 61 19 23 0.375
14 41 20 27 0.364
825 49 21 26 0.235
1 46 13 27 0.222
910 50 18 24 0.220
45 51 18 23 0.212
863 58 20 25 0.196
227 43 17 22 0.191
1012 56 12 28 0.188
113 63 17 24 0.166
276 40 21 23 0.140
843 107 21 23 0.119
677 55 30 25 0.116
98 57 20 25 0.108
1006 50 15 29 0.104
671 56 17 23 0.097
41 38 16 22 0.086
575 47 20 24 0.073
717 50 16 19 0.073
921 45 26 29 0.065
538 61 20 24 0.057
807 51 18 22 0.043
0 56 12 23 0.042
48 56 19 22 0.041
716 53 21 23 0.040
305 37 25 29 0.038
471 34 27 26 0.038
5 92 16 22 0.037
866 47 21 25 0.035
955 46 24 27 0.033
106 21 15 22 0.030
316 49 24 30 0.029
545 46 22 22 0.028
900 50 20 24 0.027
456 38 16 22 0.027
221 34 18 21 0.024
473 57 23 27 0.024
268 37 17 20 0.023
384 44 14 21 0.023
669 50 16 19 0.022
163 50 19 24 0.020
1005 0 19 18 0.020
