2_Demonstration_Protesters_2_56
40
390 399 70 90 0.848
625 330 68 83 0.846
881 279 63 83 0.846
489 468 76 85 0.827
744 438 75 81 0.824
816 199 56 72 0.807
239 395 54 62 0.800
682 235 19 24 0.771
287 543 54 72 0.730
73 405 43 58 0.655
459 320 45 58 0.544
711 251 34 46 0.500
657 223 21 24 0.288
693 220 18 18 0.246
525 286 43 36 0.220
601 254 19 22 0.147
887 193 25 39 0.144
608 252 19 24 0.142
728 401 43 57 0.122
904 165 38 48 0.111
104 413 34 51 0.109
984 260 40 73 0.099
605 261 21 30 0.095
654 231 20 23 0.072
616 252 15 21 0.071
850 159 21 24 0.067
983 225 41 86 0.049
625 209 14 16 0.048
897 175 29 39 0.047
890 185 23 34 0.045
279 367 28 38 0.044
989 216 35 59 0.043
350 375 37 45 0.040
331 368 40 45 0.034
771 196 13 15 0.032
674 215 16 19 0.030
597 262 18 24 0.028
703 221 35 58 0.022
328 373 27 40 0.021
341 356 38 43 0.021
