2_Demonstration_Political_Rally_2_335
305
672 416 55 66 0.890
353 500 59 76 0.867
786 564 69 85 0.855
108 267 47 52 0.853
282 429 48 64 0.845
310 325 53 63 0.840
705 318 47 59 0.839
331 426 65 69 0.839
379 333 54 60 0.831
1 403 53 64 0.829
823 480 69 75 0.829
406 259 50 62 0.828
554 567 75 90 0.824
6 331 47 57 0.823
339 56 22 28 0.819
233 228 41 43 0.816
0 232 31 45 0.813
250 552 72 85 0.812
270 266 49 56 0.807
608 161 33 40 0.804
753 175 34 41 0.801
617 81 28 34 0.801
658 126 32 36 0.799
480 440 50 69 0.797
211 283 46 60 0.794
896 339 50 65 0.793
476 297 39 49 0.792
276 325 42 52 0.792
66 205 39 46 0.792
448 374 45 60 0.791
136 477 46 78 0.791
875 309 39 52 0.788
880 150 29 36 0.788
571 329 45 51 0.786
76 400 43 57 0.786
944 115 28 35 0.785
327 104 31 37 0.785
158 258 37 45 0.783
171 188 41 44 0.782
61 137 36 38 0.781
445 152 29 40 0.780
737 442 57 82 0.780
475 173 32 40 0.777
146 147 32 40 0.774
578 60 28 30 0.771
700 213 37 42 0.770
921 195 32 41 0.768
579 133 31 40 0.767
0 493 41 59 0.767
549 221 38 42 0.766
242 176 31 34 0.766
457 651 47 35 0.764
859 117 23 28 0.763
488 244 45 52 0.761
194 263 33 45 0.759
778 199 34 41 0.758
731 79 28 34 0.757
486 128 26 32 0.752
666 64 26 31 0.752
85 235 43 51 0.749
847 213 45 46 0.748
108 147 29 31 0.748
568 479 50 63 0.745
273 192 29 38 0.734
611 411 50 51 0.732
520 196 29 40 0.729
32 146 28 33 0.728
0 562 52 93 0.726
743 140 26 32 0.722
862 63 25 29 0.719
121 351 47 55 0.717
247 93 24 35 0.715
70 88 27 32 0.712
894 220 30 37 0.712
36 77 27 31 0.709
661 228 40 47 0.708
828 426 48 60 0.704
909 7 18 21 0.704
145 228 32 39 0.702
988 6 19 21 0.702
0 141 21 36 0.701
340 276 50 59 0.699
34 217 34 44 0.698
14 32 21 21 0.686
845 169 35 39 0.668
834 55 20 24 0.665
142 98 26 32 0.658
0 72 18 23 0.657
665 179 36 38 0.648
756 249 41 50 0.647
356 228 40 43 0.645
773 156 31 32 0.618
27 0 19 13 0.617
364 159 37 36 0.617
817 73 25 29 0.613
170 75 20 23 0.607
179 25 18 22 0.606
566 115 23 28 0.603
932 30 17 21 0.592
101 534 44 60 0.589
186 113 26 32 0.587
921 95 17 27 0.582
33 36 16 20 0.581
643 232 29 39 0.577
926 400 53 64 0.575
648 81 22 29 0.574
411 90 19 30 0.555
337 153 27 36 0.549
294 101 29 37 0.542
472 56 22 28 0.541
64 63 24 26 0.519
799 125 28 32 0.511
158 401 58 72 0.506
458 112 21 27 0.502
534 261 33 40 0.498
693 298 32 39 0.495
780 53 19 26 0.491
818 103 30 35 0.491
688 118 23 29 0.481
265 145 25 29 0.476
906 64 16 22 0.444
338 672 37 14 0.437
509 375 46 56 0.430
370 203 39 45 0.423
76 182 36 37 0.419
17 52 19 21 0.410
715 76 16 20 0.383
540 303 34 46 0.382
211 9 15 20 0.376
196 629 48 55 0.375
576 193 35 39 0.348
858 49 21 25 0.344
114 67 20 28 0.342
474 29 21 24 0.335
401 431 48 63 0.333
215 501 55 67 0.325
406 64 17 24 0.323
211 90 19 24 0.305
587 103 24 29 0.299
662 40 14 19 0.298
332 35 17 20 0.295
14 37 22 27 0.282
533 378 46 53 0.282
65 28 18 22 0.278
741 28 15 19 0.276
280 167 31 34 0.259
349 206 30 34 0.258
466 29 16 24 0.256
17 44 24 25 0.247
198 499 51 68 0.244
815 180 27 36 0.240
233 5 14 20 0.239
1013 285 11 53 0.236
691 66 17 20 0.236
858 39 19 24 0.217
717 10 14 18 0.216
0 29 10 20 0.211
245 396 47 57 0.206
639 130 21 29 0.203
646 303 35 41 0.203
155 262 68 42 0.198
967 1 15 17 0.194
769 128 31 32 0.189
462 119 24 31 0.178
775 249 38 46 0.172
313 192 27 36 0.170
272 247 47 53 0.170
196 56 17 22 0.169
158 148 37 39 0.165
0 25 11 19 0.153
674 203 29 30 0.151
646 129 29 30 0.151
459 267 29 38 0.151
359 116 18 26 0.141
774 95 23 27 0.138
65 35 22 25 0.133
616 55 14 18 0.132
752 55 17 19 0.131
67 8 17 20 0.131
858 33 19 20 0.127
821 189 29 35 0.124
701 71 19 22 0.122
118 42 18 23 0.119
471 42 24 29 0.117
689 13 13 15 0.116
67 18 17 22 0.110
552 378 33 45 0.110
23 56 23 23 0.107
966 4 16 24 0.105
562 108 24 29 0.105
165 126 34 36 0.103
290 96 26 35 0.099
67 42 23 26 0.093
909 99 24 28 0.087
306 103 23 33 0.087
119 15 12 16 0.085
656 525 62 74 0.085
630 301 34 42 0.081
412 234 42 50 0.080
927 62 20 25 0.079
650 90 23 28 0.078
23 67 22 27 0.077
454 118 50 62 0.076
695 273 36 44 0.076
207 8 42 20 0.074
0 120 18 28 0.074
179 54 22 23 0.073
594 44 16 20 0.072
717 73 20 27 0.071
102 40 20 27 0.071
151 0 15 18 0.069
967 12 15 21 0.069
126 117 21 30 0.066
784 15 14 19 0.066
277 178 26 38 0.065
877 82 22 28 0.062
625 290 26 37 0.062
23 77 31 25 0.062
8 395 79 66 0.060
131 113 27 33 0.059
176 3 12 14 0.059
273 157 28 32 0.059
149 357 40 53 0.058
631 310 41 55 0.058
783 48 17 24 0.057
915 65 26 25 0.057
213 44 15 20 0.056
912 19 18 23 0.053
34 28 53 36 0.052
679 264 29 36 0.051
199 293 36 52 0.051
208 47 17 23 0.051
782 2 13 13 0.050
169 51 17 20 0.050
309 51 15 21 0.050
38 373 50 63 0.050
0 14 13 20 0.049
817 114 24 28 0.048
1004 295 20 58 0.047
823 1 17 21 0.046
188 54 19 23 0.046
826 306 35 50 0.046
0 161 12 36 0.045
370 167 37 38 0.045
101 64 23 27 0.045
906 36 17 56 0.044
234 0 12 15 0.044
14 494 51 60 0.042
756 9 13 17 0.042
505 372 33 50 0.042
965 73 19 28 0.041
788 125 29 33 0.041
550 144 28 34 0.040
181 259 38 53 0.039
831 189 30 34 0.039
205 278 37 51 0.037
930 0 20 18 0.036
283 38 11 19 0.036
786 30 15 19 0.035
783 3 15 40 0.035
353 241 46 47 0.035
338 662 43 23 0.034
906 43 17 21 0.034
120 71 18 25 0.033
969 51 18 23 0.033
64 5 15 17 0.033
784 5 12 25 0.032
461 153 28 36 0.032
750 18 15 20 0.032
646 85 25 57 0.032
116 9 15 20 0.031
785 1 16 14 0.031
996 48 14 26 0.030
671 188 34 40 0.030
72 5 17 17 0.030
818 322 37 54 0.030
312 48 19 23 0.029
783 135 32 36 0.029
673 274 28 36 0.029
171 149 33 37 0.028
239 40 14 22 0.028
939 0 15 13 0.027
45 3 40 20 0.027
62 82 24 32 0.027
816 82 28 38 0.027
664 41 18 22 0.026
468 136 23 34 0.026
77 64 22 25 0.026
10 302 35 44 0.025
324 194 24 32 0.025
966 52 22 48 0.025
665 507 59 59 0.025
289 159 36 41 0.025
753 60 17 23 0.025
935 0 13 13 0.024
5 312 35 56 0.024
299 177 37 44 0.023
0 171 13 39 0.022
277 37 21 24 0.022
572 187 31 34 0.022
543 239 33 44 0.022
742 40 20 27 0.022
1015 296 9 31 0.021
651 100 23 27 0.021
761 96 26 29 0.020
