2_Demonstration_Protesters_2_54
51
20 210 23 29 0.801
150 207 23 27 0.783
393 75 15 20 0.780
520 67 17 22 0.774
418 98 18 24 0.763
599 140 20 23 0.757
16 160 21 23 0.745
315 141 20 23 0.735
679 125 19 23 0.732
295 84 16 20 0.732
334 64 17 20 0.723
525 135 20 24 0.714
172 163 18 23 0.712
225 161 24 26 0.705
440 133 19 24 0.702
413 268 22 30 0.692
686 163 19 24 0.679
547 57 17 20 0.659
812 106 19 21 0.650
364 79 14 16 0.624
872 138 17 20 0.578
87 57 9 11 0.454
357 230 19 19 0.410
949 55 10 12 0.362
279 54 10 11 0.322
174 49 7 9 0.301
145 168 17 21 0.236
659 109 20 24 0.216
19 156 19 47 0.172
333 103 14 19 0.160
1001 72 8 9 0.155
75 99 11 13 0.144
149 55 7 9 0.138
205 104 17 20 0.087
818 105 17 19 0.074
896 291 21 24 0.071
48 55 6 10 0.065
150 54 7 9 0.064
150 167 18 22 0.054
279 73 12 19 0.047
279 54 12 17 0.044
606 115 20 22 0.043
254 81 7 9 0.034
459 161 18 21 0.034
359 221 20 26 0.030
84 57 9 11 0.029
152 67 9 9 0.028
875 122 17 21 0.025
142 66 14 11 0.023
611 121 20 23 0.023
140 70 9 11 0.020
