2_Demonstration_Demonstrators_2_170
31
926 173 86 85 0.856
737 142 64 80 0.845
319 112 57 95 0.818
588 105 50 64 0.781
867 192 56 63 0.751
4 120 22 26 0.748
40 115 28 37 0.638
89 129 16 20 0.567
720 119 39 50 0.562
191 115 32 36 0.410
63 114 24 32 0.165
588 64 48 54 0.154
999 93 24 43 0.117
942 104 23 29 0.110
0 108 12 20 0.099
241 101 23 27 0.099
687 164 41 52 0.092
706 122 44 54 0.068
48 117 31 36 0.059
694 123 39 50 0.052
302 134 8 10 0.044
496 144 48 73 0.044
69 119 25 24 0.036
289 134 11 11 0.035
495 127 44 62 0.033
190 112 25 29 0.033
298 134 10 11 0.031
0 109 17 23 0.030
844 134 33 44 0.030
859 125 43 46 0.028
813 77 43 54 0.027
