2_Demonstration_Protesters_2_901
48
581 170 36 47 0.788
278 353 52 63 0.788
789 345 59 64 0.776
517 646 69 95 0.715
410 355 39 56 0.676
679 338 45 49 0.658
896 678 75 116 0.648
831 91 49 61 0.596
448 344 52 64 0.593
601 360 43 51 0.468
543 191 31 42 0.452
147 339 48 61 0.422
537 448 31 53 0.403
31 343 46 54 0.222
893 0 46 24 0.160
906 360 38 46 0.154
65 627 64 85 0.135
466 651 63 93 0.132
921 507 37 41 0.108
0 561 24 58 0.105
486 336 37 51 0.105
753 537 50 60 0.105
313 351 44 57 0.083
619 556 50 67 0.078
743 630 87 120 0.070
123 571 40 58 0.067
205 251 47 71 0.062
22 601 50 72 0.054
0 358 26 51 0.053
132 332 50 57 0.047
746 377 40 49 0.047
952 638 40 59 0.040
586 481 42 58 0.039
907 512 40 46 0.038
440 347 43 54 0.036
419 346 40 56 0.036
935 650 44 67 0.035
116 330 45 58 0.033
71 303 54 60 0.030
27 613 66 77 0.025
30 198 26 31 0.025
647 440 56 59 0.025
299 672 52 62 0.023
83 616 48 64 0.022
914 655 70 120 0.022
885 0 28 25 0.021
724 168 29 34 0.020
17 345 44 55 0.020
