2_Demonstration_Political_Rally_2_867
117
926 514 45 51 0.797
796 425 35 40 0.791
66 522 46 45 0.786
916 371 28 34 0.777
648 496 32 40 0.776
176 551 48 57 0.722
616 502 22 28 0.715
130 488 17 20 0.685
950 372 21 24 0.681
70 455 18 19 0.638
172 505 32 45 0.569
332 546 37 56 0.484
1 522 17 23 0.469
824 405 22 29 0.458
882 361 13 17 0.449
821 630 129 50 0.448
854 380 13 16 0.447
168 385 11 13 0.445
797 371 10 12 0.416
889 391 21 24 0.413
865 362 12 14 0.362
838 366 12 15 0.332
819 361 11 14 0.311
120 403 10 13 0.278
1012 387 12 29 0.262
191 384 11 13 0.259
44 421 13 15 0.258
162 438 19 23 0.240
373 498 26 26 0.237
122 524 23 23 0.233
0 419 9 12 0.232
878 574 85 92 0.212
173 494 28 41 0.202
8 399 11 13 0.201
152 401 11 13 0.188
77 399 11 13 0.188
818 388 16 21 0.187
769 377 10 11 0.177
170 435 16 22 0.154
770 359 10 12 0.149
964 353 13 16 0.144
94 393 10 13 0.138
300 506 17 17 0.137
872 395 17 20 0.135
1000 368 14 18 0.134
48 419 14 16 0.132
61 514 36 41 0.112
725 377 10 12 0.100
785 370 12 13 0.092
982 353 12 15 0.092
1008 383 16 23 0.090
819 384 14 16 0.087
1014 345 8 9 0.086
29 396 10 12 0.074
742 373 11 13 0.072
206 473 15 21 0.071
116 518 21 27 0.070
176 430 13 20 0.067
179 383 25 14 0.066
842 364 10 14 0.063
0 604 13 59 0.059
197 388 9 12 0.055
0 413 13 18 0.054
770 360 9 32 0.054
114 494 17 21 0.053
816 391 23 28 0.052
177 417 12 15 0.052
736 408 14 17 0.050
963 353 27 14 0.048
862 379 15 17 0.048
172 482 28 35 0.046
875 396 23 22 0.045
883 366 14 15 0.043
54 419 12 14 0.043
113 499 17 24 0.041
166 488 22 26 0.040
962 351 13 13 0.039
2 396 12 34 0.037
825 354 28 43 0.037
195 383 10 14 0.035
914 362 23 35 0.035
89 394 14 14 0.035
156 438 17 22 0.034
328 540 30 50 0.034
735 388 10 13 0.033
174 419 16 38 0.033
644 486 31 37 0.033
734 429 11 16 0.032
727 373 12 18 0.031
60 511 26 30 0.028
38 395 13 12 0.028
67 395 17 13 0.028
1014 401 10 25 0.027
168 461 18 21 0.027
472 504 34 49 0.026
849 349 10 11 0.026
174 544 36 49 0.026
162 383 16 15 0.026
114 489 15 18 0.026
411 496 29 39 0.025
695 469 17 21 0.024
851 376 19 25 0.024
861 344 42 58 0.024
871 617 90 63 0.024
144 383 10 13 0.024
919 361 16 17 0.024
522 473 43 49 0.023
133 485 21 21 0.023
131 523 20 23 0.023
51 394 11 16 0.023
981 344 12 19 0.023
750 372 18 13 0.023
22 493 17 29 0.022
25 503 15 19 0.022
18 481 14 20 0.022
731 354 11 12 0.021
203 460 16 25 0.020
