2_Demonstration_Protesters_2_131
310
126 616 19 25 0.766
88 584 19 21 0.753
265 582 16 19 0.733
212 617 18 24 0.728
37 598 17 21 0.723
183 588 18 21 0.700
298 628 19 23 0.699
479 560 15 18 0.694
955 557 15 17 0.683
316 594 16 21 0.675
266 661 26 22 0.673
409 540 12 15 0.671
461 615 19 27 0.665
131 583 14 17 0.644
308 554 12 15 0.639
190 560 14 16 0.636
978 572 16 20 0.636
553 549 13 16 0.624
414 581 15 21 0.617
885 610 15 22 0.610
824 514 10 13 0.610
219 552 12 15 0.607
903 517 9 12 0.572
361 559 11 13 0.559
937 524 10 11 0.557
406 519 9 12 0.549
27 639 17 29 0.533
45 569 18 19 0.528
867 568 17 21 0.522
627 602 14 22 0.518
466 534 8 11 0.509
445 549 10 13 0.464
61 529 9 12 0.457
183 522 9 12 0.446
257 523 8 11 0.440
896 557 13 15 0.406
958 527 9 12 0.399
882 518 10 11 0.394
868 515 9 11 0.392
220 513 9 11 0.380
624 522 8 10 0.370
427 513 8 10 0.370
788 534 10 11 0.367
286 524 9 11 0.365
752 524 9 11 0.358
168 539 13 14 0.352
418 561 11 15 0.349
148 535 11 13 0.335
516 513 8 9 0.334
379 609 16 28 0.332
135 523 10 12 0.329
712 541 10 14 0.328
940 496 8 11 0.326
504 522 7 10 0.318
319 539 10 12 0.310
692 546 11 14 0.305
237 546 10 12 0.300
31 540 12 14 0.297
77 505 8 11 0.289
365 523 8 11 0.281
829 565 13 18 0.276
964 502 8 10 0.269
377 530 8 11 0.251
745 550 11 17 0.251
321 524 8 9 0.245
469 509 7 9 0.238
607 553 12 13 0.235
391 517 7 9 0.232
550 532 8 9 0.232
170 511 9 11 0.230
214 529 8 9 0.230
743 506 9 11 0.228
55 506 9 11 0.222
369 508 7 10 0.221
1010 562 9 16 0.217
128 506 9 11 0.214
743 546 10 17 0.205
345 510 8 9 0.204
37 537 13 15 0.199
559 513 9 9 0.198
119 522 9 11 0.197
100 517 9 11 0.187
713 571 10 19 0.186
767 504 11 10 0.186
837 592 13 18 0.185
174 495 8 10 0.180
115 541 11 12 0.180
867 499 8 9 0.174
150 536 14 12 0.166
697 581 11 16 0.165
155 523 8 10 0.164
666 579 12 18 0.159
1 509 9 11 0.156
303 520 9 9 0.156
974 497 7 11 0.155
516 539 9 11 0.153
581 564 10 14 0.151
665 515 9 10 0.146
688 503 8 9 0.143
248 506 8 11 0.143
778 514 9 11 0.142
95 491 8 10 0.139
998 535 10 10 0.138
447 546 14 17 0.136
139 557 12 13 0.134
755 590 15 21 0.132
173 479 6 8 0.131
902 491 9 12 0.131
290 548 9 13 0.129
964 500 11 10 0.129
182 502 8 22 0.124
790 534 12 13 0.124
532 499 7 8 0.123
445 534 9 10 0.120
28 499 11 10 0.119
345 561 11 12 0.118
921 612 16 21 0.116
130 486 7 9 0.114
9 520 9 12 0.112
62 523 11 24 0.111
252 560 12 14 0.107
696 513 7 10 0.103
652 559 10 13 0.102
564 512 7 12 0.101
320 525 8 30 0.099
84 546 11 14 0.096
672 536 9 11 0.094
766 502 8 10 0.094
607 526 9 10 0.094
723 621 17 21 0.093
685 502 9 12 0.092
166 552 13 18 0.091
116 533 9 22 0.090
708 535 11 16 0.090
990 502 8 11 0.090
415 562 12 30 0.081
297 597 10 14 0.081
239 538 9 19 0.080
214 571 11 13 0.080
227 498 8 10 0.080
503 559 13 14 0.078
605 522 9 12 0.078
301 511 9 22 0.077
325 523 11 12 0.076
200 510 23 10 0.075
351 534 9 12 0.074
2 523 11 14 0.074
908 511 14 12 0.073
467 527 8 20 0.071
218 531 13 61 0.071
636 510 8 10 0.070
247 562 12 14 0.069
591 507 8 16 0.068
522 531 8 13 0.067
847 489 10 9 0.066
25 513 10 11 0.066
914 507 12 12 0.065
442 487 7 16 0.064
704 529 9 12 0.064
525 528 9 10 0.064
734 506 21 11 0.064
791 510 9 18 0.064
125 503 13 19 0.063
209 505 8 32 0.063
305 509 7 25 0.061
993 579 11 17 0.061
708 503 9 11 0.060
777 507 13 21 0.060
689 497 9 28 0.059
162 518 21 52 0.059
459 549 10 12 0.058
659 516 14 10 0.057
397 573 13 16 0.057
780 491 10 19 0.057
926 500 9 13 0.055
325 496 8 28 0.055
42 543 11 14 0.055
266 487 7 12 0.055
718 506 16 11 0.054
1003 568 13 19 0.054
39 570 18 20 0.053
552 517 7 29 0.053
8 530 12 17 0.052
736 542 22 31 0.052
845 545 10 13 0.052
888 506 8 10 0.052
462 485 6 21 0.052
242 524 9 29 0.052
61 506 29 11 0.051
376 536 9 11 0.051
32 495 16 17 0.051
449 501 8 27 0.051
804 503 17 10 0.051
427 488 7 28 0.050
122 540 11 13 0.050
472 504 8 15 0.050
28 497 10 24 0.050
566 525 10 9 0.049
506 518 10 10 0.049
169 561 11 14 0.048
258 518 13 16 0.048
202 556 24 16 0.048
1011 543 11 12 0.047
363 581 10 17 0.047
315 235 27 33 0.045
365 486 6 29 0.044
0 576 7 15 0.042
870 516 20 14 0.042
592 486 6 27 0.042
657 547 12 20 0.042
85 550 12 15 0.042
594 556 26 15 0.041
742 531 10 30 0.040
997 497 10 12 0.040
749 516 12 18 0.040
93 491 16 17 0.040
217 483 10 16 0.039
843 493 8 10 0.039
653 513 16 11 0.039
324 541 9 13 0.039
970 495 9 27 0.038
175 489 12 29 0.037
436 485 16 24 0.037
756 573 12 16 0.037
198 490 8 31 0.037
264 506 16 17 0.037
1009 515 12 12 0.037
629 552 9 12 0.036
328 526 11 17 0.036
723 498 9 23 0.035
1 500 10 22 0.035
737 530 10 13 0.035
800 496 13 16 0.033
70 530 12 16 0.033
789 503 15 23 0.033
698 536 11 19 0.033
138 558 12 18 0.033
614 524 15 18 0.033
463 608 18 24 0.032
679 499 20 14 0.032
748 559 12 16 0.032
134 522 28 34 0.032
160 510 19 14 0.032
267 480 9 26 0.032
448 508 8 27 0.031
863 560 16 18 0.031
216 549 12 15 0.031
951 554 15 21 0.031
10 537 13 14 0.031
588 514 15 17 0.031
800 537 11 14 0.030
875 516 38 13 0.030
784 476 8 31 0.030
142 518 12 65 0.030
187 545 11 20 0.030
649 516 11 10 0.030
998 514 14 19 0.030
186 501 23 23 0.029
796 492 11 20 0.029
5 537 12 15 0.029
511 642 13 26 0.029
361 668 26 15 0.029
754 576 16 24 0.029
971 511 10 17 0.028
908 543 10 17 0.028
664 538 13 20 0.028
39 507 10 23 0.028
714 513 10 11 0.027
704 501 14 23 0.027
112 500 13 12 0.027
220 490 15 23 0.027
743 515 12 68 0.026
681 514 14 11 0.026
174 474 5 32 0.026
565 94 8 10 0.026
668 494 16 17 0.025
363 481 7 31 0.025
381 605 13 19 0.025
518 540 19 15 0.025
950 506 11 22 0.024
16 492 13 23 0.024
31 568 15 22 0.024
720 623 14 18 0.024
3 477 8 15 0.024
67 477 10 10 0.024
460 486 12 30 0.024
981 496 23 14 0.023
293 599 11 14 0.023
471 510 8 25 0.023
220 516 26 12 0.023
993 516 12 12 0.023
801 540 12 16 0.023
555 467 7 14 0.023
37 469 8 27 0.022
836 627 15 24 0.022
143 501 12 14 0.022
340 558 16 26 0.022
999 488 7 21 0.022
996 530 15 21 0.021
565 522 23 10 0.021
401 501 11 38 0.021
736 523 13 17 0.021
313 476 8 30 0.021
114 599 14 17 0.021
605 487 10 29 0.021
336 581 10 16 0.020
296 593 14 25 0.020
996 644 10 20 0.020
849 485 18 16 0.020
35 502 20 21 0.020
