2_Demonstration_Protesters_2_86
362
39 593 81 86 0.863
461 374 37 42 0.849
729 340 31 39 0.847
46 478 48 55 0.846
118 338 29 34 0.846
320 364 33 40 0.843
351 473 49 53 0.842
539 442 43 50 0.836
492 316 26 32 0.826
284 334 29 36 0.820
808 320 27 34 0.818
805 423 39 42 0.814
185 313 24 29 0.810
183 373 38 42 0.810
598 327 27 33 0.809
681 414 36 38 0.803
901 371 32 39 0.803
967 352 32 37 0.796
533 301 21 26 0.796
392 331 25 29 0.795
23 295 24 28 0.794
765 298 21 27 0.792
218 329 25 30 0.792
331 299 20 25 0.789
73 312 24 28 0.785
932 323 26 29 0.784
677 306 27 31 0.781
122 297 19 22 0.780
530 277 19 22 0.776
979 304 21 25 0.773
891 303 20 23 0.767
965 560 58 55 0.766
95 278 19 22 0.763
727 293 18 22 0.758
276 292 19 24 0.757
452 298 20 24 0.752
567 288 18 22 0.751
0 278 15 22 0.742
605 269 17 21 0.741
969 260 13 17 0.734
840 283 16 22 0.732
513 261 15 20 0.731
783 277 15 19 0.727
329 264 14 19 0.726
361 272 15 19 0.725
448 267 18 21 0.721
130 272 16 20 0.717
863 263 15 18 0.711
0 361 16 37 0.709
56 277 19 23 0.708
918 292 18 21 0.706
403 302 19 23 0.704
681 268 17 19 0.695
102 244 13 17 0.694
657 276 19 25 0.693
151 272 15 20 0.693
1009 258 14 19 0.688
295 273 14 18 0.684
26 262 14 19 0.677
281 248 12 14 0.677
463 248 12 15 0.667
815 264 13 16 0.665
621 254 13 16 0.663
248 254 14 18 0.654
484 255 15 17 0.648
883 252 14 17 0.646
701 250 12 15 0.646
826 301 16 20 0.638
900 232 12 15 0.637
652 245 12 14 0.633
399 244 11 15 0.633
307 232 11 14 0.630
66 184 14 17 0.618
102 194 11 13 0.612
155 233 14 18 0.595
22 196 10 14 0.593
772 248 13 17 0.588
740 278 15 18 0.586
222 228 10 13 0.579
988 252 13 15 0.577
36 183 11 15 0.573
428 256 14 18 0.572
572 240 11 14 0.568
423 238 12 15 0.554
275 224 10 13 0.548
73 266 15 22 0.546
909 262 15 19 0.542
626 314 19 22 0.537
135 232 12 15 0.534
839 242 13 14 0.533
923 230 10 13 0.533
186 232 11 15 0.527
333 218 10 12 0.522
48 183 13 15 0.521
574 272 16 18 0.516
130 181 10 11 0.514
221 213 9 10 0.508
592 232 11 15 0.505
1014 297 10 24 0.490
977 242 12 14 0.488
510 241 11 15 0.484
233 234 10 12 0.477
197 273 20 19 0.475
375 248 12 16 0.471
763 239 11 14 0.470
874 226 11 13 0.469
402 228 10 12 0.468
933 262 12 13 0.468
884 209 10 12 0.467
525 235 10 12 0.461
550 230 10 12 0.453
966 218 8 10 0.447
157 212 10 13 0.445
357 231 12 15 0.440
728 255 13 15 0.431
359 250 11 13 0.430
321 254 12 14 0.424
766 280 14 18 0.419
542 245 10 12 0.419
181 176 9 11 0.419
247 214 8 10 0.417
543 213 8 9 0.417
651 224 8 10 0.405
958 244 10 12 0.400
495 229 9 12 0.398
671 225 9 12 0.398
702 236 11 12 0.392
911 266 17 20 0.377
818 213 10 12 0.376
79 178 10 14 0.370
580 214 8 9 0.370
454 304 21 28 0.369
794 238 10 13 0.366
155 186 7 9 0.365
293 228 10 14 0.352
678 250 13 14 0.347
202 229 10 12 0.344
427 225 9 10 0.341
515 224 10 11 0.316
236 201 7 10 0.312
717 228 10 13 0.310
744 223 9 10 0.308
953 229 9 12 0.304
608 228 10 11 0.300
991 222 9 11 0.299
512 238 15 17 0.293
317 221 11 13 0.292
257 232 11 13 0.290
459 232 11 13 0.285
511 239 12 27 0.277
372 228 10 13 0.275
256 228 9 13 0.273
917 276 15 17 0.263
455 320 18 21 0.263
791 255 12 13 0.252
947 245 9 11 0.251
8 179 10 12 0.250
483 235 11 12 0.245
177 216 8 12 0.241
632 228 9 11 0.240
221 232 19 12 0.240
1007 243 11 13 0.233
721 207 8 10 0.227
270 271 14 16 0.227
920 193 8 10 0.226
205 272 17 20 0.225
943 240 10 13 0.224
425 222 9 15 0.222
636 214 7 10 0.221
535 230 10 13 0.218
413 208 8 11 0.210
1010 239 11 15 0.207
901 213 11 11 0.203
190 259 12 15 0.202
209 260 12 14 0.202
874 197 8 9 0.198
781 224 10 11 0.197
983 284 15 17 0.195
947 297 15 17 0.193
782 208 8 9 0.186
630 232 10 14 0.182
13 180 13 12 0.180
181 204 8 11 0.179
764 241 14 17 0.177
485 233 14 12 0.176
248 211 9 15 0.173
1011 469 13 46 0.172
1005 207 8 10 0.172
681 209 8 10 0.168
399 234 12 16 0.167
437 213 11 11 0.166
190 260 14 27 0.165
164 213 17 12 0.164
353 216 13 12 0.162
624 209 9 11 0.161
170 230 10 16 0.155
860 209 9 11 0.154
904 213 11 12 0.154
915 264 28 16 0.151
191 275 18 18 0.146
668 237 11 17 0.142
607 251 12 14 0.137
281 194 8 9 0.137
818 303 22 27 0.134
836 238 24 18 0.134
569 229 13 11 0.132
459 208 8 14 0.128
29 183 18 19 0.128
265 191 8 11 0.128
1016 219 7 27 0.127
1014 219 8 14 0.126
525 229 20 14 0.125
98 180 14 12 0.124
206 212 11 14 0.123
221 223 12 22 0.122
520 205 7 9 0.121
205 213 8 11 0.121
626 209 8 9 0.120
473 207 8 9 0.119
489 211 9 23 0.118
0 449 12 54 0.111
743 244 9 13 0.111
1014 300 10 36 0.110
1014 314 10 25 0.108
885 234 14 45 0.107
881 247 14 17 0.103
1000 173 7 9 0.103
4 181 11 12 0.102
628 198 7 8 0.101
448 209 10 9 0.099
373 214 9 19 0.098
1002 371 21 32 0.097
82 180 26 12 0.095
24 182 12 13 0.095
855 202 9 11 0.094
596 232 20 17 0.093
729 229 11 21 0.093
572 314 14 19 0.091
761 283 18 21 0.089
572 221 17 19 0.088
562 204 8 10 0.087
963 168 8 8 0.087
491 231 14 15 0.087
387 210 13 16 0.083
761 198 8 9 0.083
516 216 8 25 0.083
638 208 8 18 0.080
667 199 8 9 0.080
903 297 20 24 0.079
708 199 8 8 0.077
998 176 7 10 0.077
623 211 22 12 0.075
321 217 23 13 0.075
324 251 22 14 0.074
472 203 15 19 0.074
946 214 7 9 0.073
156 253 13 16 0.073
743 205 11 13 0.072
819 244 11 12 0.072
589 256 12 13 0.071
858 201 9 21 0.070
175 203 14 11 0.070
726 260 13 14 0.069
939 196 8 9 0.068
209 187 6 21 0.067
944 238 25 16 0.062
607 208 7 28 0.061
205 193 7 30 0.060
737 265 15 22 0.060
156 238 14 29 0.059
500 204 10 29 0.058
273 226 13 17 0.058
770 212 12 21 0.058
725 229 28 10 0.057
708 195 6 23 0.056
718 229 15 15 0.056
737 246 12 17 0.054
845 224 16 21 0.054
0 350 12 31 0.052
899 209 15 17 0.052
513 205 17 8 0.052
258 195 9 26 0.052
210 188 7 8 0.052
753 220 17 26 0.051
73 262 14 17 0.050
850 227 19 12 0.050
294 205 12 28 0.049
230 260 11 14 0.048
1000 298 18 25 0.048
308 203 14 24 0.048
282 188 7 31 0.048
194 197 11 10 0.047
198 198 14 18 0.046
791 295 15 17 0.045
306 195 13 28 0.045
663 197 10 19 0.044
870 206 25 29 0.044
1005 204 9 27 0.044
608 233 13 16 0.044
663 200 16 13 0.044
602 295 16 20 0.044
447 205 15 28 0.044
795 207 8 23 0.044
226 180 8 9 0.043
683 229 23 12 0.043
782 207 8 30 0.043
262 191 19 13 0.042
910 194 7 30 0.042
936 261 13 14 0.041
854 300 15 18 0.041
939 193 9 18 0.041
799 250 18 19 0.040
945 202 8 20 0.040
427 201 12 111 0.039
933 266 14 23 0.039
334 247 11 14 0.038
704 212 9 24 0.038
950 237 29 28 0.038
842 205 9 13 0.037
247 183 8 22 0.036
477 223 15 26 0.035
787 224 21 61 0.034
752 208 18 25 0.034
936 294 24 18 0.034
835 224 12 22 0.034
794 237 20 17 0.034
398 441 31 36 0.033
565 241 15 21 0.033
1013 174 7 8 0.033
1010 177 7 8 0.033
901 230 33 18 0.032
968 264 16 20 0.032
766 217 19 28 0.031
945 280 13 17 0.031
1010 180 7 10 0.031
310 232 17 23 0.030
189 254 13 15 0.030
156 184 13 17 0.030
151 212 13 13 0.029
296 194 16 29 0.029
786 253 14 26 0.028
442 323 18 22 0.028
384 244 27 14 0.027
790 207 14 12 0.027
542 190 8 26 0.026
714 195 17 28 0.026
945 208 17 23 0.025
762 193 7 9 0.025
319 193 14 31 0.025
850 208 16 24 0.025
945 302 19 22 0.024
856 188 9 29 0.023
279 205 18 31 0.023
768 206 28 12 0.023
160 258 13 17 0.022
730 203 17 31 0.022
393 199 20 43 0.022
1 244 9 16 0.021
563 261 20 21 0.021
589 194 13 29 0.021
649 263 13 16 0.020
224 178 16 9 0.020
