2_Demonstration_Protesters_2_826
67
893 239 64 77 0.877
545 169 43 53 0.844
628 75 30 41 0.834
606 140 35 42 0.830
705 199 51 70 0.795
581 75 27 33 0.778
500 156 26 35 0.701
546 103 17 28 0.698
425 86 18 22 0.655
57 91 27 33 0.655
519 69 13 18 0.569
565 58 17 24 0.569
514 122 23 27 0.567
551 67 11 15 0.525
616 66 14 17 0.467
211 82 18 21 0.455
90 81 15 17 0.416
227 100 19 23 0.385
492 80 9 11 0.321
257 66 10 13 0.311
355 90 21 26 0.297
684 72 18 27 0.289
555 60 23 20 0.259
403 85 13 18 0.254
181 120 11 13 0.142
402 56 8 9 0.124
856 94 19 29 0.119
687 67 13 18 0.116
204 75 14 18 0.111
450 148 36 40 0.100
536 74 12 15 0.096
313 95 16 22 0.093
779 88 11 15 0.086
153 83 12 13 0.079
204 73 10 14 0.076
454 55 8 11 0.073
205 78 17 20 0.071
182 88 10 12 0.067
354 90 16 21 0.059
143 101 13 18 0.053
82 81 19 26 0.046
152 85 10 15 0.041
570 65 21 26 0.040
179 117 9 13 0.038
158 80 9 12 0.037
515 62 11 12 0.036
584 66 46 31 0.035
123 98 13 19 0.035
486 78 33 15 0.034
317 100 17 20 0.034
618 68 26 35 0.033
49 87 27 36 0.032
220 106 23 22 0.032
463 147 27 31 0.031
504 63 14 11 0.029
604 66 18 16 0.027
130 99 28 19 0.027
431 63 9 10 0.026
548 33 7 10 0.025
234 74 10 12 0.024
564 51 15 21 0.024
383 84 19 19 0.023
613 63 19 26 0.022
454 73 10 13 0.022
339 137 33 43 0.022
396 84 20 26 0.022
0 130 8 20 0.021
