2_Demonstration_Demonstration_Or_Protest_2_225
302
445 431 17 20 0.737
353 441 17 20 0.691
945 433 16 21 0.690
136 412 15 19 0.686
257 411 15 18 0.669
321 442 18 22 0.654
919 409 14 17 0.651
38 405 18 24 0.646
857 429 16 22 0.645
883 434 17 19 0.629
699 425 16 20 0.619
559 426 15 19 0.616
985 502 15 18 0.611
801 432 16 20 0.605
661 414 18 20 0.604
502 433 15 18 0.580
463 414 13 17 0.568
994 405 12 15 0.519
762 413 15 19 0.512
224 438 15 17 0.507
346 347 9 11 0.500
679 427 12 16 0.470
450 356 11 13 0.446
589 393 11 15 0.440
863 424 17 23 0.435
920 387 11 14 0.419
867 422 14 18 0.418
414 350 10 12 0.406
360 347 9 11 0.399
503 353 11 14 0.378
206 454 14 18 0.370
583 409 14 16 0.363
635 406 15 17 0.334
538 342 8 10 0.334
574 401 12 15 0.310
111 400 12 16 0.296
171 425 18 21 0.293
730 432 15 17 0.283
544 367 13 14 0.263
1016 403 8 16 0.259
818 416 12 16 0.257
290 353 9 10 0.253
393 425 13 15 0.245
702 348 10 12 0.242
847 412 13 16 0.240
734 428 16 19 0.233
539 366 15 16 0.220
594 346 10 13 0.206
603 411 14 18 0.202
316 341 8 11 0.202
265 332 8 9 0.199
535 362 12 16 0.195
433 373 11 14 0.191
542 400 16 19 0.190
631 408 16 18 0.185
589 375 12 14 0.183
920 387 12 28 0.181
568 359 10 12 0.176
384 342 9 12 0.175
587 394 13 25 0.174
680 293 8 10 0.173
977 422 12 16 0.173
633 426 17 19 0.172
274 440 14 17 0.172
864 358 10 13 0.170
296 390 11 14 0.167
589 294 9 11 0.167
832 398 12 15 0.167
386 347 9 11 0.165
603 425 16 19 0.164
271 439 13 15 0.154
369 331 8 10 0.152
803 360 11 14 0.148
934 306 12 13 0.140
175 416 17 23 0.140
275 389 11 14 0.134
258 361 10 12 0.132
399 408 14 18 0.132
289 329 8 10 0.130
853 394 12 14 0.126
106 401 13 18 0.125
379 304 9 11 0.125
385 381 12 15 0.124
384 373 11 19 0.121
904 363 11 13 0.119
674 352 11 16 0.114
915 436 15 21 0.114
763 434 15 17 0.111
357 405 13 16 0.110
996 342 10 12 0.110
1002 520 10 12 0.110
329 421 12 15 0.108
693 449 15 16 0.105
107 396 15 37 0.103
572 399 25 19 0.101
426 358 11 15 0.100
933 406 13 18 0.099
109 421 13 18 0.099
389 353 9 12 0.099
232 436 14 17 0.098
384 367 10 17 0.097
473 386 11 14 0.093
113 359 10 13 0.093
159 377 9 12 0.092
314 346 8 14 0.091
105 411 15 27 0.089
579 425 14 19 0.088
811 341 10 12 0.083
992 383 12 13 0.079
94 426 20 21 0.079
852 412 22 21 0.076
101 424 17 21 0.074
737 421 16 17 0.072
289 344 8 20 0.072
537 338 10 37 0.071
217 355 9 11 0.070
319 339 10 12 0.069
423 319 10 13 0.068
571 427 20 19 0.068
272 363 12 12 0.068
91 432 18 21 0.068
397 400 15 35 0.067
403 413 16 18 0.067
241 349 10 12 0.066
723 426 17 19 0.066
938 414 11 16 0.065
867 411 16 25 0.065
988 356 11 13 0.065
749 365 12 15 0.065
175 429 17 25 0.064
845 399 17 33 0.064
347 414 15 18 0.062
407 386 12 17 0.062
864 360 11 14 0.061
856 430 53 22 0.061
669 354 12 14 0.060
892 445 15 18 0.060
407 370 11 21 0.059
981 355 12 14 0.059
809 405 19 51 0.058
890 365 11 13 0.057
994 390 10 26 0.056
605 407 12 16 0.054
944 351 12 14 0.054
386 321 8 23 0.054
800 292 13 15 0.053
229 348 8 11 0.053
676 346 11 16 0.052
457 297 9 12 0.052
996 346 11 16 0.052
753 411 23 24 0.052
759 420 16 28 0.052
593 292 10 12 0.051
791 432 13 17 0.051
710 369 11 13 0.051
541 392 15 22 0.050
569 293 10 13 0.050
581 402 35 39 0.050
244 344 8 19 0.049
984 410 15 23 0.049
431 354 26 13 0.048
821 373 11 16 0.048
426 286 11 13 0.048
220 351 10 11 0.048
344 346 21 14 0.047
326 365 10 14 0.046
180 426 16 19 0.046
0 418 10 20 0.045
806 381 12 14 0.045
742 259 12 13 0.045
368 340 26 16 0.044
177 412 14 16 0.044
578 432 12 16 0.043
360 340 13 15 0.043
778 365 13 16 0.042
169 414 15 19 0.042
764 393 13 17 0.042
628 371 12 16 0.042
500 381 14 15 0.042
196 389 13 15 0.042
428 415 14 19 0.041
326 281 8 9 0.041
626 391 23 67 0.040
248 334 6 13 0.040
925 447 14 18 0.040
303 374 11 13 0.040
827 405 14 17 0.040
303 365 12 17 0.039
773 352 11 15 0.039
899 360 16 19 0.039
267 331 7 27 0.039
484 271 7 9 0.039
387 326 13 13 0.039
868 411 13 17 0.039
885 339 9 11 0.039
770 362 16 16 0.038
824 415 23 17 0.038
0 334 9 21 0.038
714 419 15 19 0.037
180 414 15 19 0.037
254 362 11 12 0.037
324 428 15 24 0.037
895 360 14 15 0.036
837 432 15 17 0.036
491 407 12 16 0.036
324 309 9 14 0.036
889 364 28 17 0.036
358 366 16 11 0.035
652 260 10 11 0.035
803 354 13 31 0.035
760 405 16 23 0.035
160 318 9 11 0.035
770 357 13 17 0.034
886 400 11 14 0.033
398 377 18 17 0.033
350 292 10 14 0.033
451 361 11 13 0.033
189 367 13 13 0.032
267 342 10 29 0.032
352 324 12 11 0.032
918 332 11 11 0.031
423 411 15 24 0.031
101 405 13 16 0.031
520 398 12 17 0.031
531 360 11 15 0.031
397 366 19 15 0.030
279 443 12 16 0.030
264 328 8 26 0.030
597 370 12 16 0.030
409 419 15 16 0.030
862 352 10 12 0.030
0 398 6 15 0.029
314 340 10 27 0.029
393 418 13 19 0.029
309 298 9 10 0.029
830 393 12 17 0.029
675 355 13 14 0.029
319 399 11 13 0.029
692 247 9 10 0.029
580 362 21 90 0.029
370 362 20 14 0.029
643 378 16 16 0.028
476 388 15 17 0.028
954 213 12 15 0.027
334 368 9 12 0.027
612 298 10 11 0.027
840 457 17 20 0.027
557 260 8 9 0.027
425 421 14 17 0.027
377 302 9 26 0.027
399 270 11 13 0.027
736 351 11 14 0.026
986 347 17 23 0.026
362 342 20 24 0.026
803 378 12 16 0.026
599 313 10 11 0.026
504 379 12 18 0.026
139 318 9 10 0.025
347 367 15 11 0.025
710 340 10 14 0.025
626 367 10 14 0.025
434 344 12 18 0.025
190 350 8 11 0.025
340 318 16 11 0.024
229 297 7 11 0.024
624 386 11 17 0.024
323 367 12 14 0.024
992 340 15 27 0.024
296 360 11 66 0.024
499 355 11 14 0.024
631 431 15 18 0.024
574 394 12 16 0.023
249 325 7 10 0.023
435 259 10 12 0.023
769 302 12 14 0.023
377 300 10 12 0.023
451 341 9 20 0.023
562 355 37 15 0.023
583 311 10 12 0.023
549 405 16 20 0.023
423 343 16 22 0.023
153 374 15 16 0.022
900 313 11 14 0.022
226 349 27 11 0.022
900 372 13 18 0.022
471 380 12 16 0.022
623 380 12 15 0.022
851 308 8 10 0.022
427 279 11 25 0.022
505 348 9 11 0.021
402 381 16 59 0.021
201 450 22 26 0.021
874 415 11 17 0.021
992 371 12 35 0.021
628 294 9 12 0.021
220 384 9 17 0.021
178 453 12 14 0.021
696 339 13 18 0.021
994 338 14 17 0.021
85 303 13 14 0.020
541 341 10 11 0.020
807 339 12 31 0.020
