2_Demonstration_Political_Rally_2_83
201
600 497 97 133 0.899
289 576 109 108 0.884
404 307 90 120 0.873
884 562 111 121 0.869
0 396 90 99 0.855
228 267 69 89 0.855
877 332 85 90 0.853
172 391 77 94 0.843
888 159 50 56 0.837
116 525 115 126 0.835
169 1 30 36 0.833
626 390 89 96 0.831
95 289 72 86 0.823
674 614 111 70 0.821
93 612 109 72 0.818
209 227 56 69 0.816
562 292 70 78 0.813
504 210 53 69 0.810
980 441 44 109 0.804
179 157 48 57 0.802
45 182 49 61 0.798
447 117 39 48 0.795
325 166 51 62 0.790
74 220 52 61 0.785
233 120 38 53 0.782
219 62 36 46 0.774
474 83 37 41 0.769
811 135 39 50 0.759
111 81 35 44 0.759
1 71 33 43 0.758
560 81 31 39 0.753
203 111 31 38 0.727
8 126 51 63 0.724
399 110 34 41 0.724
465 181 51 64 0.719
402 197 54 65 0.704
429 33 27 32 0.694
290 32 32 39 0.683
473 18 26 28 0.681
929 199 46 57 0.678
735 375 80 104 0.678
265 19 23 31 0.673
41 278 42 63 0.671
742 155 44 50 0.669
383 152 34 47 0.665
750 19 21 26 0.659
628 65 28 34 0.654
793 122 31 38 0.651
974 213 50 86 0.647
951 163 51 58 0.632
131 173 44 49 0.632
311 71 26 33 0.610
385 61 30 34 0.588
824 64 24 34 0.551
233 8 26 33 0.551
814 39 25 28 0.541
870 27 26 33 0.524
883 77 33 37 0.521
343 32 28 34 0.500
619 247 54 61 0.495
555 187 31 38 0.471
998 125 24 38 0.469
0 151 17 67 0.457
946 12 25 32 0.443
603 60 25 29 0.427
475 46 21 25 0.424
568 43 18 23 0.417
669 49 24 26 0.408
118 41 25 37 0.405
975 84 32 44 0.400
941 79 30 39 0.396
824 332 46 54 0.378
78 43 29 34 0.374
919 0 21 24 0.350
694 6 17 20 0.344
35 62 31 38 0.340
779 44 22 24 0.334
536 47 25 33 0.293
587 20 19 21 0.288
984 30 24 30 0.287
596 107 49 57 0.286
239 184 42 48 0.282
379 94 31 36 0.271
515 380 64 80 0.253
589 56 18 23 0.251
799 21 18 22 0.246
268 3 21 24 0.246
606 237 50 60 0.244
445 64 27 34 0.236
25 0 31 34 0.227
344 131 35 41 0.223
1000 96 24 42 0.214
341 23 26 35 0.209
666 95 31 38 0.203
343 12 23 26 0.195
498 43 20 28 0.183
412 0 23 21 0.180
761 95 27 34 0.173
0 40 11 32 0.171
509 0 27 24 0.169
251 66 26 35 0.165
752 180 46 54 0.163
609 26 19 22 0.158
373 251 53 63 0.156
0 258 32 70 0.153
753 183 64 72 0.150
604 64 45 32 0.149
832 19 20 23 0.138
98 39 48 33 0.130
591 56 32 28 0.128
389 15 21 24 0.120
98 22 26 32 0.119
302 2 18 20 0.115
403 77 27 33 0.113
1011 52 13 26 0.110
878 96 35 38 0.109
881 128 33 42 0.107
3 131 30 74 0.106
934 6 36 32 0.097
613 5 13 16 0.096
122 437 52 67 0.091
621 37 21 24 0.085
951 426 51 69 0.082
130 43 32 39 0.082
285 73 28 36 0.080
535 32 23 29 0.080
808 256 47 61 0.078
750 56 22 26 0.073
956 151 48 49 0.073
592 92 38 46 0.070
69 12 24 28 0.067
964 193 55 84 0.066
493 41 44 29 0.065
86 31 29 33 0.062
72 54 33 40 0.061
671 23 20 36 0.060
565 37 24 72 0.059
966 76 34 40 0.058
129 4 26 34 0.057
57 138 42 50 0.056
780 322 61 68 0.055
577 185 39 46 0.054
980 30 27 52 0.053
378 54 31 35 0.051
946 160 37 44 0.050
509 101 21 32 0.049
123 116 33 44 0.049
536 57 22 29 0.046
344 132 50 56 0.046
981 9 26 32 0.044
795 72 18 26 0.043
948 6 21 26 0.042
778 180 54 54 0.041
478 178 51 60 0.040
591 131 55 58 0.040
662 107 32 42 0.039
945 88 40 49 0.039
534 21 18 19 0.039
72 36 29 34 0.037
759 86 25 30 0.037
531 13 24 35 0.036
584 145 43 46 0.035
0 344 18 73 0.033
960 86 36 46 0.033
797 9 17 19 0.033
375 52 21 31 0.032
533 67 27 33 0.032
783 412 101 102 0.032
72 19 24 34 0.032
366 1 22 19 0.032
599 227 43 58 0.032
669 19 21 24 0.032
298 3 23 32 0.030
1004 45 20 37 0.030
628 323 53 68 0.029
578 16 34 74 0.029
429 20 29 28 0.028
592 208 45 53 0.028
199 69 29 36 0.028
2 30 25 38 0.027
581 190 48 57 0.027
390 3 32 24 0.027
797 127 36 43 0.026
0 37 19 38 0.026
974 70 31 35 0.026
323 14 19 22 0.026
0 86 32 50 0.025
800 326 57 60 0.025
313 108 35 46 0.025
819 0 18 16 0.024
691 81 22 29 0.023
208 234 69 96 0.023
724 195 61 58 0.023
326 86 32 37 0.022
634 194 40 51 0.021
967 37 32 32 0.021
1 108 32 45 0.021
742 57 24 29 0.021
668 84 32 35 0.021
188 75 29 36 0.020
757 52 27 26 0.020
