2_Demonstration_Demonstration_Or_Protest_2_471
32
174 167 95 122 0.882
749 222 74 92 0.863
586 281 64 82 0.842
218 412 35 42 0.764
432 456 30 35 0.735
449 510 30 40 0.707
650 327 46 59 0.704
389 462 30 38 0.689
86 145 59 100 0.685
472 459 26 35 0.682
415 512 30 40 0.658
205 477 28 48 0.649
428 263 51 74 0.616
239 482 34 48 0.603
374 518 26 35 0.596
587 492 30 37 0.579
618 450 27 32 0.571
1008 271 16 70 0.556
471 412 23 30 0.343
385 208 62 77 0.337
621 497 29 37 0.238
574 354 39 48 0.173
203 382 19 25 0.167
586 493 61 38 0.115
258 375 28 38 0.110
238 305 38 47 0.080
266 436 26 39 0.068
527 442 25 37 0.058
483 508 25 37 0.052
444 269 52 70 0.046
818 443 29 37 0.035
520 458 29 40 0.028
