2_Demonstration_Political_Rally_2_816
52
510 29 92 125 0.863
701 493 54 66 0.819
942 578 66 67 0.793
800 559 59 69 0.792
93 430 91 155 0.789
583 110 68 91 0.783
232 428 69 83 0.780
935 449 42 49 0.691
947 482 52 58 0.644
689 464 33 46 0.615
720 432 28 32 0.611
765 434 33 38 0.568
154 407 44 56 0.566
829 486 52 64 0.522
51 294 65 89 0.426
783 428 33 39 0.355
691 426 21 25 0.301
989 446 31 43 0.186
660 496 36 51 0.123
694 459 29 34 0.111
788 424 26 28 0.101
997 400 25 35 0.101
686 432 23 26 0.075
922 392 28 33 0.075
1003 509 21 55 0.074
880 440 29 35 0.067
935 472 44 55 0.052
812 389 13 16 0.040
753 435 33 35 0.037
1000 454 22 39 0.036
740 388 16 20 0.035
735 653 50 35 0.034
830 457 38 44 0.033
904 496 36 46 0.033
828 474 43 53 0.031
1001 431 23 48 0.030
798 480 30 41 0.029
774 408 16 18 0.026
819 463 42 56 0.026
792 391 14 16 0.025
835 504 52 62 0.025
990 405 31 43 0.025
773 410 21 23 0.024
340 333 51 51 0.024
740 389 19 39 0.023
742 413 21 22 0.023
882 429 29 35 0.023
682 436 23 28 0.022
1003 411 20 28 0.022
986 398 29 33 0.022
54 299 48 59 0.020
999 482 25 49 0.020
