2_Demonstration_Demonstration_Or_Protest_2_441
25
233 154 40 47 0.845
855 170 37 44 0.841
611 176 39 47 0.837
329 208 38 45 0.822
0 189 32 40 0.821
403 165 36 45 0.818
287 186 33 41 0.816
932 152 36 47 0.816
789 158 43 53 0.812
500 160 38 55 0.811
110 184 42 51 0.797
570 174 36 47 0.794
853 356 27 30 0.756
721 164 31 42 0.721
497 582 50 49 0.707
316 171 27 37 0.577
138 170 29 35 0.376
452 171 31 39 0.231
992 74 20 24 0.186
905 598 45 39 0.141
50 194 31 34 0.053
498 601 41 34 0.044
83 201 26 34 0.036
68 197 45 37 0.030
679 166 26 33 0.023
