2_Demonstration_Political_Rally_2_90
29
539 269 55 79 0.784
788 381 22 27 0.772
921 377 13 17 0.614
23 314 13 16 0.576
202 355 11 15 0.573
112 360 14 17 0.569
234 378 15 18 0.545
63 320 13 16 0.535
38 369 14 17 0.491
154 363 12 15 0.474
300 363 11 14 0.472
73 297 13 17 0.468
877 379 11 13 0.449
327 369 12 18 0.329
234 353 13 16 0.286
196 336 11 14 0.193
7 327 12 17 0.148
359 372 18 18 0.055
65 311 13 22 0.038
161 362 17 16 0.036
225 381 14 18 0.036
956 328 9 12 0.036
83 375 11 14 0.033
77 422 13 15 0.024
27 308 13 16 0.023
102 386 15 19 0.022
1013 389 11 18 0.021
88 446 14 18 0.021
408 420 8 12 0.020
