2_Demonstration_Demonstration_Or_Protest_2_98
601
363 490 31 40 0.812
288 568 32 41 0.808
863 602 31 47 0.793
559 483 31 40 0.793
378 420 22 32 0.792
605 580 35 44 0.771
412 507 24 30 0.768
662 604 31 43 0.754
332 568 40 49 0.744
195 503 29 35 0.742
631 628 32 27 0.726
325 472 19 31 0.690
514 532 29 36 0.688
278 529 25 33 0.671
888 327 12 15 0.666
674 126 8 10 0.666
975 252 10 13 0.663
68 298 10 13 0.662
443 459 23 31 0.661
31 260 10 12 0.660
893 228 9 12 0.651
76 238 9 12 0.651
105 294 10 14 0.649
934 322 12 16 0.647
998 56 8 10 0.645
579 157 9 12 0.641
590 193 10 12 0.641
961 296 11 15 0.638
137 515 23 29 0.635
980 199 10 12 0.626
579 125 8 11 0.618
726 166 8 10 0.617
756 146 9 11 0.610
254 304 10 13 0.609
24 457 19 31 0.605
350 301 11 13 0.600
991 233 9 12 0.600
706 316 12 16 0.599
417 292 10 13 0.597
25 240 9 11 0.595
932 207 10 13 0.594
76 275 10 13 0.593
960 215 9 12 0.589
896 30 8 11 0.587
19 175 9 11 0.585
620 179 9 11 0.583
302 71 8 11 0.582
517 107 7 9 0.582
133 298 10 13 0.579
526 451 19 24 0.578
943 136 8 10 0.578
389 79 8 11 0.578
225 222 9 10 0.578
514 481 21 28 0.578
818 77 9 11 0.577
528 60 7 10 0.575
783 221 9 12 0.575
387 260 9 11 0.573
870 177 10 12 0.569
160 293 11 14 0.569
337 287 10 12 0.569
762 82 9 11 0.568
526 233 10 12 0.568
73 183 9 11 0.566
254 86 7 9 0.565
56 159 8 9 0.564
422 177 8 10 0.561
183 46 7 9 0.559
793 56 8 10 0.559
751 181 8 11 0.557
549 139 8 10 0.557
151 168 8 10 0.557
644 55 7 9 0.555
926 225 9 12 0.555
579 256 9 11 0.554
908 110 8 10 0.551
696 137 7 9 0.548
12 109 8 11 0.547
409 257 9 11 0.547
290 114 8 9 0.545
119 294 10 13 0.544
590 81 7 9 0.543
837 281 10 13 0.540
275 57 7 8 0.538
361 38 7 9 0.537
54 301 10 13 0.536
864 93 8 11 0.535
497 71 8 11 0.535
173 188 8 11 0.535
104 263 10 12 0.534
166 216 8 11 0.532
555 34 8 9 0.531
440 127 9 10 0.531
492 228 8 9 0.530
122 98 8 10 0.529
153 119 8 9 0.528
2 237 9 11 0.527
485 100 7 10 0.527
280 251 9 11 0.524
356 273 8 11 0.523
198 84 8 10 0.522
32 116 8 9 0.520
524 173 9 11 0.520
312 42 8 9 0.518
518 297 10 13 0.517
578 320 11 15 0.517
416 212 8 10 0.516
133 63 7 9 0.515
833 159 9 10 0.514
477 262 9 11 0.513
677 58 7 9 0.511
411 237 9 10 0.510
807 104 8 11 0.509
59 317 11 13 0.509
163 576 24 35 0.504
956 42 8 10 0.504
698 179 9 11 0.504
94 160 8 10 0.501
856 52 8 10 0.497
557 254 9 11 0.496
630 166 9 11 0.493
421 276 9 11 0.492
949 281 9 12 0.488
173 170 9 11 0.488
468 67 7 9 0.487
34 298 9 12 0.486
147 271 10 12 0.485
850 329 12 14 0.484
452 77 8 9 0.484
925 61 8 9 0.482
276 87 8 10 0.478
724 41 8 9 0.478
188 285 10 12 0.477
195 199 9 10 0.476
108 156 7 10 0.476
480 114 8 10 0.473
116 113 7 10 0.468
704 57 8 8 0.467
594 464 17 20 0.467
353 199 8 11 0.463
472 136 7 9 0.462
536 91 8 10 0.459
244 58 7 8 0.458
756 59 7 8 0.458
12 62 6 9 0.455
922 84 8 10 0.454
1003 334 11 15 0.454
870 252 9 11 0.454
219 98 8 10 0.451
638 129 9 11 0.448
312 262 9 12 0.446
492 60 7 10 0.445
737 63 7 9 0.444
180 124 8 10 0.442
420 196 7 9 0.441
19 97 7 9 0.440
68 97 8 10 0.437
264 101 8 10 0.434
56 280 10 12 0.434
743 256 9 11 0.430
60 59 7 8 0.429
532 248 9 12 0.425
223 547 29 40 0.424
116 63 7 9 0.423
220 304 11 14 0.419
47 513 23 31 0.417
428 56 8 9 0.415
518 80 8 10 0.413
226 605 28 37 0.410
59 177 8 10 0.408
626 57 6 8 0.407
171 84 7 9 0.405
616 111 7 8 0.403
162 63 6 8 0.403
499 630 41 26 0.403
829 62 7 9 0.398
491 252 8 10 0.397
718 87 8 9 0.397
444 237 8 9 0.396
972 141 9 11 0.396
565 577 26 36 0.394
1015 105 8 10 0.392
547 101 9 9 0.391
727 317 12 13 0.384
562 66 7 9 0.382
781 134 8 10 0.378
281 205 6 9 0.377
216 115 8 10 0.376
403 228 8 10 0.373
519 129 8 9 0.369
675 316 11 15 0.364
80 67 7 9 0.362
444 276 9 12 0.361
207 220 8 9 0.361
810 236 9 10 0.359
985 104 8 9 0.358
457 116 7 9 0.357
2 258 9 12 0.356
312 302 10 13 0.354
409 235 9 11 0.350
895 138 8 10 0.350
265 241 7 9 0.348
739 86 8 10 0.344
192 227 9 10 0.343
438 107 8 10 0.343
456 320 10 13 0.340
761 132 8 10 0.339
202 96 7 10 0.339
489 453 18 23 0.338
92 59 7 8 0.325
663 182 8 10 0.323
60 238 9 10 0.323
886 37 8 10 0.321
61 116 7 9 0.319
673 68 7 10 0.316
169 258 9 12 0.314
977 220 8 10 0.313
403 159 8 10 0.309
72 135 8 11 0.303
291 281 10 11 0.301
616 127 8 12 0.301
670 244 10 13 0.300
296 281 10 11 0.299
453 95 7 8 0.299
779 278 10 12 0.296
121 488 19 26 0.295
297 182 9 10 0.295
418 89 8 9 0.286
174 238 9 11 0.281
217 86 6 8 0.281
375 288 9 11 0.279
301 101 8 10 0.277
35 57 7 8 0.275
128 264 10 12 0.272
568 84 8 11 0.270
654 552 21 34 0.266
612 57 8 8 0.265
1002 113 8 10 0.261
1005 201 10 11 0.260
593 283 11 14 0.257
117 256 9 12 0.255
894 66 9 10 0.254
780 97 9 12 0.249
7 478 23 24 0.249
1000 116 8 9 0.245
999 278 9 12 0.244
432 87 8 10 0.241
438 237 10 10 0.240
197 296 10 12 0.240
780 90 9 12 0.237
873 137 8 11 0.231
586 275 9 11 0.230
440 269 9 11 0.230
503 296 12 14 0.229
125 120 8 8 0.227
493 60 8 12 0.227
391 159 8 9 0.226
643 78 9 10 0.226
595 95 8 12 0.223
50 47 7 8 0.214
327 204 7 10 0.212
235 107 8 9 0.211
689 87 8 8 0.208
535 217 7 9 0.208
711 134 8 10 0.202
496 124 8 10 0.201
189 286 13 15 0.195
469 301 10 13 0.194
589 279 12 15 0.193
804 255 9 11 0.193
620 175 11 15 0.191
555 268 8 12 0.188
971 80 8 9 0.188
391 182 7 9 0.186
615 57 10 8 0.178
352 202 8 9 0.178
215 165 8 10 0.178
45 276 10 12 0.173
458 164 8 10 0.172
1003 108 9 9 0.171
863 280 10 14 0.168
528 61 10 10 0.167
212 97 14 11 0.167
726 186 8 12 0.166
626 73 8 9 0.164
773 252 9 11 0.163
520 131 8 10 0.163
512 296 14 15 0.163
496 294 12 14 0.163
156 228 8 10 0.162
549 66 8 9 0.161
391 462 16 23 0.160
77 268 11 25 0.159
142 187 8 10 0.154
67 276 24 13 0.153
404 44 8 10 0.150
490 293 10 14 0.148
102 62 7 9 0.148
513 265 8 10 0.148
556 251 9 22 0.147
448 418 17 23 0.145
65 297 11 20 0.144
26 81 8 9 0.142
100 294 26 14 0.142
613 147 8 10 0.141
45 80 7 9 0.141
127 198 7 9 0.140
326 442 16 24 0.138
954 62 7 10 0.136
420 178 9 24 0.135
593 513 19 26 0.130
833 131 9 10 0.129
563 61 7 21 0.129
430 52 8 9 0.124
686 244 10 12 0.124
1 431 16 23 0.123
495 344 10 12 0.123
99 158 20 10 0.122
151 227 14 10 0.121
228 105 9 10 0.120
586 517 26 29 0.120
528 163 10 11 0.120
977 214 10 17 0.119
3 260 10 12 0.117
382 261 12 11 0.115
83 499 19 23 0.114
257 255 8 10 0.113
110 233 8 9 0.113
581 525 24 28 0.110
0 131 7 10 0.109
587 457 20 22 0.109
122 260 10 12 0.108
150 225 9 12 0.108
72 141 7 10 0.107
469 281 9 11 0.106
853 213 9 10 0.106
88 60 17 9 0.106
250 116 7 10 0.106
805 127 9 12 0.106
409 105 8 10 0.105
637 147 9 11 0.104
70 129 9 16 0.104
311 406 10 14 0.103
674 245 17 12 0.102
109 62 18 10 0.101
56 262 9 13 0.101
591 460 22 35 0.100
14 463 26 32 0.099
217 99 7 28 0.098
573 221 8 10 0.098
736 62 22 8 0.097
593 85 8 10 0.097
104 515 26 30 0.097
579 81 23 10 0.097
556 263 10 14 0.096
211 167 7 9 0.096
328 415 10 13 0.095
118 234 12 10 0.094
830 137 9 12 0.090
817 313 10 13 0.090
376 293 8 10 0.089
201 293 17 13 0.089
740 113 8 10 0.089
709 57 6 8 0.088
529 240 11 15 0.088
259 245 8 20 0.087
579 449 14 18 0.087
553 282 11 14 0.084
52 49 10 17 0.084
121 236 7 9 0.084
908 545 23 33 0.083
199 222 10 11 0.083
251 276 9 11 0.082
188 154 7 10 0.081
42 46 16 16 0.081
468 282 10 24 0.081
270 310 10 12 0.081
29 253 11 20 0.080
289 279 9 15 0.080
941 139 8 8 0.080
742 86 9 12 0.079
337 272 8 11 0.079
93 244 8 10 0.078
832 134 10 15 0.078
166 592 21 36 0.077
465 64 11 22 0.077
824 58 7 9 0.077
223 279 10 11 0.077
929 208 10 30 0.077
415 87 8 21 0.077
11 60 7 9 0.076
356 90 9 12 0.075
351 347 8 9 0.074
740 79 9 14 0.074
566 88 8 10 0.074
808 236 7 10 0.074
172 488 21 25 0.074
433 107 10 9 0.074
474 165 7 8 0.073
198 83 16 17 0.073
308 241 10 12 0.072
299 180 7 9 0.072
298 280 12 18 0.071
865 282 11 14 0.071
25 452 18 25 0.071
530 221 9 14 0.070
770 53 9 9 0.070
470 284 11 17 0.070
576 321 10 14 0.069
520 65 7 23 0.069
417 283 16 20 0.069
452 452 16 26 0.069
942 97 10 14 0.068
220 536 27 39 0.068
5 256 8 12 0.067
54 255 9 20 0.064
417 88 23 9 0.064
248 58 6 8 0.064
498 128 7 10 0.063
40 518 21 29 0.063
730 128 8 11 0.063
837 137 7 12 0.063
166 255 10 12 0.062
77 157 7 24 0.062
675 165 9 10 0.062
135 294 12 14 0.061
301 71 7 20 0.061
372 99 9 8 0.061
146 97 7 10 0.060
147 219 9 13 0.060
489 283 9 14 0.060
614 56 21 9 0.060
519 438 16 22 0.060
427 83 9 10 0.060
737 87 7 9 0.058
797 295 9 11 0.057
619 110 6 9 0.057
213 290 12 17 0.057
665 239 10 13 0.056
160 586 27 57 0.056
213 116 7 12 0.056
1011 308 12 15 0.056
694 178 14 14 0.055
691 80 7 17 0.055
387 200 13 12 0.055
160 612 27 41 0.055
763 55 10 10 0.054
385 204 9 10 0.054
234 553 22 34 0.053
521 261 13 11 0.053
133 270 14 63 0.053
8 68 7 19 0.053
393 199 8 11 0.052
423 86 12 23 0.051
355 94 9 11 0.050
841 612 29 38 0.050
211 137 9 11 0.049
319 287 8 15 0.048
81 168 12 18 0.048
980 209 10 14 0.048
214 316 11 13 0.047
243 102 15 22 0.047
489 295 25 14 0.047
558 212 9 10 0.046
511 266 10 13 0.046
18 142 8 10 0.046
565 269 13 12 0.046
305 69 8 11 0.046
91 245 8 10 0.046
594 279 12 15 0.046
312 309 10 12 0.046
37 295 31 29 0.045
0 305 9 14 0.044
374 203 14 11 0.044
248 100 10 16 0.044
396 172 13 15 0.044
408 36 6 19 0.043
411 216 11 14 0.043
59 278 12 72 0.043
403 435 16 21 0.042
305 101 8 21 0.042
714 99 9 13 0.042
596 105 9 12 0.042
109 499 21 27 0.041
520 446 19 28 0.040
35 116 8 9 0.040
73 140 8 23 0.040
575 414 15 15 0.040
136 192 14 15 0.039
128 192 17 17 0.039
676 307 12 18 0.039
804 248 12 17 0.038
902 213 7 10 0.038
216 322 10 12 0.037
255 495 21 28 0.037
1004 199 9 11 0.037
499 72 7 25 0.037
469 275 11 23 0.036
76 279 10 15 0.036
470 303 12 15 0.036
183 124 7 9 0.036
784 279 10 12 0.036
560 212 11 14 0.036
553 456 16 19 0.035
997 51 9 11 0.035
209 229 9 10 0.035
48 243 11 10 0.035
1 504 13 22 0.035
731 602 25 34 0.034
207 281 13 13 0.034
162 80 12 11 0.034
702 54 9 10 0.034
215 597 34 41 0.034
586 79 13 9 0.034
789 51 12 11 0.034
308 407 25 17 0.034
443 280 8 11 0.033
76 67 10 10 0.033
999 121 7 11 0.033
0 200 7 12 0.033
832 127 8 12 0.033
907 103 10 18 0.032
154 197 11 15 0.032
494 449 15 22 0.032
823 185 7 9 0.031
322 278 9 18 0.031
724 626 25 29 0.031
885 156 9 12 0.031
369 288 11 13 0.031
549 136 7 10 0.031
815 309 14 20 0.031
739 114 8 12 0.030
631 171 8 11 0.030
649 557 24 40 0.030
928 113 12 11 0.030
46 46 7 9 0.030
376 98 10 9 0.030
595 478 18 26 0.030
44 74 11 16 0.030
250 120 8 11 0.029
929 572 27 38 0.029
931 111 12 15 0.029
84 64 12 11 0.029
851 326 10 12 0.029
137 322 10 12 0.029
292 361 13 23 0.029
891 176 9 11 0.028
229 159 7 9 0.028
6 75 8 22 0.027
814 236 7 9 0.027
276 55 7 8 0.027
871 169 10 18 0.027
609 84 8 10 0.027
128 519 28 33 0.027
99 195 7 11 0.027
400 108 13 8 0.027
7 300 10 13 0.027
565 253 29 19 0.026
220 276 10 11 0.026
584 451 19 22 0.026
97 192 8 12 0.026
579 424 14 52 0.026
98 503 25 26 0.026
850 334 14 17 0.025
870 176 20 12 0.025
487 467 21 25 0.025
0 139 7 12 0.025
404 159 14 8 0.025
847 218 8 9 0.025
528 225 11 15 0.024
543 64 11 23 0.024
337 251 8 12 0.024
489 473 22 28 0.023
1017 374 7 14 0.023
0 99 9 11 0.023
122 82 7 15 0.023
382 297 9 11 0.023
430 311 8 11 0.023
1011 201 9 13 0.023
553 268 11 30 0.023
1007 316 11 16 0.023
1009 149 7 9 0.023
712 104 8 12 0.023
384 259 21 14 0.022
0 494 17 41 0.022
124 194 8 11 0.022
286 295 9 11 0.022
492 126 11 18 0.022
190 197 14 13 0.022
0 521 9 33 0.022
809 103 11 11 0.022
314 204 13 11 0.022
602 272 10 12 0.021
892 31 12 13 0.021
610 71 11 17 0.021
527 142 9 27 0.021
650 609 33 41 0.020
1018 77 6 12 0.020
0 505 11 29 0.020
351 349 7 11 0.020
517 436 13 19 0.020
