2_Demonstration_Demonstration_Or_Protest_2_385
404
286 534 30 43 0.829
755 470 26 34 0.827
583 455 21 27 0.804
679 554 35 41 0.803
687 462 22 30 0.803
736 421 21 25 0.789
616 494 26 29 0.789
506 538 31 36 0.781
780 458 22 26 0.771
132 500 22 29 0.769
214 468 26 29 0.767
100 518 25 31 0.746
360 452 25 32 0.744
973 425 19 23 0.742
324 425 19 23 0.740
398 531 27 37 0.740
82 451 25 30 0.737
820 390 14 17 0.714
635 414 14 21 0.703
807 429 18 21 0.697
939 459 19 29 0.695
189 520 31 37 0.694
21 546 26 40 0.686
593 385 14 18 0.679
336 467 20 29 0.677
874 392 15 16 0.667
884 484 24 32 0.666
456 410 13 19 0.664
570 415 16 19 0.663
724 478 20 25 0.650
785 385 12 15 0.649
546 386 12 15 0.639
474 374 11 14 0.635
354 402 14 16 0.634
739 365 10 14 0.624
986 366 11 13 0.622
864 418 17 20 0.619
767 400 13 17 0.606
687 407 15 19 0.602
538 413 18 18 0.598
917 416 14 18 0.588
164 401 16 20 0.576
716 371 12 15 0.567
74 345 12 14 0.560
830 592 32 47 0.550
805 367 10 12 0.546
143 434 13 20 0.543
204 394 16 18 0.543
592 365 13 14 0.528
670 379 13 14 0.524
176 381 14 17 0.505
863 457 22 28 0.503
699 378 13 16 0.500
809 346 9 11 0.488
295 365 9 12 0.467
94 389 17 21 0.450
514 361 9 10 0.448
397 486 22 26 0.438
295 401 13 16 0.435
24 359 11 12 0.433
847 358 9 10 0.425
707 355 12 14 0.418
1013 367 11 14 0.417
209 356 9 10 0.398
611 392 14 18 0.391
464 354 10 12 0.389
254 346 9 12 0.377
785 346 9 11 0.377
620 342 9 12 0.374
0 421 11 22 0.362
518 380 11 12 0.362
959 356 8 10 0.354
877 353 8 11 0.351
181 355 9 9 0.346
1 345 9 11 0.337
79 385 13 17 0.330
428 368 11 14 0.326
633 356 10 12 0.322
241 365 9 11 0.317
23 399 14 17 0.313
373 350 8 10 0.313
313 402 13 15 0.305
731 350 12 12 0.298
848 345 9 11 0.295
475 391 12 15 0.295
384 361 10 13 0.294
622 407 14 19 0.294
977 353 9 11 0.294
533 349 9 10 0.291
456 392 14 15 0.290
679 348 10 12 0.287
503 343 8 10 0.287
554 343 8 10 0.270
983 340 9 10 0.269
356 353 8 10 0.269
649 380 13 15 0.267
127 369 9 12 0.258
209 375 11 12 0.256
817 337 9 12 0.246
527 336 9 11 0.235
891 338 9 11 0.234
401 385 13 16 0.232
732 324 8 11 0.231
889 474 23 32 0.228
454 370 10 13 0.228
663 354 10 12 0.222
615 412 18 18 0.222
223 358 10 11 0.222
592 361 12 28 0.222
23 378 13 15 0.213
264 367 10 12 0.212
1010 347 8 10 0.212
901 345 9 11 0.211
128 402 14 15 0.210
589 336 9 10 0.206
326 365 10 13 0.202
827 458 18 24 0.200
265 376 11 17 0.200
953 339 10 11 0.199
191 465 17 25 0.199
429 328 7 11 0.198
647 360 11 13 0.196
411 403 14 17 0.191
957 336 9 11 0.190
402 356 10 12 0.190
272 336 8 11 0.189
272 398 11 15 0.188
420 362 10 11 0.187
607 413 12 15 0.186
413 343 8 9 0.183
75 400 12 19 0.182
443 362 10 11 0.181
737 397 13 17 0.180
265 383 12 18 0.180
301 403 28 15 0.179
482 389 12 15 0.178
436 352 10 13 0.171
627 414 17 22 0.168
284 344 10 11 0.167
392 390 12 16 0.166
372 325 7 9 0.166
524 379 11 13 0.165
325 346 9 11 0.163
613 390 15 28 0.163
707 343 12 19 0.161
221 387 12 13 0.159
554 442 14 20 0.159
114 328 8 10 0.154
346 417 12 15 0.154
155 368 10 11 0.154
763 354 10 10 0.152
118 669 30 26 0.151
151 352 10 12 0.150
955 349 10 13 0.150
447 339 9 11 0.144
170 337 9 10 0.141
491 366 10 12 0.140
220 452 22 19 0.140
509 475 29 34 0.140
966 318 7 10 0.138
660 380 25 17 0.137
109 453 15 19 0.136
848 344 8 23 0.134
705 371 35 17 0.133
452 393 13 19 0.130
518 325 8 12 0.129
474 331 9 10 0.129
999 333 7 16 0.125
838 321 6 22 0.121
862 321 8 21 0.120
580 357 12 14 0.120
470 329 9 11 0.120
685 335 11 11 0.119
99 379 12 14 0.119
235 338 8 16 0.117
68 449 16 26 0.116
435 362 17 13 0.116
406 397 17 20 0.116
184 353 10 12 0.115
602 328 13 11 0.115
734 327 8 10 0.113
980 345 11 17 0.111
556 445 17 20 0.108
302 324 7 10 0.108
91 452 24 22 0.107
809 339 17 13 0.105
390 331 8 20 0.105
578 350 13 18 0.104
909 362 12 12 0.103
717 329 9 22 0.102
27 475 23 30 0.101
907 363 10 12 0.099
525 329 11 20 0.095
229 355 10 14 0.095
471 83 8 9 0.095
281 399 16 16 0.094
471 374 23 15 0.091
404 378 14 15 0.090
1014 324 7 22 0.089
318 399 14 14 0.086
1014 310 8 10 0.086
760 355 11 11 0.085
824 348 15 12 0.085
614 318 7 15 0.084
924 350 9 17 0.083
404 507 24 32 0.082
1014 309 7 19 0.082
564 347 11 15 0.081
356 351 8 19 0.081
401 485 24 39 0.080
5 324 10 10 0.079
394 383 18 23 0.079
337 398 20 19 0.079
999 316 10 12 0.079
209 379 23 17 0.078
686 325 8 25 0.077
516 372 12 22 0.076
928 322 8 23 0.075
42 349 11 12 0.074
256 424 19 23 0.074
691 376 38 18 0.073
273 356 11 13 0.072
718 321 9 22 0.071
334 395 16 18 0.070
469 330 18 9 0.069
902 344 22 10 0.068
921 356 12 13 0.066
158 367 15 13 0.066
490 386 14 13 0.066
703 306 7 20 0.065
261 391 12 15 0.065
180 379 13 17 0.065
1016 327 6 29 0.065
703 332 12 81 0.065
928 353 13 13 0.065
872 331 9 29 0.064
896 474 16 25 0.063
927 325 12 15 0.061
1001 289 6 21 0.061
734 396 13 15 0.061
265 368 12 47 0.060
203 356 32 11 0.060
889 337 19 16 0.059
1000 292 7 8 0.059
35 375 9 13 0.059
628 348 15 26 0.058
484 329 16 8 0.058
158 319 9 21 0.058
17 384 15 19 0.057
223 378 11 16 0.056
736 335 11 14 0.056
422 358 18 30 0.055
758 331 9 23 0.055
316 403 14 16 0.055
102 344 12 16 0.055
388 365 11 15 0.054
537 384 16 15 0.054
491 403 11 15 0.053
560 375 11 16 0.052
222 362 34 11 0.052
341 369 11 12 0.051
204 469 25 27 0.051
715 376 14 18 0.050
326 344 12 19 0.050
301 352 8 11 0.050
768 362 12 15 0.050
386 404 15 19 0.050
139 337 8 10 0.049
723 366 12 16 0.049
333 368 15 12 0.049
652 319 12 26 0.047
664 350 24 15 0.047
877 388 19 19 0.046
734 327 9 43 0.045
121 367 16 16 0.045
899 377 15 18 0.045
420 349 23 21 0.044
936 357 11 13 0.044
340 414 17 19 0.044
869 299 7 8 0.044
989 349 21 11 0.043
488 398 13 16 0.043
719 310 6 30 0.043
32 505 27 35 0.043
717 305 9 9 0.042
580 437 25 52 0.042
625 450 19 25 0.042
21 348 10 19 0.041
110 443 17 27 0.041
921 414 15 19 0.041
86 339 20 12 0.040
484 386 16 23 0.040
91 512 31 33 0.039
366 374 11 13 0.039
612 315 12 31 0.038
641 324 17 19 0.038
114 424 15 18 0.038
341 361 13 23 0.037
283 330 9 35 0.037
159 310 9 9 0.037
261 349 14 53 0.037
934 271 7 8 0.036
963 311 7 43 0.036
1015 477 9 35 0.036
30 485 25 50 0.036
785 340 23 17 0.036
861 321 18 25 0.035
698 326 24 14 0.035
896 323 10 32 0.034
44 516 30 33 0.034
36 365 11 18 0.034
605 339 9 26 0.034
552 310 6 31 0.034
1010 374 10 14 0.034
194 390 18 20 0.034
664 328 13 35 0.033
70 342 13 18 0.033
326 341 25 10 0.033
574 317 16 29 0.033
6 341 25 13 0.033
66 440 18 27 0.033
452 355 14 76 0.033
549 548 20 27 0.032
833 359 22 10 0.032
997 317 12 32 0.032
609 464 23 22 0.032
905 340 19 28 0.032
435 333 13 36 0.032
103 332 10 33 0.032
49 336 10 15 0.032
865 300 7 7 0.031
678 348 20 15 0.031
402 360 21 73 0.031
681 322 13 50 0.031
649 326 17 27 0.031
498 323 14 23 0.030
482 427 15 19 0.030
101 456 21 21 0.030
902 373 15 20 0.030
963 319 16 22 0.029
590 307 6 30 0.029
531 327 27 16 0.029
946 459 18 30 0.029
921 328 13 34 0.029
771 366 12 13 0.029
1008 455 13 17 0.028
537 326 16 34 0.028
730 401 17 18 0.028
28 325 8 9 0.028
800 316 9 35 0.027
888 322 10 31 0.027
712 308 23 127 0.027
601 322 14 37 0.027
265 375 17 62 0.027
884 299 7 8 0.026
836 313 8 31 0.026
665 408 14 19 0.026
786 377 15 22 0.026
905 317 11 30 0.026
76 512 23 25 0.026
94 346 18 12 0.025
759 318 9 30 0.025
580 351 30 103 0.025
725 399 15 16 0.025
812 295 9 28 0.025
902 383 14 16 0.025
821 359 19 12 0.025
43 333 11 34 0.024
664 398 14 21 0.024
843 358 24 12 0.024
140 331 14 25 0.024
622 320 21 26 0.024
549 355 15 17 0.024
777 322 15 24 0.024
501 335 36 19 0.024
326 316 7 11 0.023
193 312 7 25 0.023
344 334 18 23 0.023
145 313 9 23 0.023
593 297 7 8 0.023
387 410 16 21 0.023
940 361 17 15 0.023
218 393 16 22 0.022
5 319 15 24 0.022
47 429 19 24 0.022
323 360 26 24 0.022
298 314 12 31 0.022
23 354 25 15 0.022
693 408 14 18 0.021
586 313 14 42 0.021
683 325 32 18 0.021
137 372 18 13 0.021
906 305 13 30 0.021
538 545 29 30 0.021
898 298 7 10 0.021
964 311 14 21 0.021
402 344 25 28 0.021
772 363 20 15 0.021
304 314 6 19 0.021
490 341 11 29 0.021
696 306 14 27 0.021
815 335 14 19 0.020
71 516 23 28 0.020
53 518 28 32 0.020
