2_Demonstration_Demonstration_Or_Protest_2_402
25
477 123 46 54 0.835
608 112 53 61 0.793
314 155 58 63 0.784
797 126 59 65 0.779
670 139 62 66 0.778
388 112 55 60 0.776
184 153 59 65 0.772
836 47 39 49 0.367
911 8 28 34 0.199
156 97 35 48 0.076
770 7 24 31 0.073
977 14 15 23 0.058
974 113 15 21 0.054
993 116 11 15 0.038
152 153 30 46 0.038
615 21 26 33 0.037
169 92 25 39 0.037
979 94 15 20 0.034
975 12 22 32 0.031
968 72 14 19 0.031
978 116 25 16 0.030
833 36 29 41 0.029
982 106 21 23 0.027
847 36 31 46 0.026
966 76 17 23 0.023
