2_Demonstration_Political_Rally_2_107
42
171 589 58 77 0.848
228 490 29 35 0.758
235 559 45 53 0.743
736 558 34 42 0.667
861 503 22 34 0.587
131 508 31 45 0.580
923 538 19 23 0.573
629 512 98 111 0.551
522 541 58 85 0.508
284 491 18 31 0.293
782 622 42 60 0.268
261 493 23 32 0.267
652 630 128 53 0.255
0 469 68 104 0.200
205 485 20 25 0.196
128 581 43 55 0.165
961 592 26 38 0.144
158 523 30 37 0.118
898 536 23 29 0.114
819 517 12 15 0.106
799 556 25 32 0.101
791 498 13 14 0.093
139 517 33 41 0.084
974 538 17 22 0.074
226 629 41 54 0.067
769 533 15 21 0.050
764 504 11 15 0.047
879 611 43 61 0.044
786 607 60 72 0.037
948 539 49 23 0.033
726 492 10 11 0.031
149 526 31 38 0.030
737 498 11 13 0.030
165 526 33 38 0.026
794 485 10 13 0.026
712 516 20 35 0.026
121 505 32 51 0.024
289 502 20 29 0.022
100 636 47 37 0.021
921 640 52 41 0.021
285 649 72 34 0.021
893 514 16 21 0.020
