2_Demonstration_Demonstrators_2_545
114
254 497 39 47 0.778
414 453 29 37 0.754
62 493 38 48 0.751
67 430 30 40 0.738
290 433 30 36 0.736
403 405 18 22 0.718
256 404 23 30 0.669
362 420 20 26 0.657
796 410 20 29 0.649
149 419 30 33 0.610
760 357 17 21 0.530
213 382 15 19 0.524
743 327 14 17 0.499
102 393 25 31 0.478
194 411 22 28 0.471
919 349 17 19 0.413
690 300 14 18 0.401
859 333 15 18 0.343
352 367 13 16 0.337
789 351 12 15 0.336
265 352 15 17 0.300
831 368 23 27 0.281
50 323 15 19 0.279
882 439 23 36 0.259
114 350 15 18 0.255
130 326 15 16 0.241
425 367 14 17 0.238
176 348 13 16 0.234
726 393 15 17 0.214
295 359 18 20 0.210
390 305 11 13 0.163
46 366 16 19 0.160
244 402 22 28 0.113
921 289 12 15 0.113
159 322 11 14 0.108
91 344 16 20 0.102
855 334 14 16 0.100
81 379 18 22 0.100
324 352 12 14 0.096
948 364 13 16 0.094
432 331 11 13 0.092
930 417 19 25 0.092
356 294 10 12 0.092
153 417 45 34 0.090
706 342 12 16 0.088
826 315 11 14 0.085
337 352 14 15 0.081
295 367 18 19 0.080
208 319 11 14 0.077
181 348 14 15 0.077
289 359 15 17 0.075
769 339 13 15 0.073
324 431 19 25 0.071
842 377 21 29 0.069
110 335 24 40 0.068
828 370 17 22 0.068
102 318 12 15 0.067
394 350 14 17 0.066
267 357 53 20 0.062
236 354 14 16 0.062
829 347 11 14 0.060
439 352 11 15 0.056
839 368 21 25 0.055
419 361 14 15 0.055
906 379 19 21 0.055
740 285 11 13 0.054
825 285 12 15 0.053
385 373 16 19 0.052
899 300 12 15 0.051
246 376 15 17 0.049
84 308 11 13 0.049
47 373 19 24 0.047
359 414 20 25 0.047
777 341 16 19 0.044
440 310 11 13 0.043
763 344 27 25 0.042
805 332 12 14 0.040
346 339 13 15 0.040
896 313 15 18 0.040
307 408 21 27 0.040
51 381 17 21 0.039
161 319 12 14 0.038
309 294 10 11 0.037
852 300 12 15 0.036
214 354 13 16 0.036
744 306 12 22 0.036
735 368 34 32 0.035
842 387 23 29 0.034
300 359 17 16 0.034
897 303 15 20 0.032
93 394 24 28 0.032
726 310 12 15 0.032
405 388 23 85 0.031
742 301 12 16 0.030
240 365 15 22 0.028
700 319 13 19 0.026
243 318 13 15 0.026
790 411 18 26 0.024
395 354 15 21 0.024
433 320 13 36 0.024
824 296 12 15 0.024
869 409 25 31 0.024
856 315 15 41 0.023
773 277 10 14 0.023
152 429 30 32 0.023
151 347 12 16 0.023
252 373 20 66 0.022
1016 293 8 23 0.022
342 319 10 14 0.022
314 314 13 15 0.022
380 373 14 16 0.022
277 264 11 14 0.022
389 347 17 49 0.021
238 333 13 46 0.020
