2_Demonstration_Demonstration_Or_Protest_2_200
107
807 494 57 55 0.837
852 324 40 51 0.835
278 218 36 46 0.829
790 382 45 52 0.814
72 265 37 49 0.801
13 366 40 49 0.798
86 129 31 42 0.792
884 163 28 38 0.777
178 222 31 38 0.776
842 131 25 28 0.760
224 189 29 38 0.745
389 221 21 35 0.741
670 377 48 70 0.741
940 300 43 51 0.739
951 175 33 39 0.725
285 167 26 33 0.717
314 361 42 58 0.713
400 47 15 21 0.713
23 69 15 21 0.686
310 97 15 18 0.672
355 155 22 27 0.653
462 10 14 17 0.652
275 66 14 19 0.650
679 35 21 24 0.622
542 167 20 30 0.606
1004 77 20 33 0.552
90 30 12 18 0.547
356 23 15 18 0.539
904 116 21 23 0.503
395 167 24 29 0.503
894 295 35 44 0.492
904 0 15 16 0.466
401 483 53 57 0.432
352 118 16 22 0.429
287 81 16 21 0.408
501 5 13 17 0.404
365 113 17 21 0.366
925 74 20 24 0.341
17 126 21 26 0.341
405 137 18 21 0.316
1 90 16 23 0.305
357 114 19 22 0.279
527 80 12 18 0.238
502 162 22 26 0.209
788 90 18 23 0.186
1 14 10 13 0.166
657 374 39 60 0.149
1008 25 16 19 0.139
409 495 57 54 0.113
353 0 11 13 0.108
650 34 16 21 0.107
52 254 31 39 0.105
812 0 13 8 0.101
14 109 19 42 0.092
399 140 22 24 0.086
758 345 39 55 0.079
354 121 18 26 0.075
27 40 11 13 0.075
33 133 19 25 0.070
298 350 35 45 0.057
843 192 27 32 0.055
0 46 7 13 0.054
673 36 19 23 0.046
753 360 41 52 0.045
914 114 19 25 0.044
316 79 14 21 0.042
873 22 15 19 0.040
389 154 21 28 0.039
314 93 16 20 0.039
764 337 36 44 0.039
83 10 11 14 0.037
903 152 21 28 0.037
807 0 16 17 0.036
271 210 30 41 0.036
343 203 26 32 0.035
899 114 19 23 0.035
788 81 18 24 0.034
667 200 79 69 0.032
523 112 15 23 0.032
361 141 17 22 0.031
913 393 43 47 0.030
48 257 24 33 0.030
28 136 20 25 0.029
262 206 21 31 0.028
474 31 14 14 0.027
410 140 15 21 0.027
397 468 47 58 0.027
117 260 26 33 0.027
576 18 15 22 0.026
658 35 26 23 0.026
754 76 17 27 0.025
525 23 14 19 0.025
11 42 13 14 0.025
485 39 14 16 0.025
33 141 19 26 0.024
945 10 11 14 0.024
757 71 14 21 0.024
389 145 18 25 0.024
549 190 15 22 0.023
461 14 20 20 0.023
512 167 25 30 0.023
146 196 28 33 0.022
144 203 21 31 0.022
180 212 38 40 0.022
927 80 19 25 0.021
653 367 37 49 0.020
57 69 19 24 0.020
