2_Demonstration_Demonstrators_2_41
25
395 373 95 167 0.855
205 190 49 57 0.837
405 183 42 50 0.824
635 441 40 57 0.816
955 500 46 60 0.810
255 91 35 41 0.792
820 494 49 58 0.761
889 515 11 14 0.573
561 546 17 21 0.407
541 488 18 20 0.240
145 551 7 9 0.115
759 500 19 21 0.115
906 446 7 9 0.071
880 538 11 12 0.035
166 550 7 10 0.035
487 497 14 18 0.033
744 560 9 10 0.032
836 503 39 45 0.030
1008 551 15 24 0.029
858 22 25 40 0.027
95 529 8 9 0.025
84 541 7 10 0.024
522 548 14 14 0.024
142 549 8 10 0.021
514 549 11 13 0.021
