2_Demonstration_Demonstration_Or_Protest_2_367
25
387 247 71 87 0.850
783 350 47 55 0.810
506 245 46 55 0.810
122 261 27 32 0.806
307 303 22 29 0.788
260 276 28 38 0.760
40 274 25 36 0.760
202 272 17 22 0.741
181 305 34 40 0.722
50 251 20 25 0.701
90 260 18 22 0.653
455 230 40 49 0.486
335 307 15 21 0.346
294 285 17 20 0.167
234 275 18 25 0.105
344 283 15 18 0.086
677 267 56 71 0.086
22 251 17 19 0.060
0 233 8 28 0.044
19 250 18 30 0.040
0 253 8 33 0.027
357 298 18 21 0.024
235 272 15 19 0.024
238 279 17 26 0.022
338 302 35 22 0.021
