2_Demonstration_Demonstrators_2_290
41
170 364 85 92 0.865
505 561 97 109 0.853
411 145 80 105 0.843
697 165 68 95 0.842
728 502 55 72 0.832
860 463 52 67 0.823
635 480 45 43 0.765
19 494 23 29 0.747
458 504 25 33 0.717
380 506 18 23 0.650
481 492 19 21 0.588
935 448 23 25 0.514
360 506 14 17 0.485
413 504 14 21 0.481
562 501 26 29 0.383
1003 449 21 87 0.262
412 512 17 22 0.262
702 489 12 13 0.184
248 467 26 33 0.175
22 444 9 12 0.170
425 489 12 16 0.102
515 502 12 13 0.101
359 506 40 20 0.097
402 492 12 16 0.066
401 603 30 37 0.050
545 500 25 23 0.050
542 501 14 18 0.038
1008 451 16 56 0.037
339 491 14 18 0.035
419 491 18 17 0.034
55 523 22 27 0.033
999 468 20 78 0.028
258 376 17 20 0.026
29 625 19 25 0.026
370 501 16 18 0.026
257 474 21 25 0.025
338 488 12 14 0.024
361 489 11 13 0.022
19 446 11 16 0.021
245 447 23 30 0.021
406 492 14 13 0.021
