2_Demonstration_Protesters_2_684
480
910 414 19 23 0.763
870 431 21 25 0.730
110 497 16 23 0.718
773 412 14 18 0.705
662 442 17 20 0.703
950 475 24 27 0.696
563 467 18 22 0.696
736 435 17 21 0.687
682 544 22 28 0.669
307 388 14 18 0.667
230 422 17 19 0.657
739 376 13 16 0.655
206 371 12 16 0.652
693 361 13 16 0.642
536 373 12 15 0.628
831 453 17 20 0.624
849 572 55 63 0.613
78 400 14 17 0.613
358 433 15 17 0.596
419 337 11 15 0.590
522 424 16 19 0.587
649 348 11 13 0.580
465 336 11 14 0.577
886 333 12 15 0.576
305 494 17 22 0.575
755 327 10 12 0.570
1005 335 12 15 0.570
338 352 11 13 0.567
546 350 10 13 0.565
398 327 10 12 0.561
372 351 11 15 0.552
617 346 13 16 0.544
858 387 15 18 0.539
690 329 9 12 0.538
165 348 10 13 0.535
792 556 23 27 0.517
575 360 11 13 0.514
570 342 10 12 0.507
365 371 10 14 0.503
200 344 10 12 0.500
306 343 9 12 0.500
397 358 10 13 0.492
1005 311 12 14 0.490
447 375 14 18 0.479
750 479 19 21 0.478
829 324 12 14 0.477
310 323 9 11 0.476
41 360 10 12 0.465
615 421 14 16 0.445
808 306 10 13 0.442
604 480 18 18 0.430
816 337 11 13 0.430
506 323 8 11 0.421
465 366 15 19 0.420
325 370 11 14 0.417
2 478 19 24 0.412
383 315 9 11 0.409
992 329 11 13 0.405
478 317 9 11 0.404
394 384 15 16 0.403
856 364 11 14 0.387
381 334 9 12 0.379
501 353 11 14 0.373
208 323 9 11 0.370
573 321 11 13 0.363
647 328 10 12 0.363
603 330 10 12 0.361
147 335 9 11 0.356
186 340 9 11 0.352
830 344 11 13 0.351
295 317 8 11 0.351
997 288 10 11 0.346
731 295 8 9 0.345
600 369 12 12 0.343
959 272 7 10 0.329
591 314 9 11 0.328
114 356 11 14 0.326
268 316 9 12 0.325
277 381 10 12 0.325
336 332 10 12 0.323
441 323 10 12 0.318
991 271 9 11 0.316
500 299 9 11 0.315
979 303 11 14 0.309
8 370 12 14 0.306
477 442 13 17 0.305
414 292 8 11 0.301
178 325 8 11 0.291
292 356 11 15 0.291
252 335 10 11 0.290
308 306 10 11 0.276
95 363 10 13 0.273
920 295 9 10 0.273
0 354 7 13 0.266
868 306 9 11 0.265
908 283 8 10 0.265
837 308 10 11 0.258
939 280 9 10 0.257
887 291 10 13 0.256
726 345 12 14 0.252
982 390 18 21 0.246
501 273 8 10 0.244
0 475 16 22 0.242
508 344 10 12 0.240
876 321 10 12 0.239
667 355 12 14 0.236
423 378 14 15 0.236
479 337 11 15 0.233
950 296 10 11 0.233
541 312 10 11 0.231
239 328 9 11 0.228
529 326 10 12 0.226
429 302 9 11 0.226
930 358 15 18 0.224
289 302 8 9 0.223
707 296 8 10 0.221
359 328 10 11 0.218
351 316 10 12 0.214
14 332 10 11 0.212
532 324 11 13 0.212
371 299 8 11 0.211
614 299 9 10 0.209
143 315 10 11 0.208
122 344 10 11 0.208
826 290 9 10 0.198
712 496 17 23 0.197
976 271 7 9 0.195
67 601 21 36 0.194
571 345 11 15 0.194
452 306 10 12 0.191
394 298 8 10 0.191
773 324 9 12 0.189
21 408 12 17 0.189
234 306 8 10 0.187
827 326 12 16 0.185
671 291 9 11 0.183
45 328 10 12 0.182
553 432 12 15 0.182
346 400 11 13 0.179
652 325 11 14 0.178
571 290 8 12 0.176
633 317 9 11 0.175
800 292 8 10 0.169
379 353 14 16 0.168
202 295 7 9 0.167
336 346 13 24 0.166
532 340 11 13 0.166
192 319 9 12 0.165
796 276 7 8 0.163
498 301 10 11 0.159
336 317 10 12 0.156
364 401 13 15 0.155
442 326 14 11 0.155
463 372 15 18 0.150
901 301 9 11 0.149
461 295 10 11 0.149
70 319 9 11 0.148
428 458 15 18 0.148
692 299 9 11 0.147
459 297 9 12 0.147
941 330 11 15 0.147
394 370 14 36 0.145
115 304 8 10 0.143
254 288 9 11 0.140
686 295 9 10 0.139
211 320 10 12 0.139
92 368 11 13 0.136
455 370 26 18 0.135
172 311 8 10 0.134
354 337 10 12 0.134
996 282 9 16 0.134
429 376 16 17 0.133
477 436 14 18 0.133
422 339 10 27 0.132
939 277 12 11 0.132
193 342 18 13 0.132
623 295 9 10 0.131
595 352 17 12 0.130
873 316 12 18 0.128
855 291 9 11 0.126
380 331 20 12 0.122
424 359 10 23 0.121
467 296 8 9 0.120
543 314 15 11 0.119
599 317 13 13 0.118
58 336 10 12 0.118
539 312 12 17 0.118
806 353 14 15 0.117
276 328 10 11 0.117
648 290 8 10 0.115
240 331 16 12 0.114
75 361 10 11 0.113
720 405 14 17 0.113
906 283 15 13 0.110
6 332 12 12 0.110
667 334 10 15 0.110
889 270 8 10 0.108
972 288 14 12 0.107
97 330 12 15 0.107
774 304 8 11 0.107
144 335 17 11 0.106
594 351 10 12 0.106
79 322 10 11 0.105
989 289 22 11 0.105
860 316 10 15 0.104
721 273 7 9 0.102
569 330 11 28 0.101
370 338 12 42 0.101
815 450 18 21 0.101
36 356 10 13 0.100
271 324 13 13 0.099
573 319 15 20 0.099
43 323 10 16 0.098
732 270 8 15 0.097
374 290 11 19 0.097
346 288 8 9 0.096
205 350 11 46 0.096
940 299 10 11 0.096
551 313 10 11 0.095
663 334 12 12 0.095
611 296 14 14 0.095
823 452 19 21 0.095
536 343 17 16 0.094
94 323 12 21 0.093
648 328 12 20 0.093
994 329 21 20 0.093
837 267 8 9 0.092
571 286 8 9 0.091
1000 252 9 16 0.091
234 303 8 21 0.090
92 316 9 16 0.089
112 391 14 18 0.088
163 345 18 19 0.087
272 380 14 15 0.086
479 315 9 29 0.085
109 393 13 15 0.085
645 307 9 18 0.084
346 289 12 11 0.084
232 302 9 10 0.084
733 398 13 16 0.084
466 335 12 64 0.083
408 377 19 15 0.083
797 274 7 15 0.083
150 336 18 14 0.082
411 371 14 17 0.082
259 360 11 13 0.081
939 482 26 31 0.081
990 318 16 32 0.080
77 307 8 9 0.080
419 417 13 16 0.080
504 300 10 11 0.080
709 396 13 18 0.080
378 282 9 19 0.079
186 344 7 10 0.077
736 277 6 9 0.077
971 343 13 16 0.076
722 404 20 16 0.076
384 304 11 27 0.076
568 362 36 14 0.074
532 366 13 15 0.074
4 330 8 23 0.074
186 295 8 24 0.074
911 317 11 12 0.074
222 347 10 14 0.073
465 357 13 23 0.073
712 400 15 19 0.073
351 339 11 16 0.073
300 379 13 14 0.073
344 379 13 15 0.072
20 325 12 13 0.072
925 276 10 13 0.072
259 292 10 11 0.071
1014 255 9 19 0.070
973 251 10 10 0.068
653 266 7 11 0.067
290 351 18 20 0.067
93 314 8 10 0.067
411 312 10 21 0.066
723 311 9 17 0.066
5 359 14 31 0.066
632 269 9 9 0.066
344 395 15 21 0.065
183 296 12 11 0.065
859 289 8 9 0.065
529 350 10 20 0.064
95 333 11 17 0.063
585 289 11 21 0.063
27 318 9 20 0.062
264 295 9 11 0.061
101 299 7 9 0.061
1008 372 15 19 0.061
836 264 8 15 0.060
953 290 28 11 0.060
38 307 10 10 0.059
115 321 9 14 0.058
41 334 12 15 0.058
310 286 10 10 0.058
220 344 10 13 0.058
319 355 11 15 0.057
120 426 15 18 0.057
631 270 9 10 0.057
826 317 15 51 0.056
50 412 12 15 0.056
322 373 19 15 0.056
1005 375 14 19 0.056
852 352 13 16 0.055
18 313 8 9 0.053
499 294 9 11 0.052
481 335 13 14 0.051
631 367 11 13 0.051
308 311 11 16 0.051
34 361 15 13 0.051
908 265 11 13 0.049
973 298 17 21 0.049
707 393 13 15 0.049
310 302 14 17 0.049
592 270 10 15 0.049
896 306 12 17 0.048
810 275 9 9 0.048
812 345 10 16 0.048
370 395 14 17 0.047
993 258 10 27 0.047
782 257 7 8 0.047
953 297 12 12 0.047
446 349 10 13 0.046
422 418 17 18 0.046
310 281 8 29 0.046
254 331 11 24 0.046
72 316 16 17 0.046
1 510 17 23 0.046
646 279 9 25 0.046
941 334 12 15 0.046
265 381 11 14 0.045
532 288 9 12 0.045
335 327 12 22 0.045
568 288 20 17 0.044
439 314 20 24 0.044
652 262 10 24 0.044
976 269 7 32 0.043
332 327 28 20 0.042
341 485 12 15 0.042
654 476 15 16 0.042
890 266 8 34 0.042
470 357 13 18 0.042
934 487 20 24 0.041
19 516 20 24 0.041
669 291 31 12 0.041
631 313 21 23 0.041
118 389 13 18 0.040
448 276 9 27 0.040
445 339 8 22 0.040
654 294 10 25 0.040
612 425 14 16 0.039
231 396 13 18 0.039
164 295 17 9 0.039
218 258 8 11 0.039
399 385 16 15 0.038
587 368 12 13 0.038
271 332 10 10 0.037
717 304 15 15 0.037
840 338 15 18 0.037
746 296 9 15 0.037
658 316 9 16 0.037
291 299 16 26 0.037
329 408 13 16 0.036
774 320 12 15 0.036
108 396 12 19 0.036
858 334 12 15 0.036
60 325 11 28 0.036
924 265 11 26 0.035
524 419 19 19 0.035
717 267 15 19 0.035
572 239 8 11 0.035
263 279 9 10 0.034
631 315 11 25 0.034
185 287 8 43 0.034
49 447 14 21 0.034
204 316 11 57 0.034
371 412 13 24 0.033
835 267 8 28 0.033
329 253 7 10 0.033
819 248 7 8 0.033
877 588 58 52 0.033
443 286 21 21 0.033
879 333 14 15 0.033
153 299 11 24 0.032
576 277 14 17 0.032
887 252 10 11 0.032
708 412 15 17 0.031
394 369 51 30 0.031
90 317 21 13 0.031
503 374 13 15 0.031
48 323 13 16 0.031
1014 269 10 15 0.030
440 366 17 16 0.030
57 300 9 10 0.030
288 358 13 17 0.030
116 306 7 28 0.030
28 308 19 9 0.030
857 463 20 23 0.029
400 272 10 26 0.029
255 281 12 19 0.029
549 426 13 18 0.029
805 448 19 21 0.029
719 320 11 13 0.029
416 311 21 24 0.029
35 338 10 19 0.028
669 409 12 15 0.028
603 283 14 28 0.028
435 419 14 17 0.027
682 336 14 15 0.027
500 273 16 14 0.027
616 258 7 26 0.027
290 285 9 9 0.027
124 424 15 18 0.027
1 405 14 18 0.027
160 392 13 16 0.027
222 340 13 15 0.027
837 273 8 21 0.027
659 549 22 24 0.027
734 266 11 13 0.027
574 291 21 24 0.027
241 248 7 17 0.026
156 370 13 15 0.026
847 314 21 14 0.026
334 318 20 88 0.026
338 395 14 16 0.026
625 292 11 30 0.025
350 287 22 19 0.025
0 316 13 12 0.025
133 331 10 21 0.025
119 384 12 16 0.025
1007 236 17 24 0.025
216 284 13 24 0.025
225 361 10 13 0.024
385 265 7 22 0.024
400 355 17 16 0.024
407 292 34 16 0.024
637 268 29 9 0.024
241 447 14 18 0.024
363 349 14 88 0.024
530 282 9 27 0.024
248 318 21 40 0.023
40 304 9 8 0.023
614 210 8 9 0.023
216 417 21 20 0.023
711 403 14 34 0.023
733 291 20 13 0.023
833 247 7 25 0.023
1003 231 8 31 0.023
168 294 9 31 0.023
3 409 15 19 0.023
219 253 8 26 0.023
1008 368 13 16 0.023
886 270 12 60 0.023
885 266 23 16 0.023
431 285 23 24 0.023
437 339 15 15 0.022
585 267 20 28 0.022
760 246 7 23 0.022
336 285 19 19 0.022
286 334 11 11 0.022
291 284 14 10 0.022
377 284 29 26 0.022
362 416 15 31 0.022
262 364 12 18 0.022
614 270 11 28 0.022
378 275 12 111 0.022
55 299 15 18 0.021
529 298 10 27 0.021
156 277 7 26 0.021
12 514 22 25 0.021
604 318 27 12 0.021
501 288 10 39 0.021
341 358 13 18 0.021
146 350 11 15 0.021
711 429 14 19 0.020
572 394 12 16 0.020
333 270 11 29 0.020
979 367 15 17 0.020
