2_Demonstration_Protesters_2_460
30
805 178 39 48 0.858
640 58 42 50 0.846
272 231 42 51 0.832
483 238 36 42 0.821
883 204 30 38 0.819
484 96 37 45 0.815
841 68 29 35 0.812
789 70 29 34 0.807
35 65 28 32 0.787
73 86 29 38 0.773
163 82 19 23 0.755
134 75 16 19 0.728
957 93 21 37 0.710
437 75 21 24 0.678
709 65 20 27 0.672
996 91 14 16 0.659
281 73 16 20 0.636
751 94 11 13 0.533
0 67 13 19 0.502
977 73 8 11 0.221
149 193 23 28 0.124
956 82 19 32 0.064
974 72 12 17 0.060
0 84 7 28 0.048
747 91 12 15 0.042
679 63 17 26 0.038
944 79 29 22 0.029
995 84 13 16 0.024
972 72 11 13 0.024
2 69 15 24 0.023
