2_Demonstration_Demonstration_Or_Protest_2_476
1367
991 593 25 31 0.803
138 496 19 23 0.791
390 605 20 26 0.791
876 532 27 34 0.782
695 603 29 30 0.780
428 366 17 21 0.780
275 502 21 26 0.778
824 588 27 30 0.770
193 554 21 26 0.769
755 578 29 32 0.766
333 494 21 24 0.761
329 616 21 28 0.760
903 387 23 26 0.758
522 565 25 30 0.758
782 504 25 29 0.757
691 377 22 25 0.756
524 467 19 23 0.754
194 500 19 24 0.750
627 455 22 28 0.748
82 342 17 20 0.747
305 610 20 25 0.745
880 474 23 26 0.744
771 405 20 23 0.744
623 558 28 32 0.743
749 467 24 28 0.738
929 401 23 26 0.738
500 495 23 26 0.737
228 426 17 23 0.734
989 373 24 27 0.734
468 543 22 25 0.734
914 319 20 23 0.732
996 521 24 26 0.729
217 480 17 22 0.726
826 434 25 28 0.725
64 438 18 24 0.721
922 623 24 31 0.721
515 396 23 28 0.719
92 479 16 21 0.719
743 375 22 25 0.718
199 446 20 22 0.718
678 463 22 26 0.718
514 608 22 24 0.718
604 333 17 21 0.717
984 320 22 25 0.716
655 530 24 29 0.716
645 324 19 22 0.716
948 445 24 28 0.714
494 294 16 20 0.712
46 378 14 19 0.712
490 647 29 32 0.707
123 358 15 20 0.703
591 624 26 31 0.703
883 416 22 26 0.702
462 426 20 25 0.702
809 643 24 26 0.702
9 330 16 21 0.701
109 426 21 24 0.701
424 491 24 27 0.698
707 549 24 28 0.697
541 364 20 23 0.696
282 359 17 20 0.696
372 294 14 20 0.696
192 326 15 19 0.695
785 443 23 26 0.694
562 551 24 31 0.691
132 404 16 20 0.691
385 278 16 18 0.688
638 372 21 25 0.687
651 494 22 27 0.687
88 262 14 17 0.686
575 363 18 20 0.686
37 417 20 23 0.686
127 290 14 18 0.685
554 469 22 26 0.685
579 435 23 25 0.684
475 282 16 20 0.683
418 405 21 23 0.682
174 303 17 20 0.682
728 508 24 26 0.681
906 238 17 19 0.681
212 647 28 30 0.680
590 386 22 26 0.680
811 289 18 21 0.677
945 288 20 24 0.676
985 415 24 26 0.675
243 588 22 26 0.672
376 375 17 20 0.671
805 221 16 18 0.667
416 265 17 20 0.667
242 385 17 21 0.666
187 429 15 20 0.665
325 294 18 20 0.664
499 351 18 22 0.663
81 381 15 19 0.663
238 311 18 22 0.663
366 321 18 20 0.661
733 282 19 20 0.661
52 254 15 18 0.661
283 405 18 22 0.660
443 463 18 22 0.658
100 303 17 19 0.657
365 402 20 24 0.656
578 328 18 21 0.656
623 304 19 21 0.655
755 291 17 22 0.653
167 348 18 21 0.652
849 324 19 22 0.651
333 221 14 17 0.649
808 245 18 21 0.648
909 188 13 17 0.648
554 257 14 17 0.646
139 382 15 20 0.645
573 504 23 26 0.644
802 320 17 20 0.636
510 215 15 17 0.634
733 421 21 24 0.633
322 252 14 18 0.633
361 440 21 23 0.632
319 201 13 16 0.632
207 375 17 20 0.630
663 362 20 23 0.630
753 260 20 23 0.630
581 254 15 19 0.629
504 181 12 16 0.628
944 360 22 24 0.627
327 332 19 21 0.625
268 227 13 16 0.625
422 341 16 19 0.625
440 344 20 23 0.624
973 225 15 19 0.623
246 484 21 24 0.622
433 299 18 22 0.620
29 358 15 20 0.620
906 291 19 23 0.618
664 245 17 20 0.616
826 180 15 18 0.616
262 203 14 17 0.613
360 247 17 20 0.613
182 402 15 19 0.613
371 557 22 25 0.613
625 196 14 17 0.612
277 553 20 25 0.611
2 485 15 22 0.609
631 233 16 21 0.607
552 297 17 19 0.607
301 277 15 19 0.607
887 359 20 23 0.606
47 323 17 20 0.602
624 264 16 19 0.602
942 191 14 17 0.601
531 249 16 19 0.600
947 242 18 23 0.599
263 429 17 24 0.598
275 294 18 20 0.597
260 265 15 18 0.596
28 223 14 18 0.594
294 246 12 15 0.594
885 177 13 17 0.593
640 429 19 23 0.593
973 169 16 19 0.592
953 101 14 17 0.592
305 344 18 21 0.591
801 413 23 26 0.590
398 431 20 23 0.590
935 226 16 19 0.589
520 299 18 22 0.589
314 370 19 21 0.588
221 403 17 22 0.588
230 199 13 16 0.588
403 171 12 15 0.584
197 261 13 16 0.581
672 429 24 28 0.579
339 355 15 19 0.579
928 165 14 16 0.579
558 228 16 18 0.577
556 314 19 22 0.576
654 186 13 16 0.575
252 344 19 21 0.575
456 264 15 19 0.575
480 215 15 17 0.572
735 205 17 19 0.572
867 296 19 22 0.570
529 162 12 16 0.569
144 207 13 15 0.569
663 213 15 21 0.567
990 149 17 19 0.567
702 144 13 16 0.563
384 223 15 18 0.560
482 451 20 23 0.557
194 237 13 16 0.556
13 250 15 18 0.556
1003 217 17 20 0.553
77 100 11 14 0.552
699 245 15 17 0.551
21 270 16 19 0.551
179 160 14 15 0.550
881 208 15 18 0.549
771 546 25 29 0.548
112 133 12 15 0.548
900 77 12 15 0.544
138 233 16 19 0.544
800 161 14 19 0.542
794 130 13 16 0.539
456 170 14 17 0.537
189 283 16 18 0.537
483 100 13 17 0.535
404 125 10 13 0.532
169 270 15 18 0.529
47 232 13 16 0.527
865 392 21 26 0.525
689 171 12 16 0.522
856 177 15 19 0.521
18 72 11 13 0.521
423 148 12 16 0.520
469 373 15 20 0.520
1007 445 15 28 0.519
674 274 14 19 0.518
952 384 21 25 0.518
625 51 11 14 0.518
217 221 13 17 0.514
602 156 12 15 0.513
782 181 16 20 0.511
438 212 14 16 0.506
293 208 15 18 0.504
676 179 13 15 0.504
953 501 23 25 0.504
651 41 10 11 0.503
83 419 16 19 0.501
387 345 18 19 0.499
828 73 11 14 0.498
478 182 11 14 0.498
75 129 11 15 0.497
113 179 13 15 0.497
87 193 16 17 0.497
213 281 15 17 0.497
95 231 15 18 0.497
741 234 16 19 0.496
114 154 13 16 0.489
507 331 17 19 0.489
993 111 12 17 0.488
719 128 12 15 0.487
389 303 15 19 0.479
621 175 14 17 0.479
134 155 12 16 0.478
333 111 12 15 0.477
403 226 15 18 0.477
338 270 17 19 0.477
386 188 14 18 0.477
880 58 11 13 0.476
6 534 22 25 0.474
920 96 14 17 0.472
491 474 20 24 0.472
16 97 11 14 0.472
239 163 12 16 0.470
449 149 13 16 0.465
898 201 14 16 0.465
10 177 13 18 0.463
833 234 15 18 0.460
90 130 11 14 0.459
589 289 16 21 0.459
516 104 14 16 0.458
602 82 13 17 0.457
60 212 13 15 0.454
132 183 13 16 0.453
538 183 13 17 0.451
59 110 11 15 0.450
20 160 14 17 0.450
257 163 12 16 0.450
570 51 11 14 0.449
537 116 12 15 0.449
189 639 22 26 0.449
155 186 12 16 0.448
458 239 15 18 0.448
204 162 13 16 0.446
494 142 13 15 0.446
195 185 13 17 0.446
64 64 12 15 0.446
171 119 12 15 0.441
734 105 13 15 0.441
182 219 14 17 0.438
297 188 14 16 0.437
640 166 13 15 0.437
147 429 20 22 0.435
692 210 15 20 0.431
503 238 16 20 0.431
402 463 21 26 0.429
544 206 14 17 0.429
700 68 13 15 0.428
968 207 14 16 0.428
998 246 16 19 0.428
861 115 11 14 0.428
712 93 14 17 0.427
169 97 11 14 0.424
880 146 14 15 0.420
560 151 12 15 0.419
211 240 13 16 0.418
611 64 12 14 0.417
562 281 15 17 0.417
139 469 19 20 0.415
891 109 12 15 0.414
345 244 14 17 0.413
323 130 12 16 0.413
521 283 16 18 0.412
445 197 14 17 0.411
69 298 14 17 0.411
501 69 11 13 0.407
433 74 10 13 0.406
206 102 12 15 0.404
141 105 11 14 0.403
892 227 13 16 0.402
364 203 14 17 0.401
522 370 17 21 0.400
644 59 12 15 0.399
517 197 15 17 0.398
303 672 25 17 0.398
773 60 11 14 0.398
23 118 14 16 0.398
243 235 13 15 0.398
680 153 14 16 0.395
678 118 11 14 0.395
623 93 13 15 0.393
89 68 13 15 0.393
663 94 11 13 0.392
252 188 13 16 0.390
1004 266 17 21 0.388
221 260 14 17 0.385
441 232 12 16 0.385
724 146 15 20 0.384
316 170 12 16 0.384
851 232 13 17 0.383
656 188 14 18 0.380
297 157 13 16 0.376
255 246 13 15 0.375
362 172 13 17 0.374
212 137 10 14 0.374
862 263 17 20 0.373
840 264 16 18 0.371
975 264 17 20 0.370
551 13 11 11 0.370
313 242 12 16 0.367
809 96 12 15 0.366
564 174 12 14 0.366
748 115 13 15 0.365
12 48 10 15 0.364
663 198 15 18 0.364
866 236 16 20 0.363
207 78 10 14 0.362
78 51 10 13 0.360
580 124 12 15 0.360
66 193 13 16 0.359
551 97 13 15 0.357
442 50 10 12 0.356
924 259 16 20 0.355
444 87 11 14 0.353
613 223 14 19 0.353
759 177 16 19 0.352
673 113 13 16 0.350
910 216 15 18 0.348
153 310 18 20 0.347
351 127 10 14 0.347
861 33 11 14 0.346
600 178 13 15 0.345
366 129 13 17 0.344
1002 185 14 19 0.343
153 162 14 16 0.342
523 129 13 15 0.340
203 45 10 12 0.339
745 163 13 15 0.338
695 123 13 16 0.338
272 467 18 20 0.337
576 210 15 18 0.337
272 154 13 17 0.336
57 87 11 14 0.335
641 205 16 19 0.327
600 130 13 16 0.326
416 199 14 15 0.326
38 203 14 17 0.326
535 93 12 15 0.326
400 201 13 17 0.325
607 368 19 23 0.325
865 221 15 22 0.324
513 127 11 14 0.323
171 70 12 15 0.323
646 138 12 16 0.320
318 96 11 14 0.320
780 251 18 19 0.319
102 107 10 13 0.316
415 88 12 15 0.315
738 448 20 23 0.314
333 431 18 23 0.310
307 111 11 13 0.310
427 123 12 17 0.309
486 384 19 21 0.307
409 60 11 14 0.306
760 150 16 19 0.305
814 170 15 17 0.304
210 299 16 21 0.304
394 151 13 15 0.304
375 104 11 14 0.304
395 113 11 13 0.300
190 75 11 14 0.299
840 145 15 19 0.298
233 113 12 16 0.298
840 195 15 18 0.298
647 73 12 15 0.298
813 268 15 17 0.297
927 122 14 17 0.297
837 45 12 16 0.297
791 100 13 17 0.296
480 82 11 14 0.292
13 216 13 17 0.291
920 134 15 18 0.291
235 290 17 19 0.289
369 69 10 13 0.285
195 237 21 16 0.285
802 65 14 17 0.281
207 60 11 13 0.280
43 10 10 12 0.280
524 45 11 13 0.280
81 25 10 14 0.278
174 185 14 18 0.277
704 183 14 17 0.277
362 367 15 17 0.276
815 136 13 16 0.274
765 153 16 18 0.274
334 89 11 13 0.274
718 173 13 17 0.271
606 192 15 19 0.270
806 26 11 14 0.269
240 138 12 15 0.269
677 54 9 12 0.268
96 93 12 13 0.268
690 103 12 16 0.267
739 45 11 13 0.266
342 154 14 17 0.264
897 57 12 15 0.264
91 217 14 15 0.261
193 121 11 13 0.261
526 230 13 16 0.260
471 330 17 21 0.259
151 267 14 18 0.259
272 113 11 14 0.257
262 134 11 15 0.256
190 95 12 14 0.256
159 213 14 18 0.256
135 237 15 21 0.254
398 257 14 17 0.253
728 29 9 12 0.253
72 324 16 18 0.251
286 127 11 15 0.250
503 246 14 19 0.249
542 141 11 15 0.249
285 94 12 15 0.249
749 62 11 14 0.248
427 25 10 14 0.247
506 163 12 14 0.246
624 136 13 16 0.245
589 105 12 16 0.245
288 210 16 18 0.244
49 59 10 11 0.242
490 35 11 12 0.242
560 111 13 15 0.241
44 279 16 19 0.241
305 87 11 14 0.240
299 60 10 13 0.239
684 90 12 16 0.238
563 72 13 16 0.238
272 164 14 18 0.237
507 40 11 14 0.237
306 341 32 22 0.235
993 117 14 19 0.232
659 155 13 16 0.232
769 113 15 19 0.231
914 57 12 15 0.231
863 254 18 23 0.231
701 45 11 13 0.231
514 64 13 14 0.230
41 165 14 17 0.228
945 141 17 17 0.228
785 73 11 15 0.228
74 224 13 16 0.227
404 286 15 18 0.226
472 125 14 16 0.225
597 247 16 17 0.225
406 139 12 16 0.224
94 165 13 17 0.224
185 28 11 13 0.223
141 73 11 14 0.222
702 112 13 15 0.220
133 249 14 17 0.220
612 114 13 15 0.219
457 253 15 26 0.219
582 98 13 15 0.218
293 31 11 14 0.216
8 288 14 18 0.216
594 53 9 13 0.215
773 216 17 19 0.214
842 232 20 18 0.214
12 523 21 26 0.212
102 29 9 12 0.211
329 75 12 15 0.210
483 90 13 34 0.208
172 181 14 16 0.207
680 72 12 16 0.206
385 87 11 14 0.205
335 177 14 18 0.205
789 430 28 35 0.205
586 139 15 16 0.205
872 85 12 16 0.204
154 67 10 13 0.203
563 141 12 23 0.203
523 132 12 23 0.203
770 153 14 16 0.202
950 64 13 15 0.201
586 102 13 16 0.200
932 74 12 13 0.197
961 65 13 17 0.197
812 274 18 30 0.197
127 333 14 19 0.197
650 202 21 20 0.196
245 14 10 13 0.195
386 68 11 15 0.195
58 86 22 13 0.194
793 103 13 17 0.194
91 456 16 21 0.193
128 82 11 14 0.193
474 150 13 16 0.192
869 215 19 21 0.192
195 146 12 14 0.190
273 88 13 14 0.190
641 94 13 16 0.189
74 207 15 16 0.188
612 147 14 18 0.188
120 18 8 10 0.188
731 186 14 16 0.187
325 75 13 15 0.187
82 293 16 18 0.187
261 74 12 16 0.187
98 62 12 14 0.185
837 34 11 12 0.184
354 101 11 14 0.184
402 436 20 33 0.183
101 403 15 19 0.182
222 343 17 20 0.182
150 94 10 13 0.182
687 51 15 13 0.182
789 670 23 20 0.181
691 10 12 12 0.180
358 154 14 16 0.179
265 210 13 29 0.179
414 93 12 15 0.178
61 201 13 28 0.177
755 42 11 14 0.177
775 16 12 14 0.177
690 47 11 13 0.177
924 123 15 27 0.176
281 78 13 14 0.176
516 132 14 17 0.176
71 148 13 15 0.175
650 270 17 18 0.175
688 338 20 20 0.174
411 33 10 19 0.174
425 48 11 16 0.174
364 371 23 22 0.173
861 75 14 16 0.172
411 15 10 13 0.172
243 47 11 12 0.171
125 43 10 12 0.170
259 47 10 13 0.170
9 312 12 16 0.169
226 68 11 16 0.168
341 394 19 22 0.167
440 99 12 16 0.167
419 147 13 16 0.167
615 139 17 21 0.166
585 241 18 19 0.166
41 143 13 16 0.166
294 26 9 12 0.165
867 139 13 16 0.165
955 63 16 17 0.165
662 152 15 15 0.162
772 96 13 22 0.161
236 88 11 15 0.161
236 283 17 19 0.161
667 144 13 16 0.161
249 111 12 15 0.161
757 145 14 19 0.161
279 432 19 21 0.160
417 244 14 17 0.160
774 22 12 15 0.159
939 151 16 22 0.159
257 249 13 29 0.158
648 13 11 14 0.158
844 130 14 16 0.158
226 50 10 11 0.158
740 10 10 12 0.158
143 17 10 12 0.158
174 35 10 12 0.158
965 210 15 19 0.157
303 135 13 14 0.157
698 139 14 18 0.157
613 195 23 18 0.156
260 87 11 17 0.155
772 90 14 18 0.155
381 28 11 14 0.155
580 96 12 14 0.155
399 245 16 22 0.153
485 163 13 15 0.153
630 30 10 13 0.153
190 83 11 30 0.153
377 223 17 19 0.152
587 24 9 12 0.152
442 96 12 17 0.151
943 145 17 19 0.150
780 43 11 16 0.150
675 54 24 12 0.150
661 29 11 13 0.149
853 164 15 23 0.149
952 139 13 16 0.149
849 316 24 34 0.148
564 125 11 21 0.148
319 63 11 17 0.147
986 244 18 19 0.147
399 200 27 15 0.147
643 369 24 23 0.146
71 83 12 22 0.145
866 76 15 18 0.145
582 150 14 17 0.144
54 99 12 21 0.144
370 29 8 11 0.144
377 8 10 12 0.144
269 157 15 26 0.141
224 63 13 16 0.141
296 136 16 14 0.141
711 84 15 35 0.141
949 167 15 17 0.141
837 37 12 15 0.140
15 218 14 18 0.140
915 51 13 18 0.140
141 231 18 18 0.140
929 287 38 30 0.136
185 92 14 15 0.136
113 100 16 13 0.136
247 105 14 16 0.136
893 123 15 17 0.135
74 210 14 28 0.135
502 89 12 13 0.135
146 97 11 15 0.134
520 289 17 21 0.134
163 162 21 17 0.134
359 684 28 6 0.133
647 163 23 20 0.133
915 601 22 28 0.132
516 84 14 13 0.132
413 82 12 17 0.131
720 48 13 14 0.131
239 149 12 37 0.131
332 31 11 13 0.130
720 173 16 22 0.129
723 41 11 16 0.128
171 108 12 34 0.128
807 198 16 19 0.128
745 88 11 14 0.127
114 104 10 13 0.127
169 137 12 14 0.127
648 135 14 16 0.127
195 374 13 18 0.127
692 261 18 20 0.126
159 20 11 17 0.126
74 177 13 14 0.126
497 476 22 48 0.126
608 212 16 19 0.126
615 282 17 18 0.125
848 158 14 16 0.125
603 67 13 42 0.124
316 155 19 16 0.124
350 128 26 14 0.124
477 124 12 14 0.124
726 162 13 18 0.123
254 174 12 32 0.122
41 145 13 26 0.122
549 126 16 14 0.122
571 172 15 19 0.121
157 187 27 18 0.120
175 161 32 16 0.120
233 279 16 20 0.120
350 71 11 19 0.120
439 204 13 32 0.119
777 510 25 48 0.119
577 184 13 21 0.119
619 160 14 23 0.118
348 44 12 14 0.118
19 206 14 17 0.118
517 147 12 20 0.118
98 54 12 16 0.118
233 391 19 24 0.118
785 315 16 20 0.117
385 215 17 40 0.117
566 56 12 27 0.117
396 422 23 53 0.117
43 150 14 16 0.116
589 151 21 17 0.115
101 109 10 15 0.115
843 311 16 19 0.115
331 52 12 16 0.115
193 10 10 11 0.114
121 63 12 12 0.114
896 157 13 16 0.114
433 346 25 31 0.114
71 191 27 17 0.114
474 42 11 17 0.113
560 217 18 25 0.113
677 52 14 25 0.112
64 292 20 26 0.112
305 131 15 14 0.111
557 103 18 21 0.111
753 263 21 42 0.110
471 61 15 16 0.110
211 187 14 15 0.110
1000 228 17 55 0.110
526 233 16 29 0.109
668 269 18 21 0.109
598 256 16 20 0.109
694 204 15 17 0.108
25 90 12 16 0.108
205 145 12 42 0.108
504 42 13 19 0.107
87 52 19 12 0.107
924 137 20 18 0.106
295 88 22 15 0.106
45 101 14 15 0.106
737 97 14 32 0.105
344 24 11 13 0.105
866 266 21 20 0.105
860 491 20 27 0.105
89 163 14 71 0.104
53 61 24 16 0.104
670 10 12 12 0.103
586 70 12 16 0.103
557 165 12 16 0.102
460 87 12 15 0.101
646 50 11 47 0.101
773 29 12 15 0.100
234 111 26 17 0.100
554 461 21 25 0.099
679 144 15 32 0.099
258 93 12 18 0.099
37 194 14 32 0.099
532 51 10 14 0.099
450 132 13 47 0.098
621 145 14 19 0.098
355 106 12 15 0.098
957 121 14 17 0.098
457 74 16 17 0.098
830 83 12 15 0.098
24 200 19 18 0.097
461 48 16 14 0.096
235 93 11 30 0.096
390 251 17 20 0.096
590 14 11 18 0.096
775 219 19 27 0.096
957 151 14 18 0.096
420 176 14 16 0.095
510 297 51 21 0.095
692 103 17 35 0.095
891 212 14 32 0.095
586 237 14 17 0.095
18 63 11 29 0.094
141 94 11 39 0.094
94 406 18 21 0.094
921 193 41 18 0.094
64 59 11 37 0.093
537 188 30 17 0.092
458 223 14 71 0.092
478 629 25 30 0.092
210 176 17 16 0.092
700 58 13 31 0.092
335 88 21 14 0.092
603 416 19 23 0.091
676 144 20 16 0.091
774 40 11 45 0.091
615 14 13 18 0.091
91 70 17 15 0.091
154 149 14 39 0.091
305 101 17 24 0.090
179 234 18 19 0.090
381 88 12 15 0.090
781 72 29 16 0.090
901 52 28 20 0.089
729 59 12 16 0.089
373 43 13 16 0.089
742 171 13 21 0.089
449 17 11 17 0.088
628 117 12 16 0.088
593 10 10 11 0.087
698 8 11 13 0.087
212 268 16 52 0.086
16 80 11 44 0.086
536 32 9 13 0.086
866 216 15 73 0.086
479 159 13 15 0.085
340 160 14 18 0.085
150 122 13 16 0.085
498 277 13 18 0.085
94 199 14 76 0.084
602 133 12 56 0.084
80 23 10 29 0.084
694 200 15 49 0.084
576 161 15 20 0.084
260 189 14 15 0.083
368 204 13 32 0.083
380 30 11 24 0.083
918 43 13 16 0.083
747 64 10 18 0.083
340 63 18 17 0.083
536 57 10 24 0.082
147 289 14 16 0.082
278 43 10 21 0.082
242 61 15 15 0.082
399 130 16 32 0.082
26 184 13 25 0.081
292 177 14 69 0.081
182 140 15 14 0.080
321 32 15 11 0.080
968 114 13 15 0.080
409 40 10 35 0.080
87 95 22 22 0.079
881 182 14 59 0.079
137 313 34 25 0.079
150 117 14 16 0.079
310 332 16 54 0.079
633 265 23 18 0.078
676 60 12 14 0.078
587 57 13 24 0.078
614 35 11 14 0.078
120 87 12 24 0.078
828 138 30 32 0.078
449 122 12 22 0.077
33 191 18 22 0.077
283 188 17 16 0.077
816 122 13 36 0.077
479 194 14 27 0.077
801 129 13 67 0.077
101 362 15 18 0.077
702 39 12 69 0.077
195 423 35 59 0.077
317 50 17 16 0.077
697 248 17 23 0.077
521 76 15 18 0.077
206 170 15 23 0.076
930 227 16 20 0.076
520 85 25 17 0.076
173 63 21 16 0.076
362 166 21 19 0.076
147 307 17 21 0.076
273 90 10 32 0.076
132 262 15 19 0.076
439 167 13 17 0.075
369 29 21 11 0.075
535 70 15 16 0.075
774 86 17 19 0.075
374 30 15 28 0.075
983 182 16 19 0.075
207 129 15 21 0.074
11 185 12 17 0.074
891 302 15 20 0.074
162 220 14 19 0.074
533 34 9 14 0.074
619 93 13 28 0.074
355 46 15 15 0.074
140 315 19 21 0.073
347 36 11 22 0.073
354 89 16 18 0.073
258 57 14 25 0.073
271 473 15 19 0.073
161 207 14 19 0.073
827 54 20 47 0.073
625 226 15 76 0.072
812 217 15 97 0.072
653 285 18 28 0.072
432 108 17 19 0.072
367 224 13 17 0.072
484 143 17 29 0.071
872 74 13 35 0.071
613 0 10 12 0.071
578 244 16 49 0.071
263 267 16 18 0.071
954 125 14 18 0.071
64 551 19 23 0.071
575 59 19 19 0.070
391 138 14 17 0.070
331 57 16 24 0.069
652 297 18 21 0.069
191 216 15 49 0.069
484 63 12 94 0.069
567 79 12 25 0.069
871 90 13 15 0.069
952 163 19 20 0.069
8 384 13 20 0.069
388 43 11 29 0.068
624 184 14 36 0.068
683 330 19 21 0.068
675 75 12 15 0.068
141 124 16 18 0.068
144 34 11 17 0.067
189 58 13 31 0.067
208 74 28 17 0.067
434 173 15 20 0.067
713 181 20 20 0.067
865 239 16 84 0.067
641 140 13 36 0.067
11 390 12 19 0.067
484 60 14 22 0.067
197 212 12 90 0.067
402 209 13 36 0.067
175 33 19 16 0.067
959 59 13 16 0.066
776 298 15 19 0.066
868 306 20 24 0.066
358 181 15 25 0.066
520 327 19 23 0.065
907 82 18 16 0.065
442 192 16 19 0.064
447 152 19 36 0.064
608 119 17 23 0.064
39 72 14 16 0.064
153 31 16 16 0.064
123 43 10 21 0.064
320 230 19 72 0.064
76 75 22 20 0.064
1004 182 16 19 0.064
268 33 10 12 0.064
391 87 21 14 0.063
245 66 10 19 0.063
265 121 13 28 0.063
526 243 44 35 0.063
473 129 13 31 0.063
904 158 17 67 0.063
84 149 17 19 0.063
172 0 11 12 0.063
331 27 20 15 0.062
411 14 10 38 0.062
718 118 13 22 0.062
726 46 26 19 0.062
483 0 12 10 0.062
335 358 17 20 0.062
266 201 13 54 0.062
938 192 16 29 0.062
721 208 13 24 0.061
117 75 18 15 0.061
484 46 18 19 0.061
124 75 25 19 0.061
235 296 17 22 0.061
326 134 18 15 0.060
222 85 14 18 0.060
956 176 17 21 0.060
440 29 11 31 0.060
372 276 32 47 0.060
870 158 17 17 0.060
28 16 11 14 0.060
366 106 12 59 0.060
710 262 15 18 0.059
544 166 13 81 0.059
445 56 10 21 0.059
653 25 18 17 0.059
565 3 13 13 0.059
46 52 12 16 0.059
403 15 14 14 0.059
278 178 14 20 0.059
524 363 16 21 0.058
755 147 19 68 0.058
33 89 13 17 0.058
582 203 22 18 0.058
449 244 15 27 0.058
301 270 15 19 0.058
227 22 11 17 0.058
137 127 12 15 0.058
843 220 36 30 0.057
76 166 13 24 0.057
531 320 16 20 0.057
234 269 13 15 0.057
362 153 22 17 0.057
70 53 23 23 0.057
806 174 16 87 0.057
566 134 30 24 0.057
592 13 24 11 0.057
646 99 12 80 0.057
472 107 14 46 0.057
89 372 19 21 0.056
499 260 13 28 0.056
847 95 14 17 0.056
39 538 20 25 0.056
505 64 23 28 0.056
1008 283 14 24 0.056
589 158 15 18 0.056
44 174 17 20 0.055
386 175 17 47 0.055
131 210 14 19 0.055
818 88 24 15 0.055
272 85 27 21 0.054
552 127 22 58 0.054
566 71 27 19 0.054
884 266 19 20 0.054
379 345 16 18 0.054
408 275 15 28 0.054
441 34 20 17 0.054
388 72 23 17 0.054
634 20 20 15 0.054
261 222 13 88 0.053
561 22 15 17 0.053
951 59 13 15 0.053
176 249 14 17 0.053
27 110 15 17 0.053
947 132 18 43 0.053
462 221 14 18 0.053
320 33 14 23 0.053
379 163 16 17 0.053
790 85 29 38 0.053
344 18 11 17 0.053
773 251 20 20 0.052
129 316 16 21 0.052
853 77 13 16 0.052
648 98 28 16 0.052
182 45 12 22 0.052
309 50 22 15 0.052
1005 83 13 19 0.052
415 70 12 54 0.052
9 115 11 15 0.052
285 75 19 16 0.051
956 136 39 79 0.051
876 190 16 18 0.051
50 186 19 17 0.051
859 70 13 16 0.051
343 186 20 20 0.051
1000 86 15 19 0.050
49 198 19 70 0.050
221 163 24 82 0.050
725 225 18 19 0.050
817 142 19 22 0.050
803 33 12 16 0.050
260 72 28 21 0.049
143 135 16 17 0.049
697 190 15 18 0.049
772 65 12 26 0.049
552 341 18 21 0.049
824 109 14 17 0.049
664 189 15 71 0.049
554 190 23 18 0.049
209 288 17 28 0.049
529 10 11 13 0.049
158 20 24 19 0.049
221 21 16 15 0.048
509 37 13 19 0.048
268 54 13 26 0.048
341 388 17 20 0.048
960 186 13 16 0.048
448 19 13 24 0.047
48 27 15 16 0.047
700 123 12 56 0.047
117 149 37 25 0.047
595 103 18 14 0.047
572 7 13 11 0.047
622 152 13 59 0.047
219 227 28 17 0.047
278 423 18 77 0.047
485 446 20 23 0.047
57 125 12 21 0.047
398 18 11 19 0.046
1011 79 11 19 0.046
308 350 18 22 0.046
680 71 31 19 0.046
540 176 32 20 0.046
8 376 19 29 0.046
204 23 13 16 0.046
823 212 15 16 0.046
767 131 17 29 0.046
500 94 14 19 0.046
447 108 13 23 0.046
557 283 20 65 0.046
588 84 24 22 0.046
976 271 18 21 0.046
349 73 32 15 0.045
876 74 12 16 0.045
27 270 16 18 0.045
221 36 14 20 0.044
182 22 14 24 0.044
404 237 26 22 0.044
149 138 17 15 0.043
422 160 11 28 0.043
228 143 17 31 0.043
648 108 12 14 0.043
256 49 32 14 0.042
170 45 12 20 0.042
506 43 30 16 0.042
63 139 19 21 0.042
415 25 24 34 0.042
640 186 28 21 0.042
195 191 12 21 0.041
282 58 13 22 0.041
686 553 27 28 0.041
4 476 14 24 0.040
874 669 26 21 0.040
797 109 15 16 0.040
588 224 14 122 0.040
838 29 15 14 0.040
209 306 15 18 0.040
89 49 13 53 0.040
139 67 13 80 0.040
183 408 16 30 0.040
1004 273 17 28 0.040
729 250 15 21 0.040
11 90 11 14 0.040
528 169 15 29 0.040
223 49 30 17 0.040
973 95 13 17 0.040
154 259 15 20 0.040
194 392 38 111 0.040
279 38 24 18 0.040
276 0 12 12 0.040
154 318 16 19 0.040
142 285 16 18 0.040
63 36 12 75 0.039
454 3 15 13 0.039
274 238 41 102 0.039
459 131 16 18 0.039
536 368 21 23 0.039
421 112 13 83 0.039
49 331 17 20 0.039
127 203 23 18 0.039
744 25 15 60 0.038
604 37 19 14 0.038
921 149 14 27 0.038
890 130 13 20 0.038
824 356 19 27 0.038
218 147 15 23 0.038
354 39 17 19 0.038
314 13 8 11 0.038
30 123 14 17 0.038
836 126 18 16 0.038
739 227 20 32 0.038
190 649 19 21 0.038
204 28 11 46 0.037
572 3 17 25 0.037
964 70 13 15 0.037
940 215 20 17 0.037
441 244 14 18 0.037
391 48 23 16 0.037
890 264 22 20 0.037
175 12 20 15 0.037
458 32 18 24 0.037
453 22 18 22 0.037
228 336 16 21 0.036
270 545 22 26 0.036
364 195 19 19 0.036
739 144 15 16 0.036
785 236 16 20 0.036
164 48 19 56 0.036
424 292 19 20 0.036
99 370 16 20 0.036
553 63 16 21 0.036
166 243 15 21 0.036
660 33 18 14 0.036
806 22 11 13 0.036
29 398 15 17 0.035
741 15 15 14 0.035
166 248 18 20 0.035
712 243 21 16 0.035
130 144 11 19 0.035
114 96 10 107 0.035
5 421 18 23 0.035
418 19 21 15 0.035
582 186 21 22 0.035
912 582 25 39 0.035
439 289 16 20 0.035
755 195 16 17 0.035
92 32 12 29 0.034
397 88 17 81 0.034
405 185 22 86 0.034
657 298 20 23 0.034
716 73 12 19 0.034
13 134 14 21 0.034
407 453 21 26 0.034
459 194 14 20 0.034
429 85 15 86 0.034
430 132 17 17 0.034
703 166 20 15 0.033
502 111 13 16 0.033
906 149 16 19 0.033
176 193 14 25 0.033
841 88 21 20 0.033
73 277 15 19 0.032
87 289 15 16 0.032
899 123 18 20 0.032
192 228 14 102 0.032
473 16 10 30 0.032
161 145 18 23 0.032
58 162 16 95 0.032
841 205 14 24 0.032
84 335 18 24 0.031
297 284 16 20 0.031
137 408 18 31 0.031
210 112 29 15 0.031
40 29 14 19 0.031
621 11 19 19 0.031
140 0 15 12 0.031
435 5 11 12 0.031
227 31 20 26 0.031
143 40 10 31 0.031
458 186 14 20 0.031
421 234 13 17 0.031
808 319 25 19 0.031
10 162 12 16 0.030
43 20 12 24 0.030
455 94 17 19 0.030
948 276 18 21 0.030
494 267 15 18 0.030
746 12 19 12 0.030
216 11 12 19 0.030
969 386 19 22 0.030
87 255 14 18 0.030
718 55 18 23 0.030
559 250 16 117 0.030
600 421 19 23 0.029
774 28 11 83 0.029
118 199 14 21 0.029
919 279 19 23 0.029
600 149 20 105 0.029
566 30 11 29 0.029
736 245 18 22 0.029
513 3 10 14 0.029
605 281 21 20 0.029
220 220 14 15 0.028
281 3 10 13 0.028
142 432 18 21 0.028
208 55 11 99 0.028
207 197 13 15 0.028
876 270 20 24 0.028
229 167 16 28 0.028
852 150 24 22 0.028
457 3 17 10 0.028
824 315 27 20 0.028
56 466 17 23 0.028
823 63 12 21 0.027
123 360 21 28 0.027
924 62 13 121 0.027
443 47 11 94 0.027
784 135 18 17 0.027
562 107 12 121 0.027
967 184 21 21 0.027
827 110 14 23 0.027
252 343 32 25 0.027
692 15 12 23 0.027
408 171 24 67 0.027
843 161 68 46 0.026
677 10 10 11 0.026
561 196 22 26 0.026
61 443 18 27 0.026
525 13 15 76 0.026
526 333 15 25 0.026
761 194 15 21 0.026
902 263 23 22 0.026
124 340 15 19 0.026
409 464 19 24 0.026
835 248 16 26 0.026
626 2 16 12 0.026
2 426 14 23 0.026
523 306 17 34 0.025
23 171 15 26 0.025
686 326 18 19 0.025
249 247 16 18 0.025
554 229 14 18 0.025
187 147 19 104 0.025
135 344 17 19 0.025
619 62 20 74 0.025
722 107 14 90 0.025
274 329 16 19 0.025
235 12 19 17 0.025
79 48 12 107 0.025
977 172 15 136 0.025
368 358 17 20 0.025
699 341 19 22 0.025
471 249 14 19 0.025
77 361 61 39 0.025
587 29 16 31 0.025
376 314 26 61 0.025
18 100 25 119 0.025
713 247 17 29 0.024
510 1 12 11 0.024
351 293 15 19 0.024
727 8 13 50 0.024
903 157 13 16 0.024
778 553 22 25 0.024
343 96 13 115 0.024
136 108 13 21 0.024
264 34 24 21 0.024
411 0 11 73 0.024
146 586 23 26 0.024
165 8 21 23 0.024
967 118 15 20 0.024
68 275 15 18 0.024
437 283 16 18 0.024
662 439 25 25 0.024
750 111 14 15 0.024
106 397 16 19 0.024
552 202 37 107 0.024
631 74 13 21 0.023
473 7 11 26 0.023
874 170 23 103 0.023
44 544 37 23 0.023
60 31 12 20 0.023
876 234 24 22 0.023
553 29 12 19 0.023
525 280 16 19 0.023
406 3 11 10 0.023
578 33 17 23 0.023
717 12 14 11 0.023
1002 207 16 21 0.023
851 95 16 26 0.023
835 307 18 20 0.023
311 363 22 47 0.023
667 96 32 59 0.023
6 459 13 22 0.022
97 247 17 18 0.022
826 9 12 17 0.022
434 5 16 25 0.022
347 196 15 17 0.022
691 344 17 20 0.022
579 502 20 23 0.022
631 111 18 17 0.022
653 436 18 23 0.022
725 257 16 19 0.022
364 145 16 108 0.022
236 194 23 107 0.022
163 207 19 126 0.022
480 641 30 33 0.022
752 69 17 18 0.022
250 296 15 18 0.022
1001 78 16 19 0.022
101 407 18 27 0.021
320 205 14 19 0.021
686 131 24 94 0.021
692 0 15 36 0.021
364 298 37 93 0.021
924 209 15 16 0.021
150 52 16 20 0.021
6 482 18 23 0.021
258 541 19 24 0.021
164 321 16 19 0.021
570 150 20 118 0.021
1004 97 14 19 0.021
979 87 23 17 0.021
907 585 23 30 0.021
729 68 16 20 0.021
407 2 17 12 0.021
891 308 17 25 0.021
997 373 22 25 0.021
455 299 15 21 0.020
302 460 18 23 0.020
783 312 24 27 0.020
603 253 18 21 0.020
430 211 17 18 0.020
454 114 21 20 0.020
899 44 12 15 0.020
470 437 23 29 0.020
217 1 20 11 0.020
252 25 17 18 0.020
694 329 17 24 0.020
