2_Demonstration_Demonstration_Or_Protest_2_1
89
409 245 40 51 0.838
206 245 42 48 0.836
607 247 43 58 0.835
481 30 34 44 0.835
355 255 43 52 0.832
960 272 42 55 0.824
481 284 41 52 0.824
225 1 33 41 0.822
349 11 35 40 0.817
208 126 42 52 0.814
849 90 34 40 0.809
896 116 40 44 0.805
301 264 34 42 0.797
925 267 39 52 0.790
323 473 43 51 0.789
1005 113 19 46 0.789
171 163 38 50 0.788
566 234 37 46 0.782
892 251 38 46 0.774
531 263 36 49 0.753
307 514 44 65 0.752
108 301 45 45 0.750
961 169 42 41 0.730
816 526 44 52 0.727
142 233 39 51 0.718
227 550 16 20 0.692
517 472 41 47 0.686
545 154 14 17 0.680
612 523 45 57 0.661
745 571 39 58 0.656
120 484 42 61 0.647
747 283 28 35 0.636
483 247 33 38 0.635
145 488 41 59 0.573
789 264 31 50 0.494
807 228 30 61 0.448
315 405 22 28 0.407
43 243 33 47 0.365
897 264 63 50 0.335
703 247 32 39 0.314
195 602 31 65 0.307
32 274 38 62 0.296
729 188 9 11 0.189
245 270 24 30 0.177
181 609 33 57 0.165
482 168 18 21 0.164
72 187 28 42 0.157
202 498 25 28 0.149
573 519 39 50 0.122
96 623 42 56 0.120
774 263 33 47 0.119
375 541 29 44 0.118
717 183 9 13 0.105
392 623 46 56 0.096
105 562 35 59 0.093
494 239 36 41 0.076
1012 614 12 36 0.069
794 281 28 37 0.066
342 235 28 34 0.065
386 545 25 42 0.065
362 358 13 17 0.055
440 639 51 39 0.050
577 637 33 43 0.047
725 186 13 15 0.043
134 472 41 64 0.042
132 290 38 46 0.042
510 238 31 39 0.040
211 555 13 16 0.040
208 493 23 28 0.040
542 536 33 48 0.040
1006 610 18 48 0.036
112 558 27 46 0.034
788 190 17 20 0.034
988 159 34 43 0.034
714 186 25 13 0.033
694 537 40 58 0.032
977 162 37 44 0.032
342 239 38 47 0.028
586 157 12 15 0.026
474 168 17 22 0.025
234 548 22 19 0.025
120 247 43 47 0.024
823 532 54 61 0.024
60 188 31 43 0.024
743 553 36 52 0.024
693 255 36 41 0.023
77 195 33 42 0.023
203 470 29 46 0.022
47 196 28 39 0.020
