2_Demonstration_Protesters_2_57
34
72 223 39 45 0.841
385 233 37 48 0.837
29 238 33 43 0.831
710 191 32 41 0.828
224 228 39 43 0.822
515 260 31 37 0.802
654 240 29 35 0.683
931 261 24 36 0.599
803 261 26 32 0.382
156 288 29 37 0.306
570 293 29 34 0.276
363 264 19 26 0.265
478 272 28 33 0.263
894 228 23 35 0.214
366 262 13 20 0.122
474 272 20 27 0.115
810 256 24 31 0.106
820 243 31 35 0.096
950 278 34 43 0.083
493 268 25 34 0.082
880 225 28 41 0.070
584 307 24 35 0.048
357 270 21 28 0.038
441 277 24 26 0.037
580 293 21 26 0.032
830 234 32 40 0.031
570 222 8 10 0.031
773 272 18 23 0.030
147 279 32 43 0.026
939 273 33 40 0.025
448 275 19 22 0.025
0 284 8 28 0.024
775 268 28 26 0.024
825 230 26 38 0.023
