2_Demonstration_Protesters_2_293
91
222 525 87 108 0.880
291 435 55 71 0.856
864 459 73 88 0.855
544 465 68 89 0.850
455 435 53 74 0.839
836 589 71 94 0.838
165 373 38 54 0.829
796 456 59 74 0.801
353 360 35 52 0.798
479 366 42 49 0.785
90 343 42 68 0.777
605 385 36 50 0.761
408 336 32 40 0.722
409 470 45 86 0.721
566 413 51 68 0.720
728 511 50 101 0.709
673 357 32 41 0.654
53 309 35 44 0.623
0 368 22 72 0.589
128 365 29 41 0.555
249 461 44 57 0.526
851 400 35 45 0.449
864 394 34 46 0.419
0 426 31 82 0.369
593 288 26 38 0.344
671 450 53 61 0.331
342 313 22 26 0.307
778 330 19 25 0.254
748 414 52 59 0.243
557 359 27 34 0.240
299 355 19 24 0.232
113 268 22 31 0.228
439 325 22 32 0.221
628 339 25 32 0.220
748 332 27 39 0.194
1016 424 8 52 0.174
46 330 37 51 0.160
317 343 20 24 0.157
841 410 43 56 0.140
807 339 22 29 0.137
581 325 23 32 0.118
757 331 22 31 0.105
784 331 20 26 0.090
73 261 19 25 0.089
755 330 48 32 0.088
271 360 24 35 0.086
804 337 18 26 0.086
245 451 39 53 0.083
438 260 19 28 0.071
791 371 28 37 0.067
594 307 24 32 0.067
172 329 31 40 0.062
1011 500 13 52 0.060
359 295 16 21 0.059
278 358 16 22 0.058
803 332 15 21 0.054
438 310 21 25 0.052
660 361 38 45 0.048
272 372 34 55 0.047
583 297 29 43 0.047
631 327 27 38 0.042
101 275 22 36 0.041
118 354 34 53 0.041
305 347 20 19 0.039
836 397 37 47 0.037
763 327 24 30 0.036
876 326 13 15 0.035
299 350 13 16 0.034
879 395 26 39 0.033
108 270 18 26 0.032
680 345 33 47 0.031
687 316 17 24 0.030
58 303 28 35 0.030
569 306 27 34 0.029
175 325 25 31 0.028
191 331 39 45 0.027
680 297 15 21 0.027
120 267 18 27 0.026
1009 430 15 83 0.025
575 300 26 32 0.024
798 376 20 25 0.023
172 259 17 22 0.022
782 376 36 45 0.022
727 323 20 27 0.022
271 393 38 48 0.022
872 322 13 17 0.021
623 347 27 34 0.021
727 329 39 39 0.021
732 323 24 33 0.021
600 287 21 27 0.020
1008 423 15 52 0.020
