2_Demonstration_Demonstration_Or_Protest_2_453
43
469 235 93 108 0.853
11 292 41 57 0.823
61 306 33 46 0.805
576 324 28 35 0.785
400 263 42 60 0.766
608 294 25 35 0.763
755 327 22 26 0.752
692 312 19 25 0.735
188 279 62 67 0.728
661 305 21 29 0.714
738 311 15 20 0.677
649 279 20 28 0.672
805 308 19 25 0.670
719 337 19 23 0.646
914 321 18 22 0.630
722 319 16 18 0.582
755 305 12 15 0.375
269 335 21 26 0.222
170 279 45 52 0.220
555 320 17 24 0.122
638 284 13 19 0.113
222 292 36 48 0.080
175 429 53 65 0.076
832 323 13 20 0.072
873 335 17 25 0.069
910 317 18 23 0.069
0 342 22 43 0.067
337 315 30 40 0.065
832 330 13 21 0.064
582 504 29 38 0.060
780 309 11 15 0.051
758 303 10 13 0.047
834 294 15 22 0.046
762 306 19 16 0.046
594 263 19 22 0.041
832 308 15 25 0.037
874 342 15 22 0.035
288 322 22 28 0.035
556 312 20 26 0.032
717 71 12 18 0.030
566 509 34 34 0.029
280 323 23 28 0.026
1 517 50 50 0.026
