2_Demonstration_Demonstrators_2_307
557
753 169 9 13 0.678
112 256 12 15 0.665
650 118 10 13 0.654
468 82 9 12 0.642
388 394 15 18 0.632
587 92 10 12 0.626
381 94 9 12 0.619
606 148 10 13 0.618
202 454 14 16 0.618
77 430 14 17 0.613
556 37 9 11 0.612
617 104 10 13 0.609
403 73 9 11 0.607
437 72 9 11 0.606
743 117 10 12 0.605
246 67 10 12 0.602
907 216 10 12 0.593
742 59 9 12 0.591
89 120 10 11 0.590
331 156 9 12 0.585
429 103 10 11 0.583
702 79 10 12 0.582
343 220 10 13 0.581
620 30 9 12 0.578
257 97 10 12 0.566
618 169 10 12 0.566
856 16 9 12 0.565
610 60 9 12 0.561
798 8 9 12 0.555
849 326 10 12 0.553
643 187 10 12 0.549
646 87 9 12 0.549
676 121 10 12 0.543
197 90 10 12 0.541
743 195 8 12 0.540
120 185 12 13 0.525
818 220 10 12 0.519
190 382 14 16 0.518
153 19 10 12 0.517
1012 82 9 11 0.513
876 46 9 12 0.513
178 151 11 12 0.512
55 199 10 12 0.505
672 51 8 11 0.502
845 212 9 11 0.497
356 124 10 12 0.496
413 107 9 11 0.488
938 98 8 10 0.487
250 166 10 12 0.482
872 270 11 13 0.480
923 240 10 12 0.474
987 88 9 11 0.468
587 112 9 10 0.464
575 131 9 12 0.463
101 58 9 11 0.458
651 0 10 10 0.457
195 593 15 18 0.451
385 6 10 12 0.436
373 162 9 11 0.434
438 209 10 14 0.432
880 232 8 10 0.428
725 22 10 12 0.423
687 95 8 11 0.417
333 307 12 15 0.414
826 304 10 11 0.411
928 197 10 12 0.410
724 176 9 11 0.409
124 47 9 11 0.407
319 139 9 11 0.403
282 344 13 15 0.398
64 480 13 17 0.396
777 1 9 10 0.390
492 588 14 20 0.390
73 85 8 11 0.387
434 137 8 10 0.385
974 391 11 13 0.385
208 22 8 10 0.382
427 336 15 16 0.381
65 23 9 10 0.379
113 27 9 12 0.379
240 34 10 12 0.377
914 308 10 13 0.375
553 87 10 12 0.375
101 502 12 17 0.372
276 560 14 18 0.372
708 9 9 11 0.371
476 127 10 11 0.369
280 17 9 10 0.365
948 269 9 11 0.363
861 309 9 11 0.362
174 234 11 14 0.360
627 186 10 12 0.355
451 144 8 10 0.354
348 33 9 10 0.354
800 210 9 12 0.343
214 55 10 12 0.338
837 240 8 11 0.337
33 161 10 12 0.331
670 10 8 10 0.330
714 57 8 10 0.329
192 5 8 10 0.324
893 165 11 13 0.318
298 190 10 12 0.314
916 261 10 11 0.314
50 127 9 11 0.311
524 75 11 12 0.310
482 325 10 12 0.304
355 10 10 12 0.303
848 6 8 8 0.301
889 17 8 11 0.298
998 247 8 10 0.296
693 58 9 11 0.292
943 147 8 10 0.291
556 60 10 12 0.291
32 98 9 10 0.289
855 60 9 10 0.278
849 273 9 11 0.276
917 285 10 12 0.275
412 172 10 13 0.272
1010 352 11 13 0.272
121 283 10 15 0.261
988 24 9 11 0.260
829 191 8 10 0.258
689 20 8 9 0.255
133 5 8 10 0.254
24 53 8 9 0.250
359 220 9 12 0.250
810 152 9 10 0.248
229 312 15 18 0.247
154 263 11 13 0.236
986 336 11 12 0.236
671 69 9 11 0.228
903 135 9 11 0.228
528 32 10 12 0.218
337 291 12 14 0.215
109 302 11 13 0.214
258 404 16 18 0.214
99 39 8 10 0.207
683 38 9 11 0.207
44 47 8 10 0.200
703 368 10 12 0.197
715 134 9 11 0.196
877 77 9 11 0.185
945 160 9 12 0.182
542 134 9 12 0.182
988 2 10 12 0.179
266 132 9 10 0.179
613 84 10 12 0.175
648 43 8 10 0.174
207 498 12 17 0.171
561 634 13 15 0.170
4 171 10 12 0.170
196 259 12 14 0.167
485 103 8 11 0.167
321 49 10 12 0.167
357 63 8 9 0.166
499 43 9 11 0.166
152 92 10 12 0.163
844 56 9 13 0.163
946 327 10 11 0.161
520 131 10 13 0.156
258 202 10 12 0.156
715 510 11 13 0.153
523 412 15 18 0.151
137 341 16 17 0.150
153 233 12 15 0.148
174 405 16 19 0.148
992 378 10 12 0.147
291 437 14 20 0.147
262 25 8 11 0.145
728 56 8 10 0.145
981 198 9 10 0.144
845 49 9 14 0.144
89 58 9 11 0.141
243 7 9 10 0.140
842 149 9 11 0.139
931 368 11 12 0.139
562 354 10 13 0.138
238 37 9 11 0.136
431 338 15 16 0.136
505 6 8 10 0.133
323 537 16 19 0.131
940 129 8 13 0.129
119 94 10 12 0.129
982 19 9 12 0.128
149 378 16 19 0.128
420 415 15 17 0.126
939 110 9 11 0.125
322 210 10 13 0.124
939 175 8 10 0.123
222 72 8 10 0.121
445 445 17 23 0.121
747 0 8 8 0.121
147 300 11 13 0.120
311 88 10 11 0.120
951 216 8 10 0.120
344 46 10 13 0.119
714 144 9 12 0.117
935 170 8 11 0.117
624 11 8 10 0.117
268 150 13 15 0.115
916 330 9 10 0.114
110 294 14 18 0.114
717 103 9 11 0.114
797 36 12 14 0.113
448 413 12 15 0.113
139 101 12 13 0.112
392 598 13 16 0.112
906 65 8 10 0.111
413 483 16 21 0.110
603 622 15 22 0.110
530 72 11 13 0.110
279 391 14 17 0.108
88 28 7 10 0.107
672 47 12 13 0.106
1008 20 10 12 0.105
258 456 14 18 0.104
353 10 21 12 0.103
318 267 13 16 0.101
388 239 11 14 0.100
369 8 8 11 0.100
584 26 9 12 0.096
32 540 12 14 0.096
939 0 8 8 0.095
744 223 10 12 0.095
775 62 9 11 0.094
427 0 9 10 0.094
319 337 14 17 0.093
678 372 10 11 0.093
483 47 9 13 0.090
145 80 9 10 0.090
948 348 9 12 0.089
773 157 9 12 0.089
961 0 10 10 0.089
943 164 11 13 0.088
974 223 10 13 0.087
260 399 20 20 0.086
375 44 9 12 0.086
804 56 10 12 0.085
94 36 12 11 0.084
23 67 9 13 0.081
850 39 8 10 0.081
715 56 10 10 0.081
492 44 15 12 0.080
523 53 9 11 0.080
190 19 9 11 0.080
241 31 13 15 0.079
220 67 9 16 0.079
877 304 8 11 0.079
608 145 10 25 0.078
977 259 9 12 0.078
940 113 8 24 0.077
74 307 12 16 0.077
278 555 21 18 0.076
931 56 10 13 0.076
998 235 9 10 0.076
528 318 12 13 0.075
948 333 10 17 0.075
124 186 12 13 0.074
525 519 15 17 0.074
869 397 12 14 0.074
138 161 9 11 0.073
917 47 8 11 0.073
984 152 10 11 0.072
955 134 9 12 0.072
294 76 10 13 0.072
892 6 9 10 0.071
687 24 10 13 0.071
740 14 12 16 0.071
957 218 9 10 0.071
744 28 8 10 0.070
254 75 10 46 0.070
990 25 8 11 0.070
122 50 9 13 0.070
616 201 10 12 0.069
499 78 8 10 0.067
793 187 10 11 0.067
844 454 13 15 0.067
642 41 11 11 0.067
783 100 9 10 0.066
945 263 10 14 0.066
503 480 15 19 0.065
368 7 20 10 0.065
746 0 9 17 0.064
226 319 15 17 0.064
324 22 9 11 0.063
186 294 12 14 0.062
70 21 13 12 0.062
3 153 11 13 0.061
393 168 9 11 0.061
429 412 17 17 0.061
293 143 11 13 0.060
630 38 12 11 0.058
475 20 8 12 0.058
843 66 9 12 0.058
731 244 9 12 0.058
431 524 15 19 0.058
842 56 24 13 0.057
797 201 10 22 0.057
327 19 10 12 0.057
555 33 11 21 0.057
937 131 18 13 0.057
540 383 13 14 0.056
627 540 14 16 0.056
789 518 11 11 0.056
238 66 11 14 0.054
322 19 13 12 0.054
962 233 10 15 0.053
670 71 8 13 0.052
954 255 9 13 0.052
265 7 8 11 0.052
244 4 8 17 0.052
405 154 10 16 0.052
752 158 9 39 0.052
298 282 12 16 0.052
579 19 12 16 0.052
846 77 11 13 0.052
48 16 9 11 0.051
369 343 12 14 0.051
412 105 17 15 0.051
968 175 9 12 0.051
24 73 9 13 0.051
347 29 11 19 0.051
873 176 8 11 0.050
479 326 11 13 0.050
26 112 9 11 0.050
266 391 20 17 0.050
746 225 11 12 0.050
51 106 8 9 0.050
256 391 19 17 0.049
522 137 10 11 0.049
918 289 10 14 0.049
801 495 11 14 0.048
148 357 16 43 0.048
353 144 9 11 0.047
901 132 10 11 0.047
739 622 17 20 0.047
850 42 7 13 0.047
291 430 15 19 0.046
748 46 8 11 0.046
917 261 9 31 0.046
577 576 14 17 0.046
232 306 14 18 0.045
917 277 11 26 0.045
191 18 14 13 0.045
312 91 11 14 0.045
332 331 15 17 0.045
658 69 10 11 0.045
917 254 10 14 0.045
378 7 21 13 0.045
393 552 16 18 0.045
798 4 8 12 0.044
39 0 12 12 0.044
843 60 9 26 0.044
282 451 17 21 0.044
995 380 9 11 0.044
502 7 9 10 0.044
419 521 17 19 0.044
951 326 11 12 0.044
133 343 16 19 0.043
707 12 14 14 0.043
287 144 14 15 0.043
721 165 12 27 0.043
147 361 14 17 0.043
62 41 12 10 0.043
858 181 9 11 0.043
579 497 13 16 0.043
984 18 12 18 0.043
452 568 14 19 0.043
194 254 13 26 0.042
621 181 35 21 0.042
35 35 9 10 0.042
916 12 8 12 0.042
278 605 14 19 0.042
931 200 13 12 0.041
991 374 10 12 0.041
399 159 15 13 0.041
799 33 12 13 0.041
795 299 9 11 0.041
975 215 10 15 0.040
217 5 12 11 0.040
66 176 9 11 0.040
831 238 10 12 0.040
188 56 10 12 0.039
564 157 9 11 0.039
15 224 12 15 0.039
772 474 12 12 0.039
210 50 12 17 0.039
338 331 14 19 0.038
487 537 14 19 0.038
716 150 12 13 0.038
700 14 11 12 0.038
947 324 12 11 0.038
142 94 16 17 0.038
150 32 10 13 0.038
713 529 12 17 0.037
790 200 9 12 0.037
997 250 8 11 0.037
315 266 20 22 0.037
983 74 11 13 0.037
865 47 23 16 0.037
1 195 10 13 0.037
262 147 18 25 0.036
324 334 26 16 0.036
475 125 8 11 0.036
960 24 10 12 0.036
701 203 11 16 0.036
702 579 14 17 0.036
614 519 12 16 0.036
189 288 13 17 0.036
984 196 10 11 0.036
800 36 10 23 0.036
520 46 11 13 0.036
290 551 14 18 0.035
2 174 10 26 0.035
256 454 26 22 0.035
280 457 14 19 0.035
714 515 11 26 0.035
734 10 10 17 0.035
958 219 17 17 0.034
527 512 15 23 0.034
209 268 12 15 0.034
376 88 11 14 0.034
631 580 13 18 0.034
784 129 9 11 0.034
608 185 11 12 0.033
968 154 9 12 0.033
292 547 14 17 0.033
450 138 13 14 0.033
69 302 13 17 0.033
65 2 9 11 0.033
983 2 12 20 0.033
985 200 10 12 0.033
341 49 18 14 0.033
436 339 14 15 0.033
7 81 13 10 0.033
767 563 12 14 0.032
179 161 11 13 0.032
328 538 16 18 0.032
242 201 10 12 0.032
430 308 12 15 0.032
772 161 9 11 0.032
624 8 12 17 0.032
451 459 16 23 0.032
825 84 10 13 0.031
831 321 9 10 0.031
339 48 11 12 0.031
528 28 9 12 0.031
583 494 16 16 0.031
902 289 9 15 0.031
509 475 13 20 0.030
147 35 9 11 0.030
144 348 14 16 0.030
727 481 10 12 0.030
601 350 11 14 0.030
391 589 16 19 0.030
886 238 7 9 0.029
71 42 7 12 0.029
519 137 9 10 0.029
533 498 12 17 0.029
969 228 18 15 0.029
30 90 11 21 0.029
597 485 12 14 0.029
958 245 10 20 0.029
314 84 11 14 0.029
138 84 11 13 0.028
744 204 8 27 0.028
3 169 12 22 0.027
391 584 15 17 0.027
61 483 15 18 0.027
936 244 11 17 0.027
635 90 10 12 0.027
865 413 13 18 0.027
259 5 17 11 0.027
185 397 15 21 0.027
930 558 14 17 0.027
182 152 9 11 0.027
89 5 8 10 0.026
132 7 8 10 0.026
0 498 8 16 0.026
947 251 15 12 0.026
158 261 15 16 0.026
793 300 9 12 0.026
499 515 20 21 0.025
983 149 14 21 0.025
444 439 15 20 0.025
754 479 13 15 0.025
760 234 9 11 0.025
974 21 18 13 0.025
470 84 11 13 0.025
954 117 13 12 0.025
574 4 9 11 0.025
285 81 19 13 0.025
988 90 13 11 0.025
475 11 9 15 0.025
456 470 14 18 0.025
276 508 18 19 0.024
318 103 11 14 0.024
506 517 19 20 0.024
293 189 11 13 0.024
526 32 9 12 0.024
309 271 22 18 0.024
283 600 15 18 0.024
154 376 15 19 0.024
519 133 25 14 0.024
182 156 9 12 0.024
850 563 24 20 0.023
944 177 9 12 0.023
662 94 10 12 0.023
171 222 11 27 0.023
950 270 12 10 0.023
362 220 8 12 0.023
455 524 16 19 0.023
302 32 10 13 0.023
812 90 10 11 0.023
866 398 13 25 0.023
304 31 14 13 0.022
816 408 12 16 0.022
829 40 9 10 0.022
92 81 12 13 0.022
631 541 17 16 0.022
354 130 10 15 0.022
413 520 15 19 0.022
926 60 10 12 0.022
862 124 10 12 0.022
69 47 9 10 0.022
900 274 8 13 0.022
331 301 14 18 0.022
655 0 14 10 0.022
381 589 16 22 0.022
376 590 14 18 0.022
529 320 15 14 0.022
407 12 10 11 0.021
355 267 12 15 0.021
61 26 10 19 0.021
272 153 11 14 0.021
350 156 11 12 0.021
251 391 17 18 0.021
371 166 9 11 0.021
114 185 11 13 0.021
752 12 13 16 0.021
716 503 13 21 0.021
4 180 10 14 0.021
798 11 11 16 0.021
49 319 15 15 0.021
489 592 15 23 0.021
873 398 10 13 0.021
4 154 17 16 0.020
76 443 16 21 0.020
0 162 26 22 0.020
888 239 8 10 0.020
760 593 11 14 0.020
372 78 9 11 0.020
696 370 17 13 0.020
50 82 9 11 0.020
791 527 12 16 0.020
462 549 13 19 0.020
