2_Demonstration_Political_Rally_2_406
28
263 595 98 120 0.872
619 622 142 145 0.855
506 697 61 70 0.842
808 616 169 152 0.840
559 614 38 51 0.820
492 581 22 29 0.804
125 588 24 30 0.786
252 547 21 25 0.784
139 560 22 27 0.776
69 556 21 23 0.758
381 621 44 61 0.737
327 543 19 30 0.676
747 337 15 18 0.660
210 629 22 22 0.621
251 612 32 48 0.601
776 593 39 52 0.534
0 583 20 31 0.431
163 652 26 45 0.369
808 360 10 14 0.295
21 669 50 83 0.134
217 626 23 26 0.048
33 682 37 55 0.037
1 165 11 20 0.035
684 548 23 27 0.031
249 606 47 69 0.028
256 598 62 86 0.028
16 610 21 33 0.022
2 177 35 47 0.021
