2_Demonstration_Political_Rally_2_18
108
314 261 19 24 0.799
242 421 21 26 0.798
223 273 20 26 0.793
12 353 20 25 0.791
623 455 19 22 0.787
171 450 21 27 0.787
864 447 20 25 0.787
443 457 21 30 0.785
67 338 17 22 0.782
159 408 17 23 0.779
148 386 19 24 0.776
239 311 18 22 0.775
166 331 21 27 0.770
133 296 19 22 0.769
380 436 19 26 0.769
501 448 18 24 0.769
26 311 17 22 0.769
103 240 17 21 0.768
423 426 18 23 0.764
767 420 19 22 0.764
264 205 18 24 0.761
186 306 17 21 0.759
488 361 16 21 0.757
315 438 21 25 0.754
530 394 18 25 0.753
480 404 18 19 0.744
88 264 19 23 0.742
354 343 19 24 0.737
171 258 17 23 0.726
915 434 19 22 0.725
452 295 16 21 0.722
22 460 20 24 0.719
25 257 16 22 0.719
98 447 20 25 0.715
83 289 17 21 0.711
272 394 20 27 0.708
300 331 18 27 0.698
367 303 18 23 0.682
364 430 16 20 0.681
462 488 18 23 0.671
43 449 19 24 0.660
41 240 17 20 0.651
188 225 16 21 0.651
228 251 17 19 0.640
333 201 16 21 0.622
436 412 18 23 0.620
43 424 18 22 0.616
76 321 16 20 0.609
301 317 17 22 0.580
0 209 12 19 0.527
370 345 14 20 0.513
428 358 17 21 0.512
337 391 16 22 0.495
128 431 16 19 0.451
154 304 17 21 0.433
230 363 18 23 0.429
0 468 11 22 0.388
33 244 17 21 0.324
39 335 16 19 0.311
396 393 15 18 0.308
278 263 17 22 0.298
250 344 17 22 0.294
1 259 9 24 0.288
236 384 18 24 0.262
386 398 15 20 0.220
0 269 7 25 0.213
58 259 12 15 0.211
141 298 21 24 0.172
82 279 15 59 0.144
184 279 16 20 0.141
372 370 14 21 0.113
21 435 15 18 0.113
301 444 15 20 0.101
545 432 18 23 0.087
369 362 17 22 0.081
431 358 17 33 0.081
151 307 30 42 0.067
125 248 12 16 0.065
0 500 7 27 0.065
14 463 18 24 0.065
343 273 12 17 0.059
89 387 14 16 0.057
388 376 16 83 0.053
430 354 16 20 0.052
0 401 8 22 0.050
301 287 17 22 0.043
251 335 17 22 0.040
20 256 17 21 0.040
187 216 18 20 0.038
132 426 15 19 0.035
404 467 20 26 0.035
315 355 16 21 0.034
442 368 16 16 0.033
164 222 16 18 0.033
589 559 24 43 0.032
29 296 16 22 0.031
441 315 16 17 0.031
356 456 16 20 0.030
0 414 6 30 0.028
106 288 14 17 0.027
304 438 21 24 0.026
474 562 17 19 0.026
44 417 18 21 0.024
34 337 16 21 0.024
274 456 15 19 0.023
0 334 11 21 0.023
0 281 5 28 0.023
314 568 23 36 0.020
