2_Demonstration_Demonstrators_2_268
99
973 258 43 50 0.808
841 276 22 26 0.790
722 360 22 29 0.788
574 280 25 30 0.777
78 285 33 38 0.774
269 257 25 31 0.770
363 263 23 28 0.739
167 286 17 21 0.738
682 245 21 25 0.719
32 267 15 18 0.711
878 253 19 21 0.709
538 249 13 17 0.702
946 262 18 21 0.668
446 259 14 18 0.660
241 261 14 17 0.635
135 270 13 17 0.586
219 252 12 17 0.580
158 264 19 20 0.502
104 267 10 14 0.501
410 248 9 10 0.469
602 258 10 11 0.451
74 254 20 25 0.439
784 256 7 9 0.341
507 267 10 14 0.320
927 254 8 10 0.302
769 261 7 8 0.283
644 244 9 12 0.276
292 262 13 18 0.244
0 278 9 22 0.230
337 255 11 12 0.220
754 258 7 8 0.220
0 298 12 21 0.190
616 274 12 15 0.178
108 285 15 23 0.176
104 272 15 16 0.171
525 252 10 14 0.167
343 278 11 13 0.156
789 272 8 10 0.154
819 256 6 9 0.146
834 260 9 10 0.140
706 249 11 14 0.134
311 262 8 9 0.129
909 251 12 13 0.119
729 258 8 9 0.119
580 249 11 11 0.117
604 256 13 12 0.108
528 251 20 13 0.101
668 252 11 14 0.095
640 292 9 12 0.093
520 255 12 14 0.091
75 249 15 20 0.090
538 234 9 12 0.085
805 262 7 9 0.077
730 260 10 10 0.076
14 276 11 14 0.075
426 287 10 16 0.072
313 261 15 9 0.070
729 254 8 10 0.068
758 259 21 9 0.064
848 251 12 13 0.063
3 302 12 16 0.062
341 273 16 21 0.059
394 274 9 12 0.059
565 255 11 11 0.056
323 261 9 9 0.056
61 260 18 19 0.051
767 257 7 7 0.051
604 249 9 18 0.047
443 272 13 16 0.045
625 252 10 11 0.044
818 257 7 16 0.043
777 286 7 9 0.041
538 242 12 19 0.040
792 273 9 9 0.039
220 273 9 11 0.039
122 264 10 12 0.038
606 242 8 10 0.036
302 295 11 12 0.035
413 248 8 10 0.035
614 284 14 16 0.032
622 240 15 20 0.031
844 254 19 13 0.031
60 264 11 14 0.030
924 252 13 15 0.030
756 253 8 24 0.030
2 293 12 22 0.030
344 253 11 12 0.028
427 291 15 17 0.024
613 242 18 16 0.024
806 246 8 20 0.024
772 301 6 9 0.023
778 251 34 19 0.023
430 277 20 15 0.023
759 275 8 10 0.022
427 280 9 12 0.021
779 272 12 25 0.021
349 255 14 17 0.020
504 269 12 16 0.020
834 252 9 15 0.020
