2_Demonstration_Demonstration_Or_Protest_2_159
42
821 347 104 104 0.845
585 342 53 74 0.843
267 374 57 63 0.836
427 182 44 56 0.820
670 382 33 42 0.817
173 158 48 57 0.777
528 415 31 38 0.770
216 417 16 23 0.722
565 392 27 32 0.722
289 196 24 30 0.623
464 379 19 27 0.498
783 319 51 61 0.482
244 405 20 30 0.459
327 402 25 35 0.396
958 317 62 90 0.362
124 398 28 46 0.191
942 345 44 58 0.184
518 166 38 48 0.181
563 376 39 52 0.178
47 390 19 23 0.141
232 385 14 15 0.119
705 101 39 38 0.115
177 389 17 23 0.072
943 357 29 42 0.048
657 371 19 25 0.041
181 386 14 16 0.041
217 395 12 15 0.041
190 441 19 27 0.039
663 378 32 37 0.039
236 384 14 17 0.038
216 391 19 17 0.035
650 393 20 29 0.034
626 354 25 44 0.033
648 398 16 21 0.032
228 249 30 41 0.030
214 393 13 14 0.029
112 395 32 51 0.028
637 371 13 18 0.027
364 399 24 34 0.026
0 392 13 23 0.024
319 380 28 42 0.023
224 397 13 18 0.022
