33_Running_Running_33_786
75
505 124 32 36 0.819
503 460 35 39 0.809
916 450 23 32 0.807
130 375 28 33 0.785
732 454 31 44 0.757
521 239 31 34 0.729
314 374 16 20 0.713
90 456 14 17 0.700
945 352 14 17 0.673
144 462 12 16 0.673
952 112 16 22 0.664
280 226 17 22 0.660
51 464 12 15 0.652
331 253 20 21 0.650
702 124 27 29 0.643
887 340 16 19 0.643
344 464 10 15 0.639
977 340 13 19 0.635
901 122 12 14 0.562
550 340 10 12 0.558
803 136 13 17 0.531
921 134 9 10 0.481
848 138 7 9 0.476
248 454 11 14 0.442
511 339 11 13 0.411
77 381 17 28 0.378
54 237 9 11 0.369
450 338 9 12 0.329
762 142 15 20 0.313
545 369 9 12 0.305
187 373 13 18 0.289
138 249 6 7 0.224
112 248 8 8 0.200
686 323 21 23 0.178
133 247 8 9 0.170
301 278 9 10 0.168
364 333 13 17 0.149
762 139 13 15 0.130
371 257 10 13 0.126
428 419 8 11 0.118
534 397 11 14 0.117
271 333 11 15 0.105
109 246 8 10 0.092
504 394 12 13 0.088
252 448 10 15 0.079
414 407 8 9 0.075
707 348 26 36 0.064
543 366 12 21 0.062
195 243 6 7 0.054
483 415 10 12 0.053
186 379 14 17 0.052
446 329 10 11 0.044
880 139 8 11 0.042
188 368 13 17 0.042
325 366 12 14 0.039
668 377 11 17 0.038
686 311 22 26 0.038
485 404 13 22 0.037
450 322 9 11 0.036
877 142 8 10 0.036
683 118 22 27 0.035
574 391 10 12 0.034
479 401 10 14 0.033
498 395 18 15 0.033
881 137 12 10 0.032
83 382 20 27 0.030
846 136 11 13 0.030
241 349 19 23 0.029
449 342 11 14 0.028
74 109 21 29 0.028
638 234 10 13 0.026
338 465 11 14 0.023
679 118 18 24 0.022
545 392 15 14 0.021
550 395 13 15 0.021
