33_Running_Running_33_266
50
362 257 48 65 0.849
795 93 42 53 0.848
611 124 43 52 0.847
239 221 46 58 0.844
0 163 39 52 0.844
769 271 50 59 0.842
873 196 46 57 0.839
95 262 48 58 0.833
183 173 44 47 0.831
484 251 50 58 0.825
809 202 49 48 0.802
747 212 43 50 0.800
663 197 48 39 0.795
393 130 42 46 0.771
282 207 41 41 0.770
511 173 49 49 0.757
251 157 43 48 0.733
884 129 43 48 0.726
991 209 33 44 0.719
921 103 32 47 0.714
379 215 44 44 0.680
639 319 51 36 0.636
127 192 40 39 0.620
35 163 31 44 0.565
54 142 33 43 0.538
68 220 40 43 0.532
481 147 29 39 0.413
331 163 34 42 0.381
227 152 23 34 0.336
115 149 32 35 0.252
152 141 27 29 0.249
633 307 31 39 0.165
45 151 33 41 0.149
435 133 26 34 0.139
267 127 29 36 0.091
889 107 42 52 0.077
92 198 35 43 0.073
75 209 40 47 0.072
486 155 30 39 0.049
631 299 27 39 0.046
345 156 39 44 0.043
67 149 30 37 0.036
222 149 35 46 0.036
261 136 34 39 0.034
137 179 39 45 0.030
73 139 27 35 0.028
317 150 32 43 0.027
82 134 23 25 0.022
43 133 33 43 0.021
631 321 38 33 0.020
