33_Running_Running_33_316
59
856 199 49 63 0.866
220 165 44 60 0.849
759 148 51 67 0.848
154 188 41 50 0.841
628 182 44 58 0.839
526 223 41 52 0.834
401 184 48 58 0.833
354 172 39 52 0.792
694 151 20 25 0.777
264 170 36 48 0.769
855 113 14 19 0.731
326 172 24 32 0.711
185 130 15 19 0.700
574 130 15 18 0.695
477 225 35 38 0.691
894 121 14 17 0.690
914 133 12 16 0.673
717 138 16 19 0.656
788 122 14 17 0.648
425 157 34 43 0.648
665 132 14 18 0.646
101 157 15 17 0.609
428 123 16 20 0.590
293 103 12 16 0.588
217 102 11 14 0.577
547 124 13 16 0.571
823 110 13 16 0.524
327 107 10 14 0.498
823 129 12 15 0.419
471 129 11 13 0.401
46 110 15 17 0.394
38 111 18 17 0.261
595 119 13 15 0.256
413 108 11 13 0.249
372 136 13 14 0.208
823 108 13 31 0.175
41 173 12 15 0.167
507 135 10 16 0.115
600 121 11 14 0.108
270 126 13 18 0.107
649 146 10 14 0.081
466 126 12 14 0.072
606 167 22 29 0.072
284 105 14 17 0.068
898 122 14 18 0.064
332 110 12 13 0.055
476 130 12 15 0.053
327 105 13 22 0.048
474 140 12 18 0.039
359 140 20 22 0.038
676 64 8 10 0.036
327 133 13 17 0.034
473 148 10 13 0.033
672 140 13 22 0.029
338 118 10 11 0.027
605 122 9 13 0.023
316 163 22 32 0.022
448 133 12 12 0.021
369 139 17 21 0.020
