34_Baseball_Baseball_34_350
194
785 97 10 13 0.663
605 273 17 20 0.655
974 101 10 12 0.603
656 274 15 18 0.597
191 136 10 13 0.580
897 117 10 12 0.578
595 129 10 14 0.547
526 90 10 12 0.544
744 136 9 11 0.537
963 118 9 12 0.527
218 96 11 13 0.514
840 119 9 12 0.512
683 21 11 14 0.480
235 119 10 12 0.455
486 119 10 12 0.451
19 7 8 12 0.428
552 114 10 12 0.426
172 127 9 9 0.406
508 28 9 12 0.401
1007 157 9 9 0.397
800 145 12 14 0.381
541 133 11 13 0.377
856 13 9 12 0.364
120 10 10 12 0.358
87 115 11 14 0.331
12 140 9 12 0.331
552 7 9 12 0.326
860 93 9 10 0.317
497 131 9 11 0.315
667 3 11 14 0.295
908 96 9 12 0.292
611 97 9 9 0.279
679 102 10 13 0.278
923 88 8 9 0.265
672 39 10 12 0.263
743 87 8 9 0.251
72 103 8 12 0.242
564 31 10 12 0.240
98 0 7 9 0.240
676 153 10 12 0.236
616 34 9 11 0.235
802 4 10 12 0.228
602 7 9 12 0.222
837 98 9 11 0.222
663 139 9 9 0.214
990 126 7 9 0.210
29 26 10 11 0.208
133 27 9 10 0.205
453 16 8 9 0.202
54 91 8 9 0.187
799 24 9 12 0.183
150 33 9 12 0.183
121 142 10 12 0.179
672 114 13 13 0.165
484 96 9 12 0.165
671 263 11 16 0.164
678 86 8 10 0.164
935 104 7 11 0.162
754 21 10 12 0.161
429 489 26 27 0.158
361 33 8 10 0.155
677 112 10 16 0.152
664 99 10 12 0.151
173 10 8 9 0.151
616 11 9 10 0.150
666 113 9 11 0.148
66 14 8 10 0.147
133 64 10 12 0.146
682 100 10 12 0.146
666 266 14 19 0.146
600 34 8 11 0.136
19 105 9 12 0.135
927 91 7 9 0.131
74 25 9 11 0.129
409 33 8 9 0.118
610 156 9 10 0.114
548 117 13 18 0.112
999 63 7 9 0.101
860 94 16 9 0.099
42 108 9 10 0.098
622 264 13 17 0.098
608 129 11 12 0.095
1010 46 7 9 0.094
233 65 8 10 0.086
462 126 7 10 0.085
911 10 8 9 0.084
138 1 8 10 0.084
907 98 9 16 0.082
184 34 9 10 0.081
3 121 10 13 0.080
603 131 12 11 0.079
742 132 10 12 0.076
923 122 8 11 0.076
55 41 9 12 0.074
353 58 7 9 0.072
253 128 8 9 0.072
440 37 8 10 0.071
372 40 8 9 0.069
132 27 15 13 0.067
568 34 11 11 0.065
594 334 15 15 0.065
619 13 8 9 0.065
564 101 11 15 0.064
549 3 11 12 0.063
599 128 12 14 0.062
62 139 8 10 0.062
119 140 10 12 0.059
736 99 11 14 0.058
676 96 12 33 0.054
506 25 9 10 0.053
54 26 11 12 0.053
665 97 17 22 0.052
398 13 9 9 0.050
693 124 7 11 0.049
1015 133 8 20 0.048
205 127 9 11 0.046
967 97 11 36 0.046
740 14 9 10 0.045
305 58 9 12 0.044
748 89 9 10 0.044
444 118 9 11 0.043
56 57 10 11 0.042
416 93 9 10 0.041
661 136 9 12 0.041
100 7 9 21 0.041
377 97 9 10 0.041
75 28 9 11 0.040
665 102 12 21 0.039
9 61 7 9 0.039
881 89 9 10 0.039
26 24 9 12 0.039
93 10 12 18 0.038
28 139 9 10 0.038
427 116 9 11 0.038
554 4 10 12 0.038
872 95 8 13 0.037
755 105 9 12 0.037
48 87 14 14 0.036
791 178 9 11 0.034
554 159 8 9 0.034
117 143 15 15 0.033
444 141 8 9 0.033
898 0 7 6 0.032
963 91 13 52 0.032
406 34 11 10 0.032
524 122 9 12 0.031
733 98 18 13 0.031
357 34 9 12 0.031
352 82 8 9 0.031
218 97 23 16 0.030
898 34 6 8 0.030
118 11 17 13 0.029
31 62 7 10 0.029
921 2 9 8 0.029
89 15 11 22 0.028
646 267 13 18 0.028
56 39 9 30 0.028
693 139 8 13 0.028
955 1 6 9 0.027
803 147 12 15 0.027
674 261 13 18 0.027
605 282 16 18 0.026
893 11 7 7 0.026
920 126 8 10 0.026
759 22 9 12 0.026
628 33 15 10 0.026
743 84 7 9 0.025
552 87 9 11 0.025
357 31 11 11 0.025
374 39 10 9 0.025
913 5 8 16 0.024
986 0 8 9 0.024
895 0 7 18 0.024
70 96 12 30 0.024
102 30 9 9 0.023
423 3 7 10 0.023
59 9 13 24 0.023
384 93 11 12 0.023
43 99 13 21 0.023
895 0 14 16 0.022
63 22 26 16 0.022
685 19 11 14 0.022
1005 96 8 10 0.022
686 97 9 11 0.021
552 6 17 17 0.021
327 26 8 11 0.021
403 8 8 16 0.021
124 144 10 13 0.021
20 106 11 16 0.021
138 170 9 12 0.021
693 120 7 27 0.020
798 148 12 16 0.020
101 21 12 21 0.020
634 34 8 10 0.020
