35_Basketball_Basketball_35_664
37
9 446 10 14 0.391
22 317 10 11 0.320
696 351 15 21 0.276
44 324 9 11 0.265
751 245 21 24 0.183
41 325 10 11 0.174
101 308 6 9 0.167
135 336 8 11 0.142
38 328 8 10 0.138
755 241 27 28 0.128
0 339 8 10 0.117
768 230 26 32 0.073
692 357 16 19 0.070
693 345 17 20 0.069
766 242 24 26 0.067
48 323 7 9 0.065
143 349 9 11 0.058
160 340 11 12 0.055
26 319 16 17 0.055
648 282 18 22 0.051
167 343 10 10 0.046
115 350 9 10 0.045
494 370 9 10 0.044
78 309 8 10 0.042
94 333 10 17 0.039
127 312 7 10 0.039
142 315 8 9 0.034
194 350 8 10 0.033
171 341 10 12 0.030
699 358 15 18 0.029
156 337 9 11 0.024
688 350 16 21 0.023
885 376 10 13 0.023
764 250 22 22 0.022
113 325 9 13 0.022
873 399 9 12 0.021
32 331 9 9 0.021
