35_Basketball_basketballgame_ball_35_565
451
882 355 21 27 0.778
786 469 26 37 0.776
703 387 21 28 0.767
867 432 24 30 0.764
799 426 24 31 0.741
898 290 18 25 0.738
533 449 16 21 0.734
876 460 23 30 0.731
781 384 21 26 0.725
579 425 16 22 0.717
927 390 18 26 0.712
964 284 18 22 0.712
591 475 19 24 0.700
869 218 13 17 0.696
762 250 12 15 0.695
828 227 13 16 0.680
914 252 14 18 0.680
444 370 10 15 0.673
613 344 15 19 0.671
802 258 13 17 0.671
817 277 15 20 0.671
784 186 11 13 0.666
541 326 11 14 0.664
568 310 11 15 0.663
858 252 13 17 0.661
605 429 17 21 0.660
317 423 12 16 0.659
137 450 14 17 0.655
649 349 12 15 0.655
517 432 16 21 0.651
793 316 15 20 0.644
732 307 15 20 0.642
688 309 12 16 0.634
403 414 13 15 0.633
799 334 17 21 0.631
553 433 12 19 0.630
443 415 12 16 0.627
720 290 13 17 0.626
707 313 14 17 0.621
786 231 12 16 0.611
949 352 20 27 0.605
471 380 12 14 0.595
223 448 16 20 0.582
491 398 12 16 0.578
639 225 8 10 0.575
241 397 9 11 0.574
332 374 9 13 0.569
827 384 20 25 0.569
841 278 13 15 0.565
280 458 14 21 0.565
979 144 11 16 0.564
940 235 14 18 0.563
501 369 12 16 0.559
659 308 13 15 0.555
377 346 9 12 0.546
672 263 12 14 0.542
778 264 12 16 0.540
705 248 12 15 0.538
257 457 18 22 0.535
847 179 11 14 0.525
73 401 13 16 0.518
915 162 12 16 0.512
632 269 11 14 0.510
955 245 14 18 0.501
977 194 13 15 0.493
890 250 12 15 0.490
910 234 12 14 0.487
204 411 11 13 0.485
716 249 12 15 0.482
700 349 15 18 0.482
419 338 10 13 0.481
160 390 8 11 0.478
670 327 11 15 0.476
195 455 13 17 0.476
14 389 8 11 0.471
1008 194 12 14 0.469
616 298 12 15 0.462
520 338 11 14 0.461
514 355 11 15 0.457
100 445 16 19 0.450
547 280 11 13 0.449
646 326 12 15 0.445
114 424 10 12 0.432
702 212 9 11 0.426
577 244 10 11 0.426
751 187 10 13 0.425
338 359 10 11 0.407
230 376 7 10 0.406
660 292 13 15 0.401
1004 144 12 14 0.390
553 240 8 10 0.382
383 412 11 14 0.380
364 332 9 11 0.379
128 427 11 13 0.379
464 346 10 12 0.364
796 324 18 25 0.358
435 305 7 8 0.351
453 391 11 14 0.351
436 343 9 11 0.349
878 173 11 13 0.346
452 290 8 10 0.335
356 405 11 15 0.331
190 412 9 11 0.327
710 248 15 16 0.325
528 292 9 11 0.312
974 266 16 17 0.304
493 355 10 14 0.303
661 256 10 13 0.302
425 452 11 13 0.301
448 323 8 10 0.300
616 281 11 13 0.299
858 271 13 15 0.294
193 430 12 14 0.290
389 308 8 10 0.281
855 197 13 16 0.279
461 311 10 12 0.276
566 336 13 14 0.276
49 402 10 11 0.276
573 220 9 11 0.261
1 418 8 11 0.252
616 227 9 11 0.248
38 434 9 11 0.245
514 255 8 10 0.245
886 246 13 17 0.239
484 296 9 10 0.238
184 388 9 12 0.237
665 220 10 12 0.235
507 284 9 11 0.235
469 316 9 11 0.231
1014 281 10 25 0.231
741 212 10 13 0.228
319 366 8 10 0.222
254 370 10 11 0.221
250 331 7 7 0.216
880 238 11 15 0.215
351 350 9 11 0.213
347 331 8 10 0.204
500 310 9 10 0.201
385 394 13 14 0.199
293 368 9 11 0.199
548 370 11 15 0.199
172 457 15 16 0.198
274 368 9 10 0.193
818 214 10 14 0.193
399 342 10 12 0.189
571 333 13 14 0.187
265 459 33 22 0.187
532 251 8 11 0.186
616 290 12 18 0.185
117 426 19 16 0.184
664 258 16 15 0.183
799 292 12 16 0.181
200 384 8 11 0.180
655 308 14 17 0.170
390 279 7 8 0.167
323 332 8 11 0.166
112 394 11 11 0.166
700 485 25 26 0.165
130 431 12 14 0.165
191 413 11 15 0.165
993 198 14 15 0.156
661 282 14 18 0.154
412 315 9 10 0.152
407 291 7 9 0.151
445 367 11 26 0.151
561 355 13 15 0.150
476 338 9 11 0.149
129 386 9 9 0.146
154 368 7 7 0.145
383 389 13 16 0.144
310 349 8 13 0.141
922 285 15 19 0.141
519 336 11 27 0.140
695 487 24 29 0.135
484 204 7 8 0.134
15 417 10 12 0.134
388 306 8 8 0.133
189 431 13 14 0.133
305 467 14 18 0.133
948 156 12 14 0.132
690 348 17 18 0.131
493 262 8 9 0.127
193 357 7 8 0.124
358 375 11 14 0.123
858 250 12 34 0.123
447 269 8 8 0.122
286 341 10 10 0.121
969 266 15 17 0.121
549 345 14 15 0.120
432 302 11 15 0.119
651 307 19 28 0.117
372 305 8 15 0.116
328 465 16 18 0.116
355 377 10 14 0.116
592 222 9 12 0.115
494 368 13 15 0.113
115 379 7 8 0.113
590 225 10 15 0.112
643 503 17 25 0.110
182 366 7 21 0.108
488 298 12 11 0.107
166 369 7 9 0.107
913 230 14 44 0.106
294 399 11 13 0.105
420 338 13 16 0.105
667 325 17 19 0.105
426 314 8 18 0.104
244 381 9 16 0.103
304 370 17 10 0.103
557 180 9 10 0.103
233 455 47 21 0.102
659 258 10 15 0.101
680 251 11 14 0.101
363 368 10 13 0.100
469 356 11 13 0.100
702 317 14 62 0.099
287 338 7 20 0.097
291 369 19 11 0.097
296 335 14 9 0.096
709 483 21 25 0.096
910 287 30 22 0.095
410 310 12 14 0.093
272 397 12 15 0.092
467 262 7 9 0.091
215 342 7 8 0.091
252 373 10 14 0.090
350 346 11 19 0.090
661 275 12 19 0.088
70 432 13 15 0.088
491 381 12 41 0.087
346 447 15 18 0.087
132 400 9 11 0.086
787 188 10 86 0.086
685 352 14 18 0.084
191 389 15 12 0.084
99 452 13 16 0.082
355 369 18 18 0.082
294 495 18 25 0.081
250 368 13 17 0.079
38 429 11 17 0.079
503 308 10 13 0.078
948 333 18 29 0.078
501 287 11 19 0.074
982 198 22 15 0.074
600 220 14 12 0.074
265 334 11 13 0.074
574 216 8 30 0.074
359 328 15 13 0.073
444 268 10 11 0.073
390 275 8 17 0.073
686 231 10 13 0.072
348 320 9 21 0.071
727 297 19 32 0.069
384 389 15 35 0.069
200 386 8 20 0.068
181 374 9 28 0.067
339 345 8 23 0.067
849 172 13 42 0.067
651 511 18 25 0.066
411 272 8 8 0.066
543 346 13 15 0.066
309 349 9 28 0.065
182 362 12 13 0.064
686 449 19 25 0.064
661 230 11 14 0.064
1016 335 8 25 0.063
271 460 18 22 0.063
352 356 15 16 0.062
277 403 13 14 0.062
613 314 12 17 0.061
517 289 14 12 0.061
1017 308 7 19 0.060
344 370 18 15 0.060
299 336 21 10 0.060
701 208 12 16 0.059
686 348 13 16 0.059
408 314 10 16 0.057
486 226 7 10 0.057
146 369 8 8 0.057
936 230 15 19 0.057
752 219 12 16 0.056
384 307 13 23 0.056
94 394 9 17 0.056
307 375 14 13 0.054
249 325 8 25 0.054
107 382 11 20 0.053
163 371 20 8 0.053
381 384 13 15 0.053
405 288 17 16 0.052
636 304 11 14 0.052
376 311 8 30 0.051
593 213 8 10 0.051
748 179 12 44 0.051
451 436 13 18 0.050
671 293 13 15 0.049
174 418 10 13 0.049
271 376 15 14 0.049
727 227 10 13 0.049
447 425 14 22 0.048
456 409 12 15 0.048
832 380 17 23 0.047
574 215 8 12 0.047
294 371 11 13 0.047
445 363 12 19 0.046
469 450 15 18 0.046
210 409 12 14 0.046
69 438 12 14 0.045
410 278 7 28 0.044
604 332 11 17 0.044
246 329 19 15 0.044
85 385 8 11 0.044
14 423 9 11 0.044
551 350 22 27 0.044
274 369 32 12 0.044
404 383 13 16 0.044
572 222 9 14 0.044
941 354 20 25 0.043
602 239 10 13 0.043
580 267 14 11 0.043
129 383 10 28 0.042
419 333 12 16 0.042
701 289 11 15 0.042
404 221 6 8 0.042
298 397 11 13 0.042
58 420 12 15 0.041
251 342 18 18 0.041
278 378 12 12 0.041
324 293 8 7 0.041
722 280 13 19 0.041
496 260 8 18 0.041
599 221 21 19 0.040
979 267 15 18 0.040
952 297 13 18 0.039
61 424 13 16 0.039
141 475 16 18 0.039
331 313 10 27 0.039
785 214 13 16 0.039
870 512 25 29 0.038
214 337 7 27 0.038
189 354 19 18 0.038
923 293 14 17 0.037
941 109 10 12 0.037
2 417 13 16 0.037
495 257 28 10 0.037
503 224 7 8 0.037
772 442 19 20 0.036
679 142 8 11 0.036
698 241 14 14 0.036
176 415 16 15 0.036
566 300 13 78 0.036
86 387 12 12 0.036
275 398 27 16 0.035
502 423 14 17 0.035
113 395 10 20 0.035
1007 265 16 42 0.035
173 416 9 12 0.035
999 257 11 15 0.035
485 251 9 11 0.035
138 371 22 8 0.034
378 326 11 18 0.034
268 331 12 27 0.034
514 253 8 20 0.034
665 222 13 15 0.034
496 326 10 20 0.034
299 463 17 61 0.034
161 385 10 15 0.033
169 452 16 17 0.032
1015 272 9 19 0.032
476 274 9 26 0.032
599 261 10 15 0.032
400 346 10 14 0.032
439 273 11 28 0.032
346 298 12 28 0.032
568 351 12 15 0.031
245 411 12 22 0.031
324 316 10 31 0.031
1 423 10 12 0.031
688 454 24 56 0.031
329 299 16 26 0.031
44 435 17 12 0.030
662 231 12 25 0.030
242 339 19 22 0.030
369 279 9 20 0.030
938 232 23 24 0.029
285 397 24 17 0.029
135 377 12 26 0.029
463 335 17 23 0.029
674 228 21 15 0.029
233 453 17 19 0.029
659 236 10 18 0.028
594 343 13 16 0.028
348 491 21 20 0.028
373 535 24 24 0.028
687 492 24 31 0.028
679 216 13 16 0.028
134 395 21 14 0.027
665 235 21 53 0.027
752 292 14 19 0.027
758 459 22 30 0.027
579 328 16 17 0.027
886 255 13 20 0.026
662 242 13 105 0.026
611 328 13 28 0.026
175 450 13 19 0.026
896 283 17 23 0.026
664 453 19 27 0.026
750 290 13 16 0.026
370 540 20 22 0.025
40 374 8 9 0.025
81 491 14 18 0.025
218 397 10 22 0.025
389 377 12 12 0.025
951 338 21 38 0.025
230 340 18 23 0.025
531 187 8 9 0.025
309 305 10 27 0.025
295 301 13 7 0.025
318 329 13 38 0.024
88 401 16 13 0.024
131 423 12 15 0.024
112 376 20 30 0.024
215 335 10 29 0.024
483 331 18 15 0.023
944 107 10 12 0.023
664 453 37 24 0.023
539 272 13 17 0.023
685 457 19 31 0.023
981 224 16 15 0.023
457 442 25 28 0.022
647 512 15 23 0.022
207 482 16 17 0.022
460 258 16 24 0.022
363 286 8 31 0.022
1016 234 8 27 0.022
16 395 13 10 0.022
72 429 12 15 0.022
358 278 6 10 0.021
236 399 10 23 0.021
434 343 30 14 0.021
388 380 25 18 0.021
479 250 9 10 0.021
134 370 17 14 0.021
15 389 11 10 0.021
314 380 23 11 0.021
388 454 13 17 0.021
666 370 16 20 0.021
284 303 11 8 0.020
511 426 16 19 0.020
956 328 31 28 0.020
423 266 15 21 0.020
1016 344 8 25 0.020
