35_Basketball_Basketball_35_737
27
846 13 88 117 0.869
769 17 85 115 0.851
54 30 66 91 0.838
645 235 54 89 0.770
230 313 26 35 0.763
956 431 19 28 0.719
700 249 60 78 0.708
203 336 27 30 0.632
393 98 9 11 0.395
674 243 71 79 0.242
433 102 7 9 0.128
939 462 19 23 0.068
364 280 10 12 0.050
818 538 7 9 0.050
987 522 6 7 0.044
403 258 9 11 0.043
387 264 12 12 0.040
960 540 7 8 0.036
389 262 17 11 0.034
893 539 6 7 0.030
506 61 7 8 0.029
453 267 9 10 0.029
385 266 12 14 0.027
379 266 12 13 0.025
827 447 22 24 0.023
521 61 7 8 0.022
920 540 7 7 0.020
