35_Basketball_playingbasketball_35_795
100
50 261 69 100 0.839
83 34 24 31 0.804
220 72 24 29 0.757
560 54 41 56 0.747
486 497 14 19 0.728
952 27 20 26 0.721
610 517 12 16 0.715
844 81 43 56 0.707
911 436 22 33 0.702
972 76 18 25 0.688
137 110 20 27 0.656
39 13 11 15 0.624
641 15 16 21 0.608
852 593 10 14 0.537
771 8 16 22 0.529
785 549 8 9 0.475
1001 97 19 28 0.437
522 467 10 12 0.425
596 30 11 12 0.386
938 569 8 10 0.362
438 519 10 12 0.319
589 510 9 11 0.279
743 549 7 9 0.256
878 582 8 8 0.251
700 544 11 17 0.242
664 549 7 9 0.241
793 519 7 8 0.208
769 548 7 9 0.202
477 113 15 23 0.196
838 4 18 12 0.194
36 361 55 67 0.182
684 521 7 8 0.181
855 0 17 16 0.160
8 456 27 28 0.155
727 547 9 13 0.155
380 71 10 11 0.146
715 524 7 9 0.146
984 531 9 10 0.146
737 10 15 20 0.138
918 621 12 16 0.137
727 519 6 8 0.119
784 518 7 7 0.116
844 2 28 17 0.114
1004 119 19 42 0.111
46 381 39 46 0.103
194 126 14 17 0.092
751 523 7 8 0.080
702 520 7 7 0.079
364 82 8 9 0.078
597 33 13 17 0.077
601 48 9 13 0.070
56 65 11 14 0.069
817 59 21 28 0.068
714 523 15 8 0.064
622 496 6 8 0.060
719 521 8 7 0.057
371 66 11 12 0.057
687 552 10 11 0.056
249 75 13 17 0.054
355 5 12 12 0.053
63 546 27 33 0.051
330 2 17 16 0.051
781 520 8 10 0.051
681 558 9 11 0.049
699 516 7 12 0.049
255 77 12 12 0.044
753 567 7 9 0.037
426 540 10 11 0.037
156 96 16 22 0.035
685 518 29 12 0.035
741 58 29 36 0.034
374 203 19 23 0.033
800 536 7 8 0.032
375 204 25 30 0.031
262 77 9 10 0.031
691 545 19 24 0.031
824 521 7 8 0.030
859 2 18 17 0.030
694 569 13 16 0.028
745 535 9 26 0.028
454 178 11 18 0.027
396 46 8 10 0.027
412 77 8 9 0.027
393 8 11 13 0.026
437 516 9 25 0.026
412 79 8 10 0.026
701 521 24 8 0.026
521 508 11 14 0.025
280 141 7 8 0.024
728 539 9 20 0.024
377 22 8 10 0.023
695 536 12 24 0.023
295 244 41 49 0.023
574 557 7 9 0.023
585 513 27 16 0.022
846 496 7 9 0.022
898 627 12 15 0.021
753 554 8 25 0.021
381 75 9 11 0.020
924 21 13 23 0.020
