35_Basketball_basketballgame_ball_35_216
191
371 169 20 24 0.608
481 205 19 23 0.598
293 392 12 14 0.583
708 406 10 12 0.567
47 449 8 11 0.532
640 419 9 12 0.514
67 418 8 11 0.448
24 397 8 10 0.412
87 435 8 10 0.411
196 428 8 10 0.405
117 437 9 10 0.405
140 402 7 9 0.380
157 431 8 10 0.375
95 412 8 9 0.356
103 392 8 10 0.352
240 441 8 9 0.344
228 417 8 10 0.337
121 388 7 9 0.315
93 375 7 8 0.311
98 465 8 10 0.291
44 406 8 9 0.265
104 420 7 9 0.263
718 487 10 11 0.242
24 426 8 10 0.240
131 435 8 11 0.234
111 407 8 9 0.232
44 361 7 8 0.227
12 389 7 9 0.222
96 414 8 10 0.221
6 360 8 9 0.205
169 444 8 10 0.205
219 444 9 10 0.200
80 384 7 8 0.192
159 387 8 9 0.188
68 354 6 8 0.175
83 358 7 9 0.165
29 353 6 9 0.163
66 371 7 9 0.163
179 348 6 8 0.161
43 387 8 12 0.153
216 374 7 9 0.151
194 415 8 10 0.148
176 424 8 12 0.147
72 465 8 9 0.141
175 420 8 11 0.139
121 460 8 10 0.136
502 382 16 20 0.135
106 353 7 10 0.134
23 417 9 11 0.121
316 275 22 27 0.121
219 393 8 9 0.120
2 372 7 8 0.116
12 383 7 20 0.110
64 374 12 9 0.107
6 357 7 17 0.103
200 354 7 9 0.100
1012 434 8 11 0.096
135 420 10 11 0.094
268 421 9 10 0.094
158 383 8 18 0.094
267 418 8 11 0.091
933 465 7 9 0.088
168 362 8 17 0.087
107 355 7 10 0.084
71 405 8 9 0.081
197 415 7 9 0.081
119 340 9 11 0.078
82 352 9 15 0.077
354 406 8 9 0.076
175 419 18 11 0.076
247 444 8 9 0.075
140 447 10 11 0.074
237 391 8 11 0.073
76 381 13 13 0.070
132 432 13 12 0.070
111 406 7 24 0.066
573 400 10 12 0.066
245 366 7 8 0.066
121 457 13 11 0.062
122 342 8 9 0.062
0 403 9 10 0.062
301 377 8 10 0.060
345 396 7 10 0.058
153 428 22 14 0.058
963 466 6 7 0.058
217 369 8 24 0.057
476 444 12 12 0.057
786 480 9 10 0.055
914 478 8 9 0.054
310 409 8 11 0.054
837 483 8 11 0.053
28 343 8 24 0.053
735 463 9 12 0.052
427 371 10 12 0.052
862 481 7 10 0.051
424 391 10 14 0.051
223 456 7 9 0.049
123 463 8 11 0.049
157 410 7 28 0.049
863 515 8 10 0.049
171 443 10 17 0.049
42 386 16 18 0.046
99 454 8 21 0.046
556 425 9 10 0.046
253 402 9 11 0.046
105 343 8 24 0.045
240 417 15 10 0.043
894 468 7 9 0.039
11 426 8 10 0.039
203 392 22 9 0.039
143 348 9 24 0.038
479 370 9 15 0.038
365 460 7 9 0.037
412 467 8 9 0.037
199 350 8 10 0.036
739 386 9 10 0.036
67 339 8 30 0.036
80 431 13 23 0.035
64 399 12 27 0.035
75 449 8 20 0.035
222 459 7 9 0.034
153 471 8 10 0.034
984 378 8 10 0.034
384 396 8 11 0.034
179 453 8 10 0.033
974 399 7 11 0.033
439 375 13 13 0.032
345 453 8 10 0.032
344 471 7 9 0.032
293 432 11 13 0.032
175 376 17 20 0.031
667 472 8 10 0.031
364 112 20 22 0.030
935 498 7 9 0.030
335 417 9 11 0.030
156 398 9 25 0.029
92 336 10 22 0.029
681 414 8 10 0.029
98 391 20 31 0.028
317 454 9 10 0.027
663 494 7 9 0.027
624 428 9 13 0.027
979 452 7 9 0.027
750 445 9 11 0.027
262 360 8 9 0.027
24 368 16 29 0.027
770 397 8 10 0.026
882 515 7 9 0.026
46 450 14 13 0.025
477 466 10 11 0.025
452 471 7 9 0.025
659 414 10 13 0.024
825 442 8 10 0.024
333 417 8 10 0.024
590 438 9 10 0.024
104 342 17 29 0.024
639 488 8 9 0.024
553 387 7 12 0.023
357 112 20 22 0.023
373 428 9 14 0.023
26 354 7 31 0.023
10 299 8 20 0.023
574 371 9 11 0.023
753 488 8 10 0.023
400 367 9 10 0.023
516 479 8 9 0.023
196 388 21 17 0.022
5 351 23 20 0.022
589 441 9 12 0.022
422 453 7 9 0.022
254 394 10 21 0.022
985 414 7 9 0.022
764 468 8 11 0.022
473 371 17 17 0.022
281 375 11 18 0.022
939 450 8 9 0.021
12 445 8 11 0.021
345 455 13 9 0.021
933 409 7 10 0.021
143 369 15 29 0.021
12 330 12 26 0.021
81 347 21 27 0.021
662 413 9 12 0.021
626 415 9 12 0.021
56 300 7 24 0.020
213 448 8 15 0.020
246 355 7 25 0.020
42 378 29 13 0.020
287 430 15 15 0.020
633 490 11 11 0.020
832 513 9 10 0.020
