35_Basketball_Basketball_35_327
33
916 142 39 52 0.838
84 162 28 35 0.825
764 144 29 36 0.815
185 180 20 26 0.813
25 175 24 32 0.812
739 155 23 31 0.811
791 169 30 40 0.810
665 152 26 32 0.808
540 154 26 33 0.803
384 173 23 28 0.800
465 178 22 30 0.798
250 168 21 27 0.797
970 184 29 36 0.784
435 161 21 26 0.783
410 229 54 82 0.777
323 183 19 24 0.773
829 146 26 36 0.771
636 170 22 28 0.770
598 162 21 27 0.759
982 156 25 30 0.721
491 176 19 22 0.694
566 161 16 21 0.523
416 157 13 17 0.276
508 193 17 20 0.269
620 168 40 26 0.215
1014 141 10 23 0.148
268 142 17 17 0.072
497 150 15 19 0.041
524 177 15 20 0.031
565 172 20 26 0.025
519 179 17 21 0.025
623 160 16 21 0.020
566 180 18 23 0.020
