35_Basketball_basketballgame_ball_35_287
407
650 449 10 13 0.706
610 410 10 13 0.703
803 452 10 13 0.674
245 403 9 11 0.659
304 413 9 11 0.659
972 452 10 12 0.639
274 426 12 13 0.636
258 437 11 14 0.635
636 410 9 11 0.631
686 444 9 12 0.622
200 399 9 12 0.620
310 437 10 13 0.612
813 419 9 12 0.594
951 424 10 13 0.587
696 415 9 11 0.581
931 403 10 11 0.575
701 401 9 11 0.568
870 364 9 12 0.561
297 430 11 14 0.558
185 440 10 12 0.546
423 356 12 18 0.546
892 448 9 12 0.543
798 426 9 12 0.538
59 387 10 12 0.523
793 361 9 11 0.514
662 376 8 10 0.511
831 303 8 9 0.511
238 430 12 14 0.507
1007 381 9 11 0.506
749 347 7 8 0.493
716 356 8 9 0.492
1002 365 8 10 0.489
966 331 8 10 0.488
396 359 10 12 0.484
896 340 7 9 0.475
949 356 8 10 0.468
923 350 8 10 0.463
771 388 10 13 0.462
898 378 9 11 0.456
672 401 10 12 0.451
953 397 8 10 0.444
728 343 6 8 0.439
765 374 8 9 0.436
872 293 7 8 0.428
662 414 9 11 0.425
725 415 8 11 0.424
374 391 9 11 0.423
900 437 9 10 0.421
999 425 9 10 0.417
686 387 9 10 0.411
803 337 8 9 0.411
261 321 6 8 0.404
785 395 8 10 0.399
708 385 8 9 0.394
686 339 7 9 0.393
73 392 9 12 0.389
966 375 8 10 0.385
996 406 9 11 0.375
218 448 10 13 0.367
54 365 9 12 0.363
735 387 9 10 0.362
971 293 7 9 0.356
893 304 7 8 0.353
896 392 8 9 0.344
941 295 7 8 0.343
650 405 8 9 0.341
939 313 8 10 0.337
987 327 8 12 0.336
987 349 7 8 0.331
983 402 8 10 0.325
21 353 8 11 0.324
727 400 7 11 0.321
929 375 8 11 0.320
431 396 9 11 0.319
915 364 8 10 0.319
364 356 7 9 0.318
822 366 8 11 0.312
821 404 8 10 0.308
839 361 9 13 0.307
282 303 7 9 0.306
854 302 7 8 0.289
698 322 7 9 0.288
776 292 6 7 0.286
230 322 6 8 0.280
207 459 10 13 0.280
630 301 6 7 0.279
562 298 7 11 0.267
766 370 10 13 0.266
27 332 9 10 0.266
765 482 11 12 0.264
320 357 7 9 0.261
67 369 10 12 0.255
844 341 8 10 0.250
938 336 7 10 0.250
650 310 7 8 0.247
984 232 8 9 0.243
954 259 6 8 0.232
312 303 7 8 0.231
415 449 10 12 0.231
749 307 9 8 0.228
919 313 7 10 0.225
0 323 8 12 0.223
916 303 7 8 0.221
981 427 8 10 0.219
897 381 9 13 0.218
591 344 9 10 0.215
980 383 8 11 0.210
821 364 7 10 0.210
788 295 7 9 0.209
810 303 7 10 0.204
481 293 6 8 0.202
980 210 7 9 0.200
807 314 7 9 0.200
612 435 8 11 0.199
922 245 7 8 0.193
891 357 7 10 0.191
61 367 13 12 0.190
892 214 7 9 0.184
871 346 9 10 0.184
1007 372 8 22 0.181
714 289 7 8 0.180
769 391 21 12 0.175
761 364 8 11 0.173
677 372 8 10 0.171
462 304 7 7 0.171
624 329 7 8 0.170
876 309 8 9 0.170
451 329 7 8 0.169
343 367 9 11 0.164
19 420 11 13 0.164
0 405 8 10 0.164
610 293 6 8 0.162
429 430 8 10 0.162
775 346 8 9 0.162
445 361 7 11 0.158
735 435 9 13 0.156
572 313 9 11 0.156
364 353 7 10 0.155
251 435 16 15 0.153
58 316 9 10 0.151
989 327 7 20 0.151
849 328 9 11 0.150
205 443 11 11 0.148
633 358 7 8 0.148
984 377 10 11 0.148
813 297 6 8 0.147
822 332 8 9 0.146
309 271 6 8 0.141
343 346 8 11 0.138
716 293 6 8 0.138
989 374 9 9 0.137
572 321 7 11 0.136
990 405 15 11 0.134
852 328 8 10 0.131
884 240 7 8 0.131
401 314 7 8 0.129
461 299 7 7 0.129
429 391 10 15 0.129
773 292 7 9 0.128
84 307 6 8 0.128
703 344 8 10 0.126
688 314 7 7 0.123
858 312 9 12 0.123
706 384 8 25 0.123
590 294 7 6 0.120
313 300 7 8 0.118
952 378 9 11 0.115
808 303 7 23 0.115
752 307 9 9 0.114
65 303 9 9 0.114
971 245 8 13 0.113
56 303 9 9 0.112
377 383 10 14 0.111
917 221 7 12 0.110
365 346 8 11 0.110
276 277 6 7 0.109
777 343 11 10 0.108
259 274 6 7 0.108
313 337 7 8 0.107
207 450 12 22 0.107
616 329 9 10 0.106
636 406 22 11 0.106
1012 432 9 10 0.104
208 454 15 15 0.103
734 309 9 9 0.100
355 387 8 10 0.100
934 228 8 17 0.099
928 378 9 14 0.099
932 446 11 12 0.096
988 405 11 11 0.096
981 380 8 21 0.096
748 326 8 15 0.095
57 309 8 18 0.094
754 415 9 12 0.094
421 359 25 15 0.093
830 320 10 13 0.093
417 305 7 7 0.093
768 304 7 9 0.092
802 374 9 11 0.090
59 387 15 15 0.090
788 306 7 10 0.089
29 313 8 11 0.089
677 274 6 7 0.088
775 343 7 23 0.088
825 370 11 12 0.085
968 295 11 10 0.085
205 462 10 12 0.084
410 342 13 11 0.084
884 255 7 8 0.080
276 322 9 10 0.079
970 355 7 20 0.079
297 318 7 15 0.077
158 413 7 11 0.077
439 300 8 7 0.077
929 362 11 18 0.076
956 314 15 15 0.075
845 333 8 24 0.075
213 447 14 20 0.075
1015 195 7 11 0.074
340 347 8 9 0.074
586 318 8 16 0.073
1006 428 12 11 0.072
718 320 8 18 0.072
339 370 8 18 0.072
381 374 9 14 0.072
4 298 7 10 0.071
1015 180 7 10 0.071
421 374 11 20 0.071
891 211 7 21 0.069
594 346 8 9 0.068
612 248 6 7 0.068
954 358 21 10 0.067
183 385 8 9 0.067
845 230 6 8 0.067
1001 356 8 19 0.066
967 233 7 16 0.066
571 308 12 20 0.066
716 296 7 9 0.065
920 314 7 25 0.065
887 320 13 12 0.063
572 315 8 22 0.063
780 245 6 14 0.063
939 322 7 28 0.063
388 322 8 9 0.063
400 312 9 8 0.062
619 308 7 23 0.062
654 392 8 23 0.061
350 312 7 11 0.060
865 346 12 10 0.058
376 318 10 7 0.057
884 251 6 8 0.057
778 481 11 12 0.057
994 262 7 9 0.057
823 321 12 22 0.057
832 180 8 15 0.056
950 213 7 23 0.056
731 309 11 17 0.056
911 222 15 10 0.056
930 448 11 13 0.055
86 310 8 10 0.055
772 293 22 7 0.054
589 380 10 14 0.053
989 259 8 8 0.053
634 406 15 15 0.052
948 201 7 28 0.052
639 291 12 9 0.051
817 208 7 14 0.051
953 293 24 7 0.050
65 320 10 12 0.050
755 417 11 13 0.050
982 310 9 23 0.050
259 322 29 8 0.049
496 337 14 16 0.049
265 318 11 15 0.049
849 401 11 13 0.049
831 294 7 18 0.048
697 346 12 16 0.048
761 324 9 12 0.048
588 347 9 11 0.048
805 317 6 31 0.047
715 285 6 8 0.046
690 311 6 7 0.046
863 217 6 17 0.046
1017 176 5 27 0.045
920 359 20 27 0.045
747 327 20 13 0.045
960 170 9 8 0.044
576 408 13 14 0.044
626 299 6 24 0.044
856 303 6 29 0.044
72 306 25 9 0.043
647 292 12 7 0.043
885 235 6 26 0.043
410 342 7 9 0.043
588 377 9 14 0.042
896 317 7 30 0.042
339 382 8 13 0.041
88 315 7 9 0.041
883 421 8 10 0.041
556 309 8 11 0.041
799 342 8 15 0.040
661 414 7 26 0.040
0 341 7 13 0.040
313 319 6 28 0.040
622 237 7 8 0.039
935 208 7 44 0.039
481 294 7 11 0.038
326 303 7 26 0.038
697 354 7 12 0.037
715 380 13 17 0.037
30 333 7 10 0.036
300 345 8 10 0.036
3 292 7 25 0.036
610 319 8 28 0.036
988 260 12 12 0.036
477 308 7 7 0.036
190 445 12 14 0.035
441 367 8 12 0.035
853 329 12 24 0.035
421 255 6 7 0.034
804 194 7 17 0.034
981 418 8 21 0.034
841 364 11 12 0.034
864 216 7 20 0.033
959 328 37 12 0.033
994 468 9 12 0.033
696 406 9 32 0.032
815 445 10 12 0.032
592 340 19 16 0.032
885 186 9 29 0.032
576 249 6 8 0.031
435 324 7 25 0.031
752 435 11 14 0.031
424 331 10 27 0.031
447 300 6 29 0.031
998 429 9 10 0.031
431 328 20 10 0.031
430 301 18 7 0.030
389 463 8 9 0.030
328 318 8 16 0.030
746 368 11 13 0.030
227 322 7 7 0.030
969 302 18 27 0.030
797 232 9 12 0.030
1012 195 8 10 0.030
593 387 9 12 0.029
281 300 6 8 0.029
588 341 12 16 0.029
687 312 6 6 0.029
994 474 9 11 0.029
946 193 12 29 0.029
852 298 8 10 0.029
30 308 9 11 0.029
816 203 8 23 0.028
847 175 7 28 0.028
845 214 6 29 0.028
23 424 14 17 0.028
631 289 11 24 0.028
1 331 6 25 0.027
755 258 7 10 0.027
755 256 12 14 0.027
15 382 9 13 0.027
32 411 10 12 0.027
574 409 11 15 0.027
898 257 10 13 0.027
635 247 7 8 0.026
742 234 9 30 0.026
349 289 8 21 0.026
352 297 6 13 0.026
334 299 15 17 0.026
687 251 6 9 0.026
606 404 13 22 0.026
429 425 11 17 0.025
916 413 10 14 0.025
555 297 13 18 0.025
996 267 7 9 0.025
757 387 23 15 0.024
955 377 15 25 0.024
617 317 13 30 0.024
742 373 12 22 0.024
748 336 15 24 0.024
959 188 9 30 0.024
658 286 7 7 0.024
71 382 15 25 0.024
917 200 5 31 0.024
475 253 6 7 0.024
1 408 18 19 0.024
470 251 6 8 0.024
901 177 7 31 0.024
659 324 5 9 0.023
430 426 7 10 0.023
444 360 12 16 0.023
772 340 21 29 0.023
364 359 27 14 0.023
760 223 7 26 0.023
553 290 9 20 0.023
445 367 8 13 0.023
571 330 8 14 0.023
725 414 10 19 0.023
25 332 8 22 0.022
367 334 10 24 0.022
1015 399 9 18 0.022
571 294 22 5 0.021
845 206 8 30 0.021
849 398 9 11 0.021
783 227 5 32 0.020
969 231 22 24 0.020
