35_Basketball_Basketball_35_209
255
502 136 33 42 0.817
419 106 34 44 0.811
899 182 19 24 0.695
979 222 12 17 0.637
614 236 9 12 0.545
713 264 9 11 0.538
663 263 9 11 0.523
50 220 8 9 0.460
18 232 9 11 0.448
86 266 8 10 0.430
77 225 9 11 0.418
152 229 9 11 0.363
18 210 9 10 0.354
832 259 11 15 0.348
51 243 9 10 0.345
66 270 10 11 0.325
144 252 9 11 0.320
177 274 8 10 0.317
109 210 8 11 0.317
743 268 10 12 0.308
31 262 12 15 0.297
175 190 18 24 0.290
610 266 10 13 0.288
13 261 9 11 0.278
134 229 8 10 0.268
280 279 8 9 0.259
89 206 8 10 0.239
635 235 10 12 0.238
127 198 7 9 0.237
179 293 8 10 0.233
21 182 8 10 0.224
751 203 8 9 0.216
53 290 8 11 0.216
182 250 9 12 0.215
0 183 8 12 0.214
1 219 8 11 0.211
1016 206 8 19 0.209
320 247 7 9 0.209
108 237 8 11 0.204
291 269 7 8 0.202
146 254 9 13 0.198
87 237 8 11 0.195
181 226 10 15 0.192
633 233 9 11 0.192
712 247 9 9 0.187
965 220 12 16 0.184
1 242 8 10 0.184
266 225 7 8 0.177
455 265 7 10 0.177
48 188 8 10 0.172
76 231 12 11 0.166
148 193 7 9 0.164
339 211 7 9 0.157
168 269 9 11 0.157
64 263 9 11 0.153
119 198 7 8 0.151
68 293 9 10 0.150
116 270 11 9 0.147
163 211 9 12 0.146
641 270 8 10 0.145
926 192 12 14 0.144
113 268 9 11 0.140
151 269 10 10 0.139
368 248 8 9 0.136
263 264 7 11 0.136
116 318 8 9 0.136
31 261 9 11 0.135
28 54 6 8 0.134
132 204 9 14 0.127
32 267 13 17 0.124
468 250 8 11 0.122
128 197 7 12 0.121
143 294 7 9 0.119
847 251 11 13 0.115
32 197 9 11 0.112
88 241 10 11 0.111
127 294 8 9 0.109
734 245 7 10 0.108
336 247 8 9 0.105
107 291 8 11 0.104
497 250 7 10 0.102
121 197 15 10 0.101
470 265 8 11 0.101
205 184 23 21 0.100
684 211 6 11 0.099
160 209 11 16 0.094
68 271 18 12 0.091
106 269 13 10 0.090
950 189 10 14 0.089
183 222 18 23 0.088
629 264 9 11 0.086
86 290 10 12 0.085
463 294 8 10 0.084
633 269 9 9 0.083
111 245 8 20 0.082
187 226 21 27 0.081
712 236 8 22 0.081
361 194 6 8 0.079
166 273 19 11 0.078
150 198 10 9 0.078
261 203 6 16 0.077
870 243 13 17 0.077
166 234 15 19 0.077
735 247 9 10 0.076
706 267 13 12 0.075
331 184 6 9 0.074
349 246 13 14 0.074
65 252 10 24 0.073
668 220 7 26 0.073
925 176 10 17 0.072
48 47 8 9 0.071
865 206 15 18 0.069
926 179 10 26 0.068
839 195 8 11 0.067
111 251 18 11 0.066
89 228 9 20 0.062
472 120 8 11 0.061
841 231 11 14 0.060
877 183 10 14 0.060
1016 191 8 19 0.059
148 190 8 22 0.059
254 199 6 9 0.059
119 223 9 19 0.059
352 240 8 23 0.059
126 78 9 10 0.058
837 256 20 17 0.057
696 254 9 19 0.057
299 196 7 21 0.056
435 234 11 14 0.056
170 311 8 9 0.056
745 267 10 12 0.055
122 273 25 11 0.053
705 109 5 6 0.053
107 230 14 25 0.053
927 184 10 16 0.051
158 290 19 11 0.049
886 160 10 21 0.049
501 242 9 12 0.049
5 48 7 8 0.048
94 69 11 9 0.048
49 45 7 8 0.047
125 292 15 11 0.047
61 210 22 9 0.047
822 158 7 9 0.047
77 242 16 20 0.046
147 81 7 9 0.046
338 267 6 7 0.046
177 194 13 28 0.045
0 267 9 12 0.045
202 184 14 18 0.045
167 289 11 23 0.045
2 53 8 10 0.045
164 293 24 9 0.044
151 255 11 29 0.043
330 181 6 16 0.043
138 270 20 17 0.043
665 223 14 27 0.041
365 283 9 12 0.041
753 199 8 23 0.040
92 191 10 15 0.040
668 204 6 29 0.040
868 235 12 16 0.040
74 183 12 20 0.040
73 182 10 11 0.040
0 344 7 16 0.040
749 198 8 24 0.039
72 292 27 11 0.039
63 274 9 12 0.039
64 189 11 28 0.039
696 272 12 13 0.038
285 223 8 32 0.038
32 247 11 44 0.038
476 315 9 12 0.037
885 189 12 17 0.037
815 241 7 11 0.037
359 211 12 10 0.037
951 205 11 18 0.036
360 257 6 26 0.035
474 127 9 11 0.035
498 245 9 14 0.035
127 229 37 9 0.035
57 313 9 11 0.035
843 176 7 9 0.035
61 65 8 10 0.034
274 242 8 28 0.034
959 172 9 9 0.034
338 252 7 24 0.034
874 246 13 17 0.034
299 237 7 29 0.034
64 178 13 10 0.033
85 257 10 25 0.033
152 175 6 8 0.033
127 244 14 24 0.033
72 205 20 23 0.032
328 185 7 7 0.032
2 198 7 24 0.032
691 232 9 21 0.032
675 238 10 21 0.032
862 190 10 15 0.032
650 200 7 13 0.032
369 255 8 11 0.031
332 238 15 29 0.031
311 217 13 24 0.031
108 208 8 42 0.030
353 287 7 10 0.030
809 183 8 10 0.030
360 192 7 8 0.030
474 114 7 28 0.030
205 181 15 17 0.029
168 237 15 29 0.029
181 220 11 47 0.029
127 250 10 39 0.029
113 290 25 13 0.029
473 111 7 24 0.029
461 291 8 11 0.028
980 136 8 15 0.028
1 181 12 15 0.028
694 214 7 30 0.027
683 200 7 30 0.027
462 264 16 18 0.027
0 171 7 10 0.027
975 171 9 9 0.027
849 262 9 14 0.025
251 220 9 18 0.025
378 216 6 8 0.025
590 212 7 10 0.025
965 233 11 19 0.025
657 231 11 23 0.025
183 291 8 9 0.025
318 214 10 30 0.024
49 184 18 25 0.024
67 49 10 9 0.024
179 249 9 42 0.024
452 261 12 18 0.023
824 160 6 9 0.023
860 157 8 9 0.023
320 322 7 7 0.023
590 216 9 10 0.023
869 230 12 16 0.022
656 241 12 30 0.022
257 192 9 29 0.022
998 214 15 15 0.022
705 186 6 7 0.022
853 237 34 29 0.022
642 93 7 11 0.022
874 251 13 19 0.022
473 314 9 12 0.022
361 187 6 31 0.022
274 184 7 29 0.021
350 103 8 9 0.021
252 198 6 8 0.021
153 310 8 10 0.021
675 234 18 18 0.021
452 260 26 19 0.020
265 219 16 29 0.020
