35_Basketball_Basketball_35_158
31
197 466 112 177 0.854
953 568 66 90 0.752
833 743 35 44 0.495
819 631 30 36 0.347
739 740 37 44 0.327
797 741 28 37 0.288
153 831 33 41 0.261
675 700 28 33 0.243
743 816 38 54 0.197
857 803 49 65 0.179
94 827 36 46 0.163
812 740 36 42 0.133
767 627 27 33 0.123
879 579 29 35 0.121
799 682 29 37 0.105
288 882 45 58 0.088
592 714 26 36 0.068
746 709 32 34 0.050
634 674 34 44 0.048
761 830 48 49 0.048
828 677 27 32 0.046
842 808 42 58 0.042
639 668 30 34 0.041
632 690 39 45 0.039
142 770 27 35 0.031
86 791 32 37 0.031
742 727 34 44 0.029
749 811 36 42 0.028
761 631 28 33 0.024
813 671 46 42 0.024
695 638 32 37 0.023
