35_Basketball_basketballgame_ball_35_256
40
528 56 66 93 0.854
935 355 48 59 0.840
763 353 48 57 0.813
986 342 36 54 0.804
227 69 54 65 0.800
887 373 39 49 0.798
956 166 42 49 0.797
868 328 44 54 0.797
721 238 42 54 0.792
468 160 45 57 0.770
356 153 36 49 0.753
362 58 40 49 0.739
849 196 34 46 0.737
952 53 32 39 0.722
777 111 34 46 0.679
920 119 34 43 0.677
756 323 40 50 0.646
734 149 40 52 0.592
282 134 32 51 0.495
675 264 35 51 0.480
504 100 37 50 0.468
843 167 34 40 0.437
423 29 33 42 0.401
542 13 38 46 0.251
1014 290 10 44 0.238
172 146 26 33 0.112
671 107 31 41 0.103
327 124 31 41 0.066
391 252 35 47 0.058
1007 297 17 48 0.050
701 205 35 40 0.047
0 293 42 63 0.044
439 106 35 45 0.038
1011 14 13 35 0.034
267 135 37 54 0.033
428 21 30 35 0.030
1011 543 13 30 0.027
972 321 28 39 0.026
817 215 33 43 0.023
738 138 38 45 0.022
