35_Basketball_basketballgame_ball_35_998
61
0 312 25 41 0.842
681 62 53 75 0.821
338 96 56 77 0.821
43 391 40 49 0.819
354 315 38 57 0.797
915 281 45 63 0.782
62 280 35 40 0.750
125 287 33 45 0.746
38 203 32 45 0.714
816 314 39 57 0.548
440 139 35 48 0.511
176 127 43 49 0.472
391 87 42 52 0.463
565 143 39 50 0.435
314 407 39 52 0.412
108 112 31 39 0.378
867 302 34 48 0.374
0 248 14 38 0.373
575 37 42 55 0.285
649 94 33 44 0.265
461 80 48 56 0.246
269 75 40 52 0.234
828 95 30 43 0.210
502 24 45 54 0.172
757 35 46 55 0.171
498 10 46 53 0.160
592 7 30 40 0.157
907 202 40 48 0.155
600 410 26 33 0.151
1002 323 22 52 0.140
406 5 33 45 0.124
468 227 40 50 0.106
876 293 72 55 0.081
681 1 32 40 0.077
893 51 40 54 0.071
567 127 36 45 0.070
250 37 46 55 0.064
630 90 34 42 0.058
504 340 35 40 0.054
395 109 37 48 0.054
201 74 38 45 0.052
836 223 32 45 0.048
321 2 41 45 0.047
979 287 27 43 0.045
767 49 40 50 0.042
137 181 29 38 0.034
257 152 41 46 0.034
578 16 40 51 0.029
257 13 45 57 0.029
646 36 33 46 0.029
755 22 35 50 0.027
571 0 41 63 0.027
269 2 39 49 0.027
566 0 43 34 0.026
489 4 41 45 0.024
172 122 35 45 0.024
895 35 43 55 0.023
853 304 40 52 0.021
993 305 26 49 0.020
965 0 33 17 0.020
927 10 31 40 0.020
