35_Basketball_playingbasketball_35_65
25
620 388 17 23 0.810
1005 416 16 20 0.761
968 404 20 27 0.757
920 375 22 30 0.752
906 353 18 22 0.736
853 414 15 20 0.734
744 377 16 19 0.729
801 421 15 19 0.723
231 427 21 35 0.665
680 232 11 12 0.537
455 344 24 28 0.469
718 411 13 18 0.404
535 313 14 24 0.267
513 304 21 27 0.251
501 305 21 28 0.247
452 346 17 24 0.221
521 304 17 27 0.220
526 307 19 24 0.215
80 497 17 36 0.093
497 301 19 30 0.069
710 660 19 27 0.062
710 463 21 26 0.028
466 348 23 26 0.022
533 304 16 24 0.022
892 386 18 24 0.021
