35_Basketball_basketballgame_ball_35_662
53
596 48 51 64 0.846
480 81 53 70 0.842
67 103 40 57 0.839
288 133 33 40 0.833
207 145 43 57 0.832
244 66 35 40 0.823
363 138 34 39 0.823
798 124 54 69 0.820
379 69 29 35 0.819
308 95 32 40 0.809
756 2 29 34 0.806
111 64 31 39 0.795
116 110 33 39 0.793
170 0 31 33 0.786
709 80 32 41 0.771
684 49 33 37 0.770
686 123 49 58 0.770
63 40 27 34 0.769
557 32 26 33 0.756
429 12 27 36 0.744
804 39 32 36 0.737
660 3 29 33 0.727
739 129 37 42 0.712
229 121 33 38 0.700
36 114 27 31 0.696
0 0 16 22 0.597
0 171 24 36 0.587
280 0 32 28 0.587
843 141 29 43 0.573
494 0 26 16 0.524
520 59 33 40 0.348
623 1 18 20 0.322
860 54 27 30 0.304
181 44 31 39 0.303
199 93 25 28 0.256
260 1 45 36 0.204
395 190 24 35 0.198
404 13 23 31 0.137
62 1 26 25 0.133
626 0 22 24 0.093
508 57 45 59 0.061
885 83 22 36 0.060
0 79 9 35 0.057
860 61 35 38 0.052
584 0 25 28 0.045
37 108 35 45 0.044
255 0 28 34 0.039
220 124 36 48 0.039
131 23 29 32 0.031
0 3 11 28 0.029
785 0 26 22 0.028
666 4 43 30 0.022
686 9 22 24 0.021
