35_Basketball_basketballgame_ball_35_389
154
505 227 37 57 0.816
624 588 16 23 0.720
566 618 14 19 0.642
257 625 10 14 0.617
18 613 8 13 0.602
222 613 10 12 0.556
153 624 10 12 0.547
85 619 10 12 0.517
28 596 9 12 0.508
63 582 7 10 0.480
157 591 9 11 0.455
322 612 11 16 0.442
184 595 8 10 0.328
313 594 9 11 0.320
544 630 12 10 0.315
113 572 8 10 0.314
349 606 9 12 0.309
503 585 10 13 0.300
135 587 9 11 0.298
344 564 8 11 0.289
304 557 7 10 0.284
414 613 9 13 0.242
547 611 10 13 0.238
286 606 9 12 0.237
138 570 8 10 0.237
90 585 8 9 0.233
313 574 8 11 0.222
683 621 13 17 0.190
17 584 8 10 0.187
905 434 10 11 0.186
414 554 9 11 0.176
470 583 9 13 0.160
166 565 7 10 0.158
584 630 11 9 0.154
119 595 8 10 0.147
287 537 8 11 0.143
237 556 8 11 0.138
286 589 9 12 0.135
166 562 8 9 0.131
263 603 9 13 0.131
204 586 8 12 0.128
239 544 7 10 0.128
568 592 12 15 0.127
929 402 8 10 0.126
385 555 9 10 0.125
146 543 7 8 0.112
238 552 9 14 0.104
96 567 8 10 0.103
179 544 8 10 0.100
22 564 7 10 0.100
305 556 9 17 0.098
31 631 10 8 0.098
68 560 7 9 0.097
26 630 11 9 0.096
263 560 7 10 0.093
295 575 8 10 0.093
262 611 9 12 0.091
262 573 11 13 0.091
323 566 9 11 0.091
114 557 7 10 0.090
927 403 9 12 0.085
511 630 9 10 0.083
219 559 7 10 0.081
442 561 9 17 0.081
359 583 10 13 0.079
239 556 8 12 0.076
704 630 11 10 0.074
1016 400 7 9 0.073
237 548 9 22 0.070
470 606 10 12 0.070
263 560 9 20 0.069
49 565 8 10 0.068
376 591 10 11 0.066
0 611 6 12 0.064
287 629 10 11 0.063
384 605 12 15 0.063
203 542 7 9 0.062
525 566 8 11 0.062
18 578 8 13 0.060
758 621 11 12 0.058
0 609 10 11 0.058
572 572 11 14 0.058
205 578 8 23 0.057
158 584 7 16 0.057
18 615 10 15 0.055
522 578 10 13 0.053
386 524 8 10 0.052
958 420 8 9 0.052
913 406 12 12 0.051
381 555 11 10 0.050
474 560 10 18 0.048
61 601 9 12 0.046
181 592 29 11 0.046
111 616 12 12 0.045
441 539 9 11 0.044
186 596 13 12 0.044
311 517 7 9 0.043
390 588 12 12 0.043
983 400 7 9 0.043
262 598 10 13 0.043
971 587 33 45 0.042
487 571 10 13 0.040
903 434 9 11 0.040
36 631 9 8 0.039
211 530 7 9 0.039
543 610 20 30 0.039
313 590 10 18 0.039
442 552 10 19 0.037
438 567 11 20 0.036
106 550 12 19 0.035
410 536 9 17 0.035
100 555 8 13 0.035
426 519 8 10 0.035
134 589 10 16 0.034
47 565 17 10 0.034
680 596 10 12 0.033
454 541 9 12 0.033
813 400 6 9 0.032
469 573 12 33 0.032
393 544 9 22 0.032
109 528 6 8 0.032
70 556 9 18 0.031
324 560 8 10 0.031
286 610 9 14 0.031
445 582 10 15 0.029
3 556 9 12 0.028
107 588 17 13 0.028
376 591 26 11 0.028
543 591 9 13 0.028
523 568 10 23 0.027
404 514 8 11 0.027
759 601 9 12 0.027
487 556 9 12 0.026
220 599 9 10 0.026
29 548 8 22 0.026
184 571 12 16 0.025
460 615 13 19 0.025
411 568 12 14 0.025
443 572 10 19 0.024
0 506 6 12 0.024
966 400 8 10 0.024
1010 399 8 10 0.024
388 579 11 21 0.023
485 562 11 24 0.023
389 601 11 17 0.022
203 512 6 10 0.022
445 546 10 27 0.022
237 616 9 12 0.022
381 609 12 16 0.021
62 579 10 15 0.021
393 539 10 16 0.021
205 532 8 24 0.021
557 543 9 13 0.020
285 597 11 30 0.020
