35_Basketball_Basketball_35_457
150
606 144 41 44 0.782
940 320 13 15 0.590
158 370 7 9 0.487
51 381 9 10 0.482
141 336 6 7 0.481
153 352 7 8 0.466
247 390 7 9 0.458
11 358 8 9 0.422
195 369 7 9 0.410
82 345 7 9 0.407
169 387 8 9 0.404
409 336 8 11 0.396
82 310 7 8 0.364
884 359 11 13 0.357
213 358 7 8 0.338
128 369 7 9 0.306
165 316 6 7 0.279
214 384 7 9 0.270
135 384 8 10 0.260
87 360 7 10 0.253
114 335 7 8 0.252
305 365 7 9 0.246
94 380 8 10 0.242
291 329 6 8 0.240
121 354 7 8 0.237
42 331 6 7 0.225
179 297 5 8 0.218
212 385 8 9 0.213
218 319 5 7 0.212
234 349 8 9 0.207
1 330 7 10 0.197
44 348 6 8 0.194
64 305 7 8 0.184
83 348 8 11 0.184
167 317 7 7 0.182
751 207 57 53 0.172
177 338 7 8 0.171
378 327 9 12 0.167
73 381 8 11 0.160
208 387 9 9 0.152
284 375 8 9 0.150
191 318 7 8 0.142
184 354 7 8 0.132
256 330 7 7 0.131
96 291 6 7 0.129
212 422 7 9 0.128
205 337 7 9 0.121
215 318 7 8 0.111
171 381 8 11 0.110
262 379 7 9 0.108
206 389 7 10 0.107
426 347 8 10 0.104
152 299 7 8 0.104
270 362 6 8 0.102
113 368 8 10 0.101
941 322 15 18 0.097
375 346 11 13 0.096
290 330 7 13 0.094
36 301 6 7 0.092
359 323 9 10 0.090
0 416 8 10 0.089
129 365 7 27 0.086
287 375 7 8 0.085
41 360 8 9 0.085
116 331 7 23 0.085
954 301 9 12 0.082
44 338 6 24 0.082
126 302 8 10 0.080
3 198 7 8 0.077
69 273 7 10 0.075
159 339 7 9 0.074
190 313 7 16 0.072
868 443 11 12 0.072
45 344 7 9 0.071
45 154 6 7 0.070
18 195 8 8 0.068
19 247 8 7 0.066
192 315 9 11 0.062
52 245 7 12 0.060
166 268 6 18 0.059
865 354 8 10 0.059
58 258 7 8 0.058
270 360 10 14 0.055
880 466 13 15 0.053
178 290 6 19 0.052
268 304 6 25 0.052
82 255 7 11 0.052
174 403 9 11 0.050
199 299 7 17 0.050
258 379 18 8 0.050
153 369 11 10 0.049
59 419 8 10 0.049
266 312 16 8 0.046
331 354 7 10 0.044
102 306 6 8 0.042
263 342 7 9 0.042
602 402 6 8 0.042
192 269 6 27 0.041
215 403 11 13 0.041
74 383 10 10 0.041
65 175 7 20 0.040
376 321 9 41 0.040
82 251 7 22 0.039
234 310 11 16 0.038
289 394 8 9 0.037
318 335 15 14 0.036
66 263 10 25 0.036
359 365 10 13 0.035
240 308 7 21 0.035
953 345 15 16 0.034
52 376 8 12 0.032
1 284 5 12 0.032
37 297 6 16 0.031
44 148 7 24 0.031
63 433 8 11 0.031
59 282 5 9 0.031
302 340 6 24 0.030
357 317 9 23 0.030
330 350 7 15 0.030
313 325 8 25 0.030
320 326 11 27 0.030
300 339 24 13 0.030
380 380 8 12 0.029
33 361 11 9 0.028
270 299 5 33 0.028
305 368 8 9 0.027
166 254 6 41 0.027
114 353 8 11 0.027
945 545 10 12 0.026
893 547 12 12 0.026
333 356 8 10 0.026
883 462 11 15 0.026
433 322 7 19 0.025
1 278 6 21 0.024
241 339 17 15 0.024
265 270 6 26 0.024
364 337 13 19 0.024
873 382 7 8 0.023
41 300 8 21 0.023
949 306 13 18 0.023
1018 307 6 13 0.022
947 335 16 20 0.022
1 251 5 26 0.022
921 316 12 10 0.022
21 241 10 22 0.021
53 238 7 30 0.021
326 332 11 23 0.020
154 217 7 15 0.020
184 255 6 31 0.020
35 354 12 13 0.020
