35_Basketball_basketballgame_ball_35_178
74
196 469 21 27 0.788
838 189 27 35 0.770
86 397 26 32 0.759
455 382 30 34 0.687
690 389 25 24 0.578
304 486 18 24 0.467
558 442 38 45 0.295
26 675 8 9 0.193
120 675 7 9 0.163
581 271 27 27 0.133
583 240 12 15 0.123
109 663 7 10 0.122
14 657 6 9 0.117
76 664 11 11 0.095
759 703 6 8 0.092
107 687 8 9 0.092
83 667 8 9 0.085
15 656 6 12 0.081
1010 645 7 9 0.074
933 670 7 9 0.073
110 664 7 13 0.072
32 651 7 20 0.067
17 650 8 9 0.066
10 690 7 10 0.064
109 687 9 9 0.058
55 651 8 24 0.058
51 661 15 11 0.058
107 680 8 20 0.055
882 673 8 9 0.053
246 702 8 9 0.053
677 654 6 15 0.052
217 608 12 16 0.051
878 87 26 34 0.050
570 270 32 30 0.049
842 670 9 7 0.046
117 673 16 13 0.043
692 691 8 7 0.040
44 658 9 26 0.040
550 680 7 24 0.039
147 690 7 9 0.039
28 658 7 34 0.039
90 670 11 11 0.038
72 690 9 10 0.038
13 652 8 30 0.037
135 691 8 9 0.035
150 676 7 10 0.035
228 635 8 11 0.035
13 675 24 9 0.035
1009 638 7 22 0.034
11 677 7 15 0.034
77 663 11 22 0.033
325 704 6 9 0.031
871 684 6 15 0.031
430 669 6 12 0.030
116 618 6 9 0.029
130 582 9 10 0.029
62 662 24 14 0.029
231 684 9 9 0.028
758 690 7 28 0.028
152 673 8 12 0.028
841 660 7 28 0.026
116 605 7 9 0.025
456 690 6 18 0.025
881 668 11 22 0.024
288 700 7 9 0.024
180 699 7 9 0.023
45 635 9 8 0.023
531 675 10 19 0.022
468 659 8 29 0.022
138 688 17 13 0.021
220 596 10 11 0.021
535 568 8 9 0.021
861 663 6 27 0.020
326 681 7 21 0.020
