35_Basketball_basketballgame_ball_35_82
443
440 192 47 62 0.818
286 254 48 59 0.803
772 407 21 26 0.767
801 408 21 28 0.766
651 407 19 24 0.756
604 411 18 22 0.746
111 370 15 19 0.726
34 373 15 19 0.710
48 176 13 16 0.709
705 311 21 27 0.708
648 320 15 19 0.707
185 249 12 15 0.701
171 269 12 16 0.700
995 2 29 75 0.690
142 230 13 16 0.689
10 287 15 19 0.689
251 168 13 17 0.687
260 142 12 16 0.685
209 293 12 16 0.685
153 203 14 16 0.684
193 119 13 16 0.684
756 275 13 16 0.678
343 222 13 16 0.674
77 206 12 15 0.666
193 158 13 15 0.665
49 221 12 15 0.664
240 240 12 15 0.654
707 257 11 14 0.653
154 305 13 16 0.652
44 94 11 15 0.649
29 206 14 16 0.642
131 72 11 14 0.640
514 187 12 16 0.635
648 216 11 14 0.634
30 116 13 15 0.630
163 43 11 14 0.627
439 156 12 13 0.623
555 184 12 15 0.622
294 195 13 15 0.621
167 100 11 14 0.621
207 262 11 14 0.613
654 250 13 16 0.610
107 297 13 17 0.604
114 211 13 17 0.602
634 377 14 17 0.601
123 104 12 14 0.600
101 33 11 13 0.598
87 95 10 13 0.593
619 399 12 15 0.592
13 62 12 14 0.584
175 229 11 14 0.583
803 273 13 17 0.582
40 158 11 15 0.581
220 147 12 15 0.581
88 316 14 17 0.578
683 194 12 14 0.573
602 145 11 14 0.570
436 135 12 14 0.569
466 115 12 13 0.567
495 118 12 14 0.564
538 37 10 12 0.558
65 107 12 15 0.556
87 178 12 15 0.552
102 229 12 15 0.548
29 22 11 13 0.546
51 72 12 14 0.545
611 216 10 14 0.544
56 42 12 15 0.539
595 230 11 13 0.538
673 152 12 15 0.526
798 209 13 16 0.523
227 65 11 14 0.521
498 96 12 14 0.519
764 221 13 15 0.519
253 227 11 15 0.518
755 120 11 14 0.517
3 80 13 15 0.515
842 108 11 14 0.515
402 155 11 14 0.514
392 137 12 14 0.507
592 14 10 12 0.506
43 261 13 16 0.503
741 327 15 17 0.500
267 5 12 15 0.500
141 43 12 14 0.492
37 325 13 15 0.490
734 142 11 13 0.489
786 383 17 17 0.487
397 211 12 15 0.483
631 38 10 13 0.477
115 166 12 15 0.474
197 185 11 14 0.471
571 172 12 15 0.471
187 3 10 13 0.471
571 124 10 12 0.465
239 118 12 15 0.461
605 125 10 13 0.459
631 152 12 15 0.456
411 368 15 20 0.453
153 108 11 13 0.449
109 124 11 15 0.449
413 193 10 13 0.442
727 212 13 16 0.438
247 189 12 14 0.432
380 4 9 13 0.428
105 149 11 15 0.421
428 124 10 12 0.419
0 140 9 14 0.419
13 192 11 16 0.415
613 172 11 14 0.408
731 304 15 17 0.407
35 138 14 18 0.406
91 73 11 15 0.402
197 52 12 14 0.401
397 103 12 14 0.398
629 216 11 14 0.398
201 94 13 15 0.393
813 236 11 14 0.392
563 415 18 21 0.389
64 135 12 15 0.377
728 99 11 13 0.374
204 136 12 15 0.374
702 399 17 21 0.372
195 304 12 15 0.372
783 27 11 14 0.370
801 96 12 15 0.368
582 404 15 19 0.367
108 77 13 15 0.365
238 85 12 13 0.365
142 267 13 16 0.363
663 140 11 14 0.360
743 271 10 13 0.357
92 212 12 15 0.353
606 192 12 15 0.326
685 102 11 13 0.322
752 38 11 13 0.318
771 137 12 14 0.315
725 195 12 15 0.314
656 384 14 17 0.312
90 137 12 14 0.312
637 238 11 13 0.305
33 290 15 19 0.293
237 106 13 14 0.290
551 128 9 11 0.289
726 237 11 13 0.288
698 139 10 12 0.286
77 401 12 16 0.284
406 119 10 13 0.277
846 228 12 16 0.275
617 7 9 11 0.274
28 73 13 15 0.272
691 216 10 13 0.271
720 123 12 15 0.269
557 396 13 18 0.268
224 24 11 14 0.263
419 220 15 18 0.259
47 23 11 12 0.249
67 337 16 20 0.246
643 174 15 14 0.240
269 166 11 13 0.239
649 174 12 14 0.238
830 281 10 13 0.236
203 88 14 16 0.221
146 159 16 19 0.216
685 232 13 14 0.216
366 21 10 12 0.213
744 78 11 13 0.207
881 9 11 13 0.206
724 198 14 19 0.204
0 187 11 15 0.203
565 412 23 21 0.197
121 142 11 13 0.197
115 187 14 16 0.194
113 145 13 16 0.193
633 123 11 11 0.192
615 397 15 21 0.190
677 322 14 17 0.188
5 191 13 15 0.184
10 64 13 24 0.177
646 153 10 13 0.169
689 219 11 16 0.168
244 53 14 15 0.165
777 113 14 15 0.163
26 177 11 14 0.163
204 319 13 15 0.159
534 124 10 12 0.158
225 181 13 15 0.156
249 225 14 25 0.151
437 137 10 30 0.147
3 269 11 16 0.142
559 399 18 34 0.141
74 210 31 14 0.141
18 70 21 15 0.140
778 332 18 21 0.137
32 214 28 17 0.135
748 157 14 17 0.131
52 368 15 17 0.129
0 108 9 16 0.125
641 197 11 14 0.119
724 103 13 14 0.119
159 167 12 15 0.119
657 82 12 13 0.117
674 150 16 16 0.116
605 241 12 14 0.115
785 248 13 14 0.114
67 141 12 16 0.111
486 117 12 13 0.110
109 71 38 19 0.105
115 151 12 39 0.104
4 127 11 15 0.103
197 233 14 17 0.103
519 173 12 16 0.103
69 322 30 23 0.102
640 297 13 17 0.101
178 338 13 15 0.101
200 312 13 20 0.101
609 213 19 25 0.099
47 1 10 13 0.098
396 379 14 16 0.096
9 240 12 16 0.095
117 340 17 20 0.095
789 386 19 22 0.094
249 177 15 21 0.094
47 81 12 22 0.088
99 293 24 31 0.086
147 332 12 16 0.084
674 293 12 16 0.084
39 142 13 47 0.083
35 129 12 17 0.083
384 418 17 22 0.083
55 27 10 72 0.082
681 374 16 19 0.082
687 114 11 13 0.082
779 361 16 16 0.080
585 332 13 13 0.080
209 84 10 13 0.079
196 57 11 19 0.078
487 161 11 12 0.078
636 150 14 16 0.077
104 258 13 16 0.076
11 112 12 14 0.074
413 155 48 15 0.074
724 94 19 20 0.073
535 124 20 12 0.073
33 24 20 13 0.072
680 138 13 14 0.072
113 49 11 14 0.072
1 110 10 30 0.071
8 161 12 15 0.071
752 149 13 15 0.071
612 299 15 16 0.070
405 152 11 15 0.070
726 234 14 19 0.070
9 116 13 16 0.070
243 41 15 30 0.070
630 172 21 15 0.069
781 57 13 15 0.069
163 101 13 15 0.069
1 16 10 13 0.069
427 119 26 36 0.067
207 133 12 15 0.067
689 208 12 38 0.067
673 396 15 20 0.066
196 68 12 16 0.066
530 152 11 12 0.066
265 282 11 12 0.063
116 151 10 122 0.062
271 167 11 16 0.062
64 150 16 19 0.061
125 211 12 15 0.061
813 192 11 15 0.061
233 84 14 30 0.061
102 332 15 19 0.060
259 209 13 16 0.060
0 221 9 18 0.059
783 366 16 39 0.059
103 118 10 12 0.059
19 2 10 13 0.059
634 365 15 18 0.059
684 156 11 97 0.058
264 68 13 16 0.058
842 232 13 17 0.058
28 10 22 39 0.058
755 116 20 15 0.058
612 304 16 18 0.058
767 108 16 16 0.057
761 247 13 16 0.056
61 140 14 17 0.056
106 392 11 16 0.056
201 47 13 16 0.055
58 3 12 14 0.054
149 330 15 17 0.053
709 184 13 16 0.053
100 384 12 15 0.053
48 18 14 23 0.053
725 86 12 57 0.052
4 246 13 19 0.052
725 370 19 22 0.052
397 77 10 81 0.052
221 96 12 14 0.051
45 262 15 19 0.051
89 320 28 18 0.051
503 164 11 12 0.051
230 290 11 13 0.051
682 308 14 18 0.049
143 332 25 15 0.048
110 326 16 16 0.048
76 122 12 17 0.047
837 241 10 14 0.047
183 299 15 17 0.047
636 307 13 15 0.047
97 256 21 22 0.047
609 157 29 38 0.047
0 229 14 20 0.047
113 329 17 30 0.046
49 3 12 12 0.046
783 89 13 14 0.045
601 115 12 86 0.044
778 232 17 17 0.043
556 405 15 23 0.043
13 389 14 16 0.043
687 245 14 18 0.042
607 236 14 15 0.042
541 125 23 13 0.042
201 226 15 26 0.041
672 406 15 19 0.041
159 336 21 14 0.041
309 218 12 13 0.041
663 161 12 18 0.041
778 343 16 28 0.040
271 239 12 15 0.040
8 163 14 19 0.040
102 247 13 26 0.040
3 163 14 20 0.039
255 274 11 13 0.039
4 229 17 37 0.038
528 153 12 16 0.038
220 168 12 17 0.038
44 3 25 13 0.038
639 302 14 22 0.037
93 202 13 15 0.037
210 404 14 17 0.037
240 104 34 80 0.037
65 173 13 16 0.037
766 249 14 16 0.036
725 300 15 20 0.036
642 146 19 61 0.036
787 157 13 17 0.036
739 276 12 18 0.036
123 137 14 16 0.036
588 127 17 12 0.036
622 193 18 16 0.035
747 38 13 16 0.035
70 130 27 19 0.035
107 86 11 105 0.035
807 216 25 47 0.035
680 372 15 36 0.035
790 50 13 15 0.035
273 177 12 14 0.034
760 110 12 18 0.034
138 262 13 17 0.034
37 94 11 114 0.033
87 75 14 17 0.033
102 185 22 17 0.033
612 139 14 94 0.033
143 157 12 137 0.032
103 188 15 16 0.032
399 174 14 17 0.032
800 208 13 26 0.032
828 278 11 13 0.032
787 332 19 21 0.032
696 624 73 36 0.032
765 136 23 25 0.031
149 141 15 46 0.031
553 213 13 14 0.031
732 211 13 15 0.031
236 121 12 15 0.031
154 221 13 15 0.030
197 110 12 18 0.029
790 231 16 16 0.029
687 190 12 16 0.029
186 6 14 17 0.029
841 236 16 17 0.029
225 272 11 14 0.029
69 151 14 19 0.028
709 182 20 20 0.028
54 120 13 16 0.028
22 20 16 15 0.028
696 250 18 16 0.027
12 340 15 17 0.027
93 49 15 15 0.027
66 331 16 20 0.027
681 240 17 22 0.027
0 381 10 17 0.026
843 221 12 18 0.026
191 295 11 15 0.025
204 3 12 14 0.025
153 336 45 16 0.025
235 39 16 100 0.025
614 166 11 15 0.025
158 0 10 9 0.024
208 39 12 13 0.024
58 17 11 18 0.024
147 5 11 16 0.024
716 105 10 13 0.024
80 0 10 9 0.024
372 449 17 24 0.024
86 269 14 19 0.024
702 234 14 13 0.024
415 171 12 16 0.024
78 270 19 18 0.023
131 243 12 16 0.023
1 112 13 89 0.023
130 29 11 14 0.023
738 83 14 17 0.023
560 42 11 12 0.023
61 33 10 17 0.022
240 35 12 13 0.022
558 388 14 18 0.022
777 279 12 14 0.022
465 110 14 16 0.022
137 101 12 14 0.022
193 4 43 35 0.022
599 331 13 15 0.022
882 3 10 12 0.022
651 254 13 15 0.022
624 180 15 21 0.022
400 197 15 14 0.022
36 309 14 26 0.022
197 187 14 22 0.022
607 294 34 27 0.022
218 286 23 24 0.021
714 119 14 16 0.021
627 37 11 14 0.021
743 230 13 16 0.021
80 104 34 79 0.021
541 38 18 13 0.021
33 200 12 18 0.021
46 253 17 19 0.020
572 165 14 17 0.020
13 136 12 13 0.020
755 279 20 15 0.020
746 395 15 22 0.020
