35_Basketball_basketballgame_ball_35_479
161
539 350 6 7 0.403
460 487 8 9 0.316
415 474 8 10 0.291
767 358 6 9 0.267
159 445 9 12 0.254
420 365 6 7 0.252
256 261 7 9 0.189
393 436 6 8 0.181
197 277 8 9 0.158
861 373 7 9 0.158
502 358 7 9 0.152
921 352 6 9 0.144
185 252 7 9 0.143
723 372 7 8 0.139
724 347 6 7 0.134
832 366 7 8 0.129
768 353 5 16 0.128
129 283 6 9 0.124
365 499 6 10 0.115
136 292 7 9 0.115
61 435 8 9 0.114
21 372 7 8 0.114
103 282 6 6 0.113
958 346 8 9 0.111
134 289 8 9 0.111
189 502 9 10 0.111
277 486 7 9 0.108
570 369 7 8 0.107
5 332 9 10 0.104
361 525 9 12 0.101
126 424 7 10 0.096
200 279 7 8 0.094
130 283 8 12 0.094
817 648 11 15 0.094
101 423 7 9 0.093
135 438 8 10 0.092
731 402 7 9 0.092
99 450 8 9 0.091
18 338 7 7 0.090
305 510 8 10 0.089
369 340 6 6 0.088
920 350 6 16 0.084
253 511 9 12 0.083
557 351 6 8 0.082
773 658 11 14 0.081
951 645 11 15 0.079
649 525 9 12 0.079
559 348 6 9 0.074
92 281 6 7 0.073
723 342 7 14 0.072
626 597 11 13 0.069
527 365 5 7 0.065
349 496 8 9 0.064
271 577 10 14 0.064
203 477 8 10 0.064
223 270 8 8 0.063
266 475 6 7 0.063
249 276 7 9 0.063
459 490 10 9 0.062
21 339 8 8 0.061
971 337 7 9 0.060
388 503 9 12 0.060
877 649 13 16 0.059
42 339 6 8 0.059
282 535 7 9 0.059
795 366 10 8 0.056
810 364 6 21 0.056
428 475 8 9 0.056
741 369 6 9 0.056
617 517 8 9 0.055
215 507 10 12 0.055
76 443 7 9 0.052
786 360 6 17 0.052
472 505 8 9 0.051
20 405 7 9 0.051
420 364 5 15 0.051
333 490 9 9 0.050
505 510 9 12 0.049
896 377 7 7 0.049
469 529 7 9 0.048
139 530 10 15 0.048
24 337 7 9 0.047
591 331 6 9 0.046
476 353 7 7 0.046
669 536 8 11 0.045
211 323 5 7 0.042
50 430 8 10 0.042
362 508 9 12 0.040
41 382 7 8 0.040
958 337 10 21 0.040
247 470 8 9 0.040
589 327 6 17 0.040
796 353 6 28 0.040
110 435 8 10 0.039
369 342 6 8 0.038
641 338 8 7 0.038
924 284 6 10 0.038
936 365 5 22 0.038
22 461 8 11 0.038
24 369 7 9 0.037
482 584 9 13 0.036
2 265 6 9 0.036
337 276 6 8 0.036
459 403 5 7 0.035
103 276 7 21 0.035
859 355 6 30 0.035
105 614 16 30 0.034
336 666 12 16 0.034
288 502 8 11 0.034
938 400 7 8 0.034
68 403 7 8 0.033
308 285 6 8 0.032
787 354 9 26 0.032
42 334 6 15 0.032
185 242 6 22 0.032
2 403 8 10 0.031
1 418 7 12 0.031
61 334 6 9 0.031
502 540 9 12 0.031
425 477 8 9 0.031
469 355 7 9 0.030
438 519 10 12 0.030
49 405 8 9 0.029
308 271 7 9 0.029
395 433 6 10 0.029
735 401 6 8 0.028
421 381 5 9 0.027
506 415 6 6 0.027
312 560 11 14 0.027
363 576 9 12 0.027
909 375 10 18 0.027
678 365 6 7 0.026
972 331 6 27 0.026
722 558 8 13 0.026
108 621 21 27 0.025
18 404 12 9 0.025
627 391 6 9 0.025
664 328 6 12 0.024
813 585 9 14 0.024
801 394 6 6 0.024
244 576 11 17 0.024
9 475 9 11 0.024
890 340 7 30 0.024
574 356 9 16 0.024
389 507 9 12 0.023
921 278 8 22 0.023
72 441 10 10 0.023
859 362 16 28 0.023
817 666 11 17 0.022
300 306 6 9 0.022
76 463 9 11 0.022
195 478 10 9 0.022
508 415 6 8 0.022
338 526 9 11 0.022
990 330 8 23 0.022
748 322 6 30 0.021
266 576 11 16 0.021
492 358 18 9 0.020
981 638 12 13 0.020
989 348 6 29 0.020
825 391 5 7 0.020
