35_Basketball_Basketball_35_107
243
43 206 75 108 0.865
419 61 129 173 0.858
933 442 33 41 0.822
693 546 49 57 0.785
948 371 29 35 0.780
893 378 28 34 0.777
619 449 32 38 0.773
852 302 23 28 0.756
605 515 42 58 0.752
735 349 20 25 0.752
857 353 22 27 0.734
747 378 23 25 0.723
167 71 14 19 0.721
232 118 16 20 0.717
615 107 15 20 0.717
851 386 28 33 0.716
666 445 33 36 0.713
917 121 19 23 0.709
312 165 15 19 0.704
789 348 17 23 0.695
165 286 19 24 0.684
221 69 15 19 0.684
201 327 18 23 0.670
292 121 15 19 0.668
292 41 13 17 0.667
817 408 24 30 0.664
1007 344 17 26 0.664
678 506 37 47 0.660
688 201 18 24 0.658
847 133 17 21 0.655
726 230 20 26 0.647
337 124 15 19 0.647
683 79 15 18 0.647
629 80 14 17 0.645
273 67 13 17 0.643
775 94 16 20 0.640
955 503 31 43 0.640
817 92 16 20 0.639
784 160 19 23 0.638
320 65 15 19 0.638
781 223 19 23 0.635
263 167 15 19 0.633
748 9 12 16 0.623
787 11 15 18 0.623
994 485 30 77 0.621
200 43 12 17 0.613
744 45 15 19 0.612
227 356 21 26 0.611
743 480 28 40 0.608
145 42 13 17 0.599
261 30 13 19 0.586
710 361 17 21 0.577
1005 102 17 23 0.567
272 1 14 17 0.558
390 29 14 19 0.555
797 388 20 28 0.552
980 151 16 20 0.541
211 100 16 19 0.538
297 12 15 18 0.536
139 252 14 20 0.536
920 359 24 28 0.535
194 22 13 18 0.533
816 336 24 26 0.531
99 158 18 20 0.528
364 87 16 23 0.521
23 3 13 15 0.517
337 29 13 17 0.509
741 194 16 20 0.502
769 362 19 21 0.477
678 18 13 17 0.475
747 76 14 16 0.458
880 90 16 21 0.450
194 0 13 13 0.447
814 150 16 22 0.445
317 97 15 18 0.441
1008 379 15 30 0.416
837 220 18 23 0.397
704 54 13 17 0.391
402 115 15 22 0.367
590 0 15 16 0.358
201 192 15 20 0.342
755 484 88 106 0.336
4 171 13 17 0.333
240 95 14 19 0.330
154 10 13 18 0.322
967 494 51 60 0.316
586 26 13 19 0.313
548 106 14 19 0.299
870 62 17 20 0.294
870 220 20 23 0.274
881 138 15 17 0.257
583 38 15 19 0.221
908 59 14 18 0.218
623 61 12 16 0.215
199 36 14 21 0.210
547 110 13 22 0.210
652 0 12 8 0.203
587 19 14 21 0.200
722 0 14 14 0.200
240 200 14 18 0.199
636 24 15 21 0.199
911 168 14 17 0.198
303 239 19 22 0.198
228 12 14 17 0.183
951 0 16 17 0.182
747 148 15 18 0.180
1012 434 12 34 0.177
816 127 14 17 0.174
955 353 22 24 0.169
882 345 19 24 0.166
749 102 15 19 0.148
719 83 13 16 0.147
551 0 13 14 0.146
800 0 13 15 0.143
929 34 16 20 0.142
649 117 13 16 0.141
231 0 12 13 0.140
968 17 16 20 0.130
341 53 15 19 0.130
976 143 17 22 0.130
944 188 16 19 0.128
177 5 13 17 0.127
927 366 19 26 0.127
224 183 17 17 0.125
815 133 15 32 0.122
972 131 15 20 0.121
637 33 13 16 0.104
779 94 59 20 0.104
587 5 14 44 0.101
912 338 20 24 0.099
775 388 20 31 0.099
232 419 21 28 0.098
328 30 15 65 0.094
875 58 17 22 0.091
678 99 15 18 0.090
835 163 16 18 0.089
866 128 15 20 0.088
714 355 18 24 0.087
124 202 13 14 0.086
362 128 14 16 0.085
244 101 14 17 0.083
773 379 21 29 0.081
356 124 14 17 0.078
830 224 17 22 0.077
746 139 16 34 0.077
908 49 21 29 0.071
986 0 14 14 0.071
697 0 13 13 0.069
874 64 15 33 0.069
866 216 19 24 0.069
800 184 17 21 0.068
950 355 28 35 0.066
374 79 15 20 0.065
638 18 13 14 0.065
766 357 18 21 0.062
838 198 16 54 0.062
270 0 16 30 0.062
113 45 13 17 0.059
71 70 13 17 0.059
862 69 16 19 0.058
725 455 24 27 0.057
404 0 14 18 0.056
744 473 39 59 0.056
110 23 17 21 0.054
549 2 12 17 0.053
869 134 24 19 0.052
755 0 16 18 0.052
688 11 14 18 0.052
872 59 15 18 0.052
931 27 18 25 0.050
145 10 16 17 0.050
939 185 17 19 0.049
725 2 13 16 0.048
278 201 17 18 0.047
372 139 14 16 0.046
679 8 17 19 0.046
728 121 16 18 0.045
691 30 16 20 0.043
337 199 14 18 0.043
1011 137 13 19 0.042
308 137 15 19 0.042
70 165 18 19 0.041
203 101 14 18 0.041
749 479 53 72 0.041
396 176 12 14 0.040
779 154 19 29 0.040
36 171 15 19 0.039
380 74 19 15 0.039
886 338 24 24 0.039
905 171 43 24 0.038
806 126 25 50 0.037
194 0 17 54 0.036
761 130 15 19 0.036
199 47 16 20 0.036
232 428 17 26 0.034
268 121 17 18 0.034
843 62 16 21 0.034
1011 427 13 39 0.034
604 501 36 45 0.033
111 32 16 24 0.033
778 139 17 20 0.032
349 53 15 19 0.032
794 157 21 22 0.032
654 0 21 11 0.032
186 65 14 17 0.031
395 75 13 18 0.031
658 445 23 30 0.031
889 144 37 47 0.031
740 199 15 21 0.030
648 54 13 16 0.030
553 104 11 16 0.029
6 169 18 20 0.029
1002 381 18 25 0.029
950 123 13 19 0.028
777 0 16 17 0.028
837 205 17 22 0.027
405 122 14 22 0.027
290 197 13 18 0.027
579 34 16 20 0.026
777 400 24 27 0.026
796 365 37 61 0.025
188 52 16 29 0.025
1011 141 12 23 0.025
807 326 17 23 0.025
591 409 23 30 0.025
675 42 14 19 0.024
777 167 15 26 0.024
258 15 50 71 0.024
626 255 17 23 0.024
846 65 24 19 0.023
554 336 22 29 0.023
78 65 21 19 0.023
825 338 22 28 0.022
597 414 34 33 0.022
390 72 16 17 0.022
953 59 14 18 0.021
854 305 32 34 0.021
890 0 15 16 0.021
777 189 16 20 0.021
371 193 15 18 0.021
240 119 20 22 0.021
107 23 16 24 0.020
804 361 19 26 0.020
