35_Basketball_basketballgame_ball_35_446
40
469 324 111 158 0.854
644 911 20 25 0.188
729 871 20 26 0.186
791 936 23 29 0.163
808 812 25 32 0.153
721 820 17 23 0.153
762 827 20 25 0.146
822 993 26 31 0.143
714 955 24 30 0.122
663 843 23 29 0.118
635 812 20 26 0.114
829 740 22 28 0.101
869 848 26 33 0.100
882 809 22 28 0.099
690 866 20 25 0.099
755 892 24 30 0.095
716 774 19 26 0.094
694 899 22 27 0.087
712 846 20 24 0.083
860 777 19 25 0.072
762 742 19 23 0.071
728 991 25 31 0.070
805 866 20 25 0.067
275 1089 28 34 0.063
861 896 28 33 0.063
233 850 21 28 0.059
695 1026 23 27 0.057
800 892 24 32 0.044
902 985 25 32 0.042
927 918 19 25 0.040
734 827 58 25 0.038
927 761 18 24 0.032
586 952 18 22 0.031
254 803 19 25 0.029
725 972 24 53 0.028
868 653 20 27 0.025
317 810 21 26 0.024
815 781 26 28 0.021
302 863 27 31 0.021
779 780 18 23 0.021
