35_Basketball_Basketball_35_754
25
500 108 18 21 0.704
626 14 14 18 0.617
485 20 15 16 0.560
925 296 14 18 0.358
667 344 15 20 0.281
191 335 15 18 0.254
212 251 17 21 0.243
377 120 19 19 0.175
216 229 17 17 0.147
184 374 17 21 0.145
661 391 19 25 0.135
213 239 18 25 0.124
384 121 17 19 0.111
224 225 20 18 0.093
928 297 17 19 0.068
205 258 18 21 0.050
389 125 16 19 0.046
182 379 16 20 0.044
214 225 15 17 0.041
232 221 17 19 0.039
458 55 17 19 0.036
374 117 16 17 0.034
390 120 19 20 0.027
183 343 17 17 0.026
584 435 21 24 0.022
