35_Basketball_basketballgame_ball_35_709
757
222 1008 34 43 0.807
521 404 74 71 0.792
135 957 27 36 0.778
768 999 30 40 0.763
182 983 34 42 0.762
882 1010 32 39 0.761
632 598 86 88 0.759
305 804 20 27 0.758
64 989 30 39 0.758
347 966 28 34 0.743
993 929 24 30 0.731
171 939 24 30 0.728
286 992 32 40 0.728
3 1005 35 45 0.725
930 904 22 28 0.723
849 919 24 29 0.704
948 684 19 23 0.700
992 975 28 36 0.695
828 719 18 25 0.694
245 929 24 30 0.689
972 833 21 26 0.689
104 827 22 28 0.688
322 777 22 28 0.687
867 860 21 27 0.686
913 864 20 25 0.681
390 582 16 22 0.679
863 976 23 29 0.679
136 823 24 30 0.678
414 755 20 25 0.677
26 775 20 26 0.676
1000 999 24 37 0.672
904 926 23 27 0.670
393 870 24 29 0.669
240 734 20 24 0.665
353 750 22 26 0.662
924 806 21 27 0.659
3 967 22 31 0.658
95 930 24 28 0.657
945 655 19 23 0.653
859 813 18 23 0.652
15 858 23 27 0.652
438 703 18 24 0.652
36 987 26 34 0.648
261 775 22 28 0.647
353 834 22 28 0.647
940 981 23 29 0.645
154 709 20 26 0.643
229 683 18 24 0.640
268 704 18 23 0.639
781 712 18 23 0.639
53 959 24 29 0.636
219 759 18 23 0.635
410 549 17 22 0.631
277 754 19 23 0.628
354 553 17 22 0.626
972 909 19 24 0.626
14 619 17 23 0.626
107 644 17 21 0.624
833 773 17 21 0.622
880 734 17 23 0.619
216 602 18 23 0.618
898 981 24 29 0.616
975 756 19 23 0.616
31 827 21 26 0.613
289 624 18 22 0.613
53 805 22 25 0.612
203 791 19 25 0.605
296 685 18 23 0.602
909 954 21 26 0.600
418 601 16 20 0.598
896 673 17 23 0.597
79 566 18 22 0.592
786 977 25 34 0.591
984 779 20 25 0.591
244 628 16 21 0.590
146 672 18 23 0.588
328 644 18 22 0.588
0 886 19 28 0.588
792 643 16 21 0.582
505 940 21 28 0.577
998 812 20 25 0.573
925 733 17 21 0.572
908 836 21 24 0.570
262 662 17 20 0.569
302 553 18 22 0.566
983 718 17 21 0.564
322 703 20 25 0.563
973 864 20 25 0.563
793 834 18 24 0.562
850 617 17 22 0.561
391 628 17 22 0.561
192 662 17 22 0.559
972 607 17 21 0.558
838 650 15 18 0.553
361 717 20 24 0.549
184 732 19 25 0.548
301 729 20 24 0.548
9 557 17 20 0.545
853 894 21 24 0.545
81 861 21 26 0.544
420 642 20 24 0.543
242 549 19 22 0.540
260 582 18 21 0.538
388 785 22 27 0.538
926 582 18 24 0.536
496 996 26 33 0.526
372 665 17 22 0.513
798 809 18 22 0.512
372 818 21 24 0.510
179 562 18 22 0.509
266 985 25 34 0.509
0 810 12 25 0.503
48 635 21 25 0.502
767 923 21 27 0.491
163 590 15 19 0.488
803 780 18 22 0.488
58 592 17 22 0.482
180 614 17 19 0.479
80 665 17 22 0.468
306 598 17 22 0.466
370 646 18 21 0.466
751 491 14 18 0.458
720 569 18 22 0.453
255 610 16 20 0.452
675 569 17 22 0.450
963 967 21 28 0.443
867 774 20 24 0.439
741 702 16 20 0.433
923 763 20 26 0.431
2 932 21 29 0.429
806 668 16 20 0.426
974 577 15 20 0.425
887 704 17 21 0.423
1000 680 18 23 0.419
840 677 15 19 0.412
129 624 17 20 0.411
99 589 17 20 0.404
126 421 14 16 0.401
267 955 25 31 0.386
760 737 17 22 0.378
772 690 16 18 0.373
64 462 14 17 0.372
184 688 18 20 0.370
421 474 15 19 0.369
358 603 17 20 0.368
356 417 12 14 0.362
874 784 19 25 0.358
751 967 20 26 0.357
311 387 13 15 0.340
213 971 21 29 0.340
71 520 17 20 0.336
377 469 14 18 0.332
230 413 14 16 0.331
271 984 30 41 0.330
368 382 14 16 0.322
894 641 17 22 0.320
64 433 13 15 0.314
881 580 14 18 0.310
793 618 15 19 0.308
143 644 16 21 0.307
507 361 13 16 0.307
364 357 13 15 0.306
315 421 11 14 0.305
978 697 17 22 0.304
696 455 14 19 0.300
764 416 15 19 0.300
107 361 13 16 0.300
293 430 14 16 0.292
402 448 13 17 0.288
313 535 15 16 0.285
38 469 14 17 0.283
393 370 12 15 0.281
225 483 18 21 0.281
185 700 18 32 0.280
344 489 18 20 0.278
406 408 15 18 0.274
16 460 15 19 0.273
43 394 15 18 0.273
5 325 14 17 0.272
317 864 18 27 0.271
143 607 16 21 0.271
734 450 14 17 0.269
245 322 14 16 0.269
226 366 11 14 0.258
1000 718 17 22 0.258
302 459 16 18 0.257
74 335 13 16 0.257
354 688 19 22 0.250
309 691 22 26 0.249
206 373 13 16 0.247
44 424 13 16 0.245
986 720 20 25 0.244
687 377 14 16 0.244
952 971 28 31 0.242
155 777 20 24 0.241
147 352 12 16 0.241
287 376 12 15 0.241
996 744 16 21 0.240
262 428 15 18 0.239
193 532 15 20 0.237
387 397 13 17 0.235
175 520 15 18 0.234
2 598 17 21 0.230
153 468 14 19 0.224
316 668 18 21 0.222
293 321 13 18 0.219
185 710 18 50 0.218
206 331 13 15 0.218
697 396 15 22 0.217
170 424 13 16 0.216
287 583 15 19 0.216
538 371 15 18 0.214
308 793 22 43 0.209
766 467 15 20 0.208
252 398 13 16 0.207
413 384 12 15 0.203
52 350 13 15 0.203
793 629 16 31 0.202
171 354 13 16 0.202
217 453 15 17 0.199
791 517 14 17 0.198
23 432 14 15 0.196
410 404 14 19 0.196
267 313 13 15 0.195
791 434 14 17 0.194
96 976 25 30 0.193
83 491 14 17 0.192
67 365 15 20 0.191
628 364 11 14 0.187
227 369 12 17 0.183
168 316 14 19 0.183
111 329 15 18 0.183
655 370 14 15 0.183
181 475 15 18 0.181
823 697 17 22 0.179
665 398 13 16 0.176
414 324 12 15 0.175
104 961 25 34 0.174
322 655 18 28 0.172
86 305 13 18 0.172
223 822 17 21 0.170
379 432 12 17 0.167
399 214 12 14 0.166
33 985 52 37 0.162
828 492 14 17 0.162
330 315 14 17 0.162
885 951 20 24 0.159
892 650 17 79 0.159
190 304 15 17 0.158
815 1005 26 33 0.157
332 275 12 17 0.157
91 426 14 17 0.157
729 375 14 17 0.154
801 551 18 21 0.152
21 584 15 19 0.151
164 374 15 22 0.150
2 417 11 17 0.150
348 583 15 20 0.148
521 266 16 19 0.147
795 790 19 75 0.147
160 997 24 28 0.146
5 393 13 17 0.145
387 340 12 14 0.145
0 752 14 25 0.144
345 459 15 18 0.143
0 472 13 18 0.143
758 745 18 25 0.143
710 348 14 16 0.141
368 300 14 15 0.140
968 935 17 23 0.140
260 462 16 17 0.137
75 408 15 18 0.136
120 502 15 17 0.135
802 865 18 23 0.134
431 209 11 15 0.134
139 543 19 24 0.131
807 536 19 20 0.130
343 552 30 27 0.130
613 278 13 16 0.130
108 405 16 19 0.129
887 466 13 17 0.129
883 714 20 58 0.129
32 794 33 31 0.129
791 480 18 20 0.128
258 494 16 20 0.127
340 436 14 17 0.124
184 382 23 16 0.124
807 605 16 20 0.124
969 919 20 29 0.122
72 415 19 15 0.122
973 851 17 77 0.122
839 641 14 53 0.122
729 410 15 17 0.121
560 246 11 14 0.121
113 435 15 19 0.120
2 873 18 90 0.120
330 342 14 18 0.120
203 281 16 18 0.119
332 623 16 20 0.118
378 709 22 25 0.118
229 574 19 21 0.117
679 432 16 17 0.116
320 340 14 18 0.116
99 457 16 20 0.114
611 229 12 14 0.114
161 567 25 46 0.113
196 339 14 17 0.113
136 499 18 21 0.112
813 411 14 17 0.112
800 365 14 16 0.112
959 690 21 24 0.112
660 238 11 14 0.111
850 398 14 18 0.111
168 363 13 30 0.110
101 521 15 19 0.109
775 702 20 52 0.108
108 463 14 18 0.108
854 734 16 21 0.108
88 386 15 24 0.108
367 380 20 22 0.107
53 503 16 19 0.106
706 255 12 15 0.105
658 435 14 19 0.105
870 416 15 18 0.105
586 222 11 15 0.104
198 549 17 22 0.104
13 554 15 33 0.104
770 324 15 16 0.102
364 680 18 85 0.102
110 327 13 36 0.101
115 286 14 21 0.101
954 502 16 18 0.100
682 342 14 18 0.100
165 397 14 18 0.100
776 669 16 21 0.099
871 497 15 17 0.099
278 733 41 36 0.099
737 301 12 14 0.099
150 268 17 18 0.098
802 294 13 15 0.098
88 285 16 16 0.097
665 429 17 18 0.097
974 818 19 77 0.097
217 434 14 37 0.096
254 239 14 16 0.096
786 400 14 17 0.096
397 686 18 24 0.096
788 484 15 19 0.095
189 379 12 37 0.094
366 205 11 13 0.094
609 309 14 14 0.094
233 229 13 14 0.094
134 396 15 16 0.093
696 388 17 23 0.093
217 593 19 43 0.093
343 244 14 15 0.093
75 213 12 15 0.092
6 517 16 19 0.092
177 287 17 19 0.092
829 304 12 16 0.092
229 410 22 20 0.092
220 590 17 31 0.090
375 431 14 25 0.090
290 431 27 22 0.090
1013 608 11 19 0.090
259 366 22 15 0.089
105 455 15 26 0.089
378 237 13 15 0.088
378 296 14 16 0.088
1 442 13 18 0.088
890 400 13 19 0.088
665 304 16 16 0.087
767 369 15 18 0.087
196 302 13 20 0.087
253 623 19 69 0.086
3 362 15 17 0.085
328 202 12 16 0.085
227 295 14 17 0.085
182 552 20 35 0.085
138 510 14 20 0.085
52 351 24 26 0.084
398 481 16 18 0.084
646 571 16 20 0.084
38 308 24 17 0.083
634 392 13 17 0.083
128 234 14 17 0.083
87 281 13 27 0.083
977 700 17 107 0.082
197 406 30 15 0.082
181 439 15 17 0.082
949 862 23 26 0.081
444 268 13 19 0.081
952 480 16 17 0.080
757 606 16 19 0.077
726 413 20 22 0.076
498 320 11 14 0.076
966 605 18 22 0.076
84 392 32 23 0.076
452 249 13 14 0.076
101 219 13 16 0.076
137 322 25 16 0.075
137 537 18 23 0.074
335 249 17 14 0.074
271 336 15 27 0.074
892 444 14 17 0.074
217 476 20 23 0.073
62 622 18 24 0.073
603 339 13 16 0.073
424 290 19 15 0.073
311 861 19 27 0.073
6 458 26 23 0.072
242 278 15 16 0.072
768 459 16 21 0.072
783 343 15 16 0.072
804 416 20 23 0.072
687 269 13 16 0.071
173 493 18 25 0.071
589 271 13 18 0.071
828 431 15 19 0.071
305 300 13 16 0.070
663 271 14 21 0.070
130 399 26 16 0.069
181 533 16 86 0.069
796 550 16 21 0.069
375 464 18 29 0.069
737 328 15 17 0.068
275 481 15 18 0.068
431 579 12 20 0.067
563 357 16 20 0.066
231 477 16 21 0.066
363 513 18 19 0.066
435 631 17 25 0.066
328 358 16 27 0.065
830 510 14 20 0.065
945 371 13 17 0.065
139 601 18 22 0.065
197 934 21 26 0.065
756 382 17 24 0.065
13 363 27 16 0.065
784 313 16 18 0.065
0 479 13 17 0.064
702 441 14 33 0.064
82 260 15 27 0.064
846 572 18 114 0.064
864 769 19 24 0.064
892 350 14 16 0.064
98 562 17 22 0.064
384 716 16 21 0.063
261 744 21 75 0.062
663 385 16 31 0.062
60 256 15 34 0.062
399 251 16 18 0.062
908 903 52 47 0.061
863 440 15 17 0.061
4 393 12 41 0.060
854 464 14 19 0.060
146 615 16 111 0.060
168 298 17 41 0.060
756 754 19 23 0.060
685 326 18 24 0.059
350 570 16 32 0.059
332 279 23 19 0.059
73 367 21 35 0.059
301 302 17 21 0.059
959 788 35 111 0.059
403 291 14 20 0.059
654 563 39 25 0.059
754 957 21 31 0.058
372 300 24 19 0.058
50 305 20 24 0.058
746 698 35 33 0.057
416 328 13 16 0.057
99 464 18 20 0.057
138 526 19 53 0.056
226 692 38 102 0.056
47 234 14 16 0.056
464 200 13 15 0.056
117 256 11 39 0.056
92 426 17 38 0.056
924 471 16 19 0.055
952 489 17 34 0.055
144 396 35 16 0.055
302 207 12 15 0.055
538 281 14 27 0.055
946 428 14 16 0.054
916 374 14 19 0.054
693 462 13 17 0.054
831 521 16 21 0.054
708 311 19 25 0.054
326 314 16 39 0.053
25 982 29 34 0.053
375 235 13 15 0.053
422 1017 27 37 0.053
417 456 18 50 0.052
195 400 14 32 0.052
6 320 12 41 0.052
281 340 20 31 0.051
264 664 16 36 0.051
882 809 16 22 0.051
694 323 27 17 0.051
184 490 17 23 0.050
318 438 32 16 0.050
994 882 22 150 0.050
703 413 20 35 0.050
255 501 15 19 0.050
387 376 37 17 0.050
499 322 13 20 0.049
809 868 18 22 0.049
589 462 16 20 0.049
127 785 20 23 0.049
267 306 12 42 0.049
50 419 33 25 0.049
907 910 21 105 0.049
18 259 16 28 0.049
9 531 16 81 0.048
41 276 18 29 0.048
346 457 32 19 0.048
310 681 39 75 0.048
722 465 15 32 0.048
225 253 11 14 0.048
0 952 71 68 0.048
775 478 40 21 0.048
609 302 11 37 0.047
784 581 17 21 0.047
349 267 30 17 0.047
856 308 14 17 0.047
975 453 14 19 0.046
260 232 17 20 0.046
86 256 19 39 0.046
154 186 11 13 0.046
249 362 22 27 0.046
395 478 34 17 0.046
719 482 14 19 0.046
865 436 18 20 0.046
320 471 20 23 0.045
851 457 14 22 0.045
114 288 15 44 0.045
197 268 15 24 0.045
320 240 15 18 0.045
218 433 25 29 0.045
829 386 14 19 0.045
214 570 23 24 0.045
288 236 15 17 0.045
634 252 12 20 0.045
245 275 12 31 0.045
290 401 20 17 0.044
826 1010 27 31 0.044
763 910 21 28 0.044
926 681 16 174 0.044
627 298 15 25 0.044
736 687 66 36 0.043
171 601 39 41 0.043
897 632 29 22 0.043
909 309 13 15 0.043
219 402 18 44 0.042
660 234 12 29 0.042
158 374 44 22 0.042
598 306 24 20 0.042
987 493 14 18 0.042
292 258 15 16 0.042
445 306 12 16 0.042
651 434 43 18 0.042
737 247 15 18 0.042
907 247 10 13 0.042
761 417 16 29 0.041
344 388 16 38 0.041
741 383 32 20 0.041
833 427 15 19 0.040
631 365 12 42 0.040
169 928 26 33 0.040
643 284 18 21 0.040
940 330 13 16 0.040
32 312 31 22 0.040
150 304 24 26 0.039
435 331 11 14 0.039
950 349 14 19 0.039
302 714 48 139 0.039
1009 613 13 19 0.039
144 621 17 36 0.039
676 303 21 19 0.038
43 906 19 25 0.038
257 523 19 129 0.038
699 464 21 23 0.038
23 306 28 25 0.038
368 262 25 17 0.038
22 365 15 35 0.038
977 758 28 143 0.037
152 241 14 16 0.037
183 464 17 28 0.037
767 281 12 27 0.037
948 497 16 20 0.037
301 448 17 38 0.037
801 439 15 27 0.036
257 376 34 26 0.036
147 460 16 21 0.036
96 246 23 23 0.036
180 282 38 29 0.036
49 506 17 20 0.036
400 292 21 31 0.036
746 497 17 25 0.036
344 447 17 99 0.036
13 193 14 16 0.036
138 319 43 22 0.035
968 330 14 17 0.035
131 591 30 81 0.035
254 615 20 25 0.035
423 241 13 17 0.035
981 435 17 17 0.035
57 250 21 28 0.034
154 437 21 28 0.034
946 360 14 30 0.034
699 285 20 23 0.034
246 320 12 49 0.034
71 612 20 23 0.034
54 320 35 28 0.034
927 589 18 23 0.034
861 837 26 23 0.033
215 828 21 30 0.033
791 585 26 29 0.033
741 351 19 23 0.033
260 960 25 30 0.033
819 444 18 17 0.033
761 762 18 22 0.033
654 270 26 18 0.033
224 890 22 25 0.033
76 236 16 43 0.033
969 403 12 16 0.032
727 325 28 23 0.032
732 401 22 24 0.032
717 304 35 17 0.032
149 249 16 35 0.032
502 365 15 16 0.032
339 373 17 40 0.032
260 464 23 39 0.032
22 359 38 24 0.032
538 311 16 28 0.031
771 320 27 23 0.031
889 629 19 23 0.031
0 455 11 18 0.030
554 336 19 40 0.030
822 486 22 24 0.030
102 327 15 49 0.030
291 240 15 35 0.030
872 702 16 147 0.030
109 251 24 30 0.030
820 350 15 21 0.030
536 373 42 19 0.029
101 523 21 24 0.029
929 458 15 28 0.029
328 395 20 29 0.029
766 229 13 15 0.029
874 370 15 22 0.029
130 264 38 23 0.029
347 500 21 25 0.029
111 366 17 30 0.029
541 354 39 34 0.029
779 655 19 38 0.028
76 209 12 14 0.028
983 623 19 175 0.028
552 256 13 38 0.028
961 501 17 18 0.028
740 329 17 44 0.028
241 235 35 19 0.028
455 240 13 19 0.028
372 533 21 21 0.028
939 430 14 32 0.027
936 425 23 19 0.027
661 442 16 18 0.027
364 509 30 22 0.027
151 560 17 37 0.027
763 901 17 24 0.027
174 440 17 46 0.027
304 747 19 26 0.027
330 361 45 20 0.027
506 324 23 29 0.027
901 924 30 45 0.027
495 320 10 15 0.027
504 342 11 44 0.026
579 911 18 29 0.026
800 798 20 27 0.026
834 288 11 35 0.026
329 271 41 18 0.026
954 500 37 17 0.026
949 311 13 15 0.026
763 392 18 68 0.026
665 271 11 47 0.026
801 322 23 20 0.026
117 282 32 25 0.026
872 378 15 25 0.026
769 381 19 23 0.025
854 379 16 36 0.025
179 486 22 86 0.025
1003 476 14 16 0.025
983 359 12 16 0.025
258 502 21 28 0.025
993 665 20 35 0.025
21 328 20 42 0.025
0 593 13 19 0.025
839 276 12 15 0.025
925 465 15 18 0.025
74 205 12 66 0.025
760 299 19 35 0.024
417 293 15 51 0.024
589 269 12 43 0.024
416 245 21 25 0.024
977 431 15 35 0.024
49 276 25 38 0.024
753 605 29 25 0.024
266 627 19 155 0.024
316 444 25 43 0.024
296 240 31 31 0.024
297 255 15 28 0.023
534 242 12 14 0.023
128 230 22 38 0.023
560 374 31 17 0.023
879 348 31 19 0.023
278 514 26 22 0.023
538 287 13 47 0.023
151 268 19 44 0.023
0 360 12 18 0.023
180 870 19 24 0.023
3 277 16 40 0.023
203 710 18 22 0.023
679 509 18 22 0.022
909 302 13 17 0.022
410 395 19 24 0.022
317 484 32 27 0.022
104 696 22 26 0.022
738 528 22 26 0.022
305 505 22 38 0.022
430 276 21 37 0.022
180 351 33 41 0.022
852 355 15 32 0.021
273 202 13 15 0.021
844 1009 19 26 0.021
301 733 35 23 0.021
794 866 18 26 0.021
521 340 31 32 0.021
640 591 60 66 0.021
761 277 17 19 0.021
627 340 16 45 0.021
419 545 19 186 0.021
924 575 18 22 0.021
655 410 13 45 0.021
302 1002 29 36 0.021
796 234 14 16 0.021
302 478 15 201 0.021
825 237 13 16 0.020
665 564 36 47 0.020
432 319 16 31 0.020
395 509 27 24 0.020
397 250 18 42 0.020
248 548 18 22 0.020
328 654 23 25 0.020
71 709 23 24 0.020
811 560 19 26 0.020
865 273 15 18 0.020
