36_Football_americanfootball_ball_36_615
24
198 105 29 45 0.784
531 185 18 24 0.754
381 143 23 34 0.751
451 155 19 25 0.735
83 135 14 18 0.680
862 151 14 19 0.659
742 138 15 21 0.597
523 153 12 19 0.517
922 98 19 33 0.509
722 156 12 17 0.423
672 174 14 17 0.408
618 150 13 20 0.374
645 162 12 16 0.324
670 172 11 16 0.123
692 155 12 15 0.116
782 147 11 15 0.103
527 151 11 18 0.057
688 157 13 16 0.042
690 158 56 20 0.041
649 158 10 15 0.035
696 153 10 14 0.032
697 156 20 18 0.025
783 152 13 21 0.024
787 170 13 16 0.022
