36_Football_americanfootball_ball_36_257
28
628 135 55 67 0.891
71 224 74 92 0.868
863 155 83 111 0.857
429 195 64 73 0.843
99 169 56 68 0.815
503 214 34 46 0.815
289 177 53 61 0.776
383 194 34 48 0.744
779 205 61 78 0.728
60 182 28 33 0.663
194 178 37 48 0.471
753 221 40 50 0.268
1009 154 15 56 0.225
430 174 39 42 0.215
751 227 29 39 0.139
951 190 38 56 0.103
16 176 32 38 0.089
69 178 26 35 0.067
1 178 31 37 0.042
491 186 31 37 0.038
428 178 52 64 0.034
365 190 43 56 0.034
200 185 40 52 0.025
435 165 34 36 0.025
33 174 21 29 0.024
0 182 25 50 0.024
85 186 70 94 0.023
0 160 13 24 0.021
