36_Football_americanfootball_ball_36_487
880
83 255 12 15 0.698
72 194 11 14 0.697
276 197 13 16 0.695
204 231 12 15 0.693
169 236 13 17 0.676
225 251 13 16 0.670
942 143 10 12 0.669
146 165 12 15 0.657
12 143 12 15 0.654
113 88 11 13 0.652
194 173 11 14 0.652
697 117 10 13 0.646
879 124 10 12 0.646
656 179 11 14 0.646
658 206 10 13 0.646
842 209 11 13 0.645
320 183 12 15 0.640
863 105 10 12 0.638
871 229 11 14 0.636
526 245 13 15 0.636
843 3 11 13 0.635
586 219 10 13 0.629
977 144 9 12 0.627
776 244 10 13 0.626
103 174 11 14 0.625
296 182 12 15 0.625
88 220 12 14 0.625
687 182 10 12 0.624
413 232 12 14 0.623
811 330 20 28 0.622
101 199 11 13 0.619
285 79 10 13 0.618
31 103 11 13 0.617
767 111 9 11 0.616
47 254 13 16 0.616
961 174 10 13 0.616
294 158 11 14 0.613
129 138 11 13 0.613
507 97 9 12 0.612
900 90 10 12 0.612
507 71 9 12 0.612
923 181 9 12 0.610
919 210 9 12 0.610
58 154 11 13 0.609
115 51 11 13 0.608
418 253 12 14 0.604
7 215 11 15 0.603
887 163 9 13 0.601
860 148 10 12 0.600
102 155 12 14 0.600
514 196 12 14 0.598
87 105 11 15 0.596
622 182 10 12 0.595
606 42 9 12 0.595
554 220 11 14 0.594
547 195 10 14 0.593
94 89 11 14 0.592
292 256 12 14 0.591
626 5 11 13 0.590
869 40 9 12 0.589
792 172 10 11 0.586
843 174 10 13 0.584
662 29 9 13 0.584
381 67 10 12 0.581
141 246 12 15 0.581
277 160 10 13 0.580
768 191 9 12 0.576
839 42 10 12 0.575
421 110 9 12 0.572
87 179 9 13 0.572
539 110 9 12 0.568
56 301 15 22 0.568
1012 146 10 13 0.566
359 273 12 15 0.565
718 232 12 14 0.564
615 145 10 13 0.563
727 197 11 14 0.563
371 100 11 13 0.561
382 44 10 13 0.560
635 132 8 11 0.560
771 30 10 12 0.559
789 198 11 13 0.559
951 116 9 12 0.558
677 95 9 12 0.557
945 84 10 12 0.556
341 85 11 14 0.555
390 176 11 13 0.553
170 119 12 14 0.553
274 105 9 11 0.552
321 255 11 14 0.551
917 165 9 12 0.551
101 241 12 15 0.550
738 124 9 11 0.548
438 27 9 12 0.548
631 226 11 14 0.548
184 14 10 13 0.548
989 227 10 12 0.548
626 72 9 11 0.545
915 55 10 11 0.544
703 207 10 12 0.544
978 101 10 12 0.543
899 227 9 12 0.542
598 136 10 12 0.541
709 14 9 12 0.540
232 233 12 14 0.540
589 31 9 13 0.538
675 237 11 13 0.538
176 97 12 15 0.536
8 105 10 12 0.536
799 326 21 26 0.534
265 34 9 13 0.533
737 72 9 12 0.533
396 248 12 15 0.532
796 91 9 12 0.532
426 141 10 13 0.532
787 136 9 12 0.531
42 56 10 13 0.530
682 111 9 10 0.528
562 9 9 12 0.527
10 33 10 13 0.527
939 224 10 12 0.526
914 229 10 12 0.525
825 208 11 15 0.525
928 119 10 12 0.525
799 218 10 13 0.523
533 81 10 12 0.522
366 236 12 14 0.522
479 34 9 13 0.520
29 232 12 16 0.519
417 179 11 13 0.516
356 178 12 15 0.515
325 105 9 12 0.515
83 65 9 13 0.513
452 57 10 12 0.509
230 135 9 12 0.509
885 44 11 13 0.508
673 57 9 12 0.508
826 166 9 11 0.507
700 244 14 16 0.507
797 50 10 13 0.505
235 21 10 12 0.503
399 132 10 13 0.503
598 3 9 11 0.502
320 69 10 12 0.501
664 111 8 10 0.500
977 174 9 11 0.498
535 195 11 15 0.494
445 80 8 10 0.494
423 28 8 11 0.491
700 32 9 11 0.491
700 186 9 13 0.490
907 189 10 12 0.489
510 3 9 11 0.488
24 169 11 14 0.487
41 132 11 15 0.487
764 143 10 13 0.487
722 84 10 13 0.486
131 45 10 13 0.485
809 36 9 10 0.482
567 144 10 13 0.482
119 254 11 14 0.481
59 51 11 14 0.479
394 12 9 11 0.478
431 187 10 14 0.478
610 241 12 15 0.477
83 29 11 14 0.477
771 87 9 11 0.476
85 150 10 14 0.474
845 89 8 11 0.473
524 65 8 10 0.473
229 149 11 14 0.472
811 160 8 11 0.471
715 126 10 13 0.471
464 84 9 12 0.471
224 1 10 13 0.470
642 45 9 11 0.470
160 16 10 12 0.468
299 101 9 12 0.467
248 105 10 13 0.466
309 12 9 12 0.466
704 95 10 12 0.465
67 222 12 15 0.464
566 99 9 12 0.463
53 11 10 13 0.461
337 277 11 14 0.453
258 72 10 12 0.448
575 39 9 12 0.444
670 77 9 11 0.444
197 6 9 12 0.443
495 128 11 13 0.443
536 257 12 17 0.442
103 33 11 12 0.442
205 77 9 11 0.439
455 112 9 13 0.438
490 199 10 13 0.437
420 48 8 10 0.437
376 251 11 13 0.435
921 38 9 11 0.434
222 91 10 12 0.433
653 74 10 12 0.432
940 52 9 12 0.431
388 229 12 14 0.431
399 95 9 12 0.430
723 34 9 12 0.429
504 42 9 11 0.428
1013 236 10 14 0.426
774 0 9 12 0.423
753 259 11 15 0.423
1001 28 9 12 0.422
392 55 9 11 0.421
644 89 9 11 0.420
30 18 10 13 0.419
28 34 9 13 0.418
255 158 11 14 0.417
973 9 9 12 0.416
528 20 9 12 0.415
284 6 10 12 0.413
703 76 10 13 0.411
439 43 8 10 0.411
574 191 11 15 0.410
12 63 11 14 0.407
618 280 14 16 0.406
953 24 9 12 0.404
46 71 10 13 0.404
152 123 10 13 0.402
318 50 10 13 0.401
750 246 12 14 0.400
296 289 17 21 0.399
228 77 11 12 0.398
519 38 8 11 0.395
967 224 9 12 0.388
734 9 8 12 0.388
309 169 9 13 0.388
908 125 9 12 0.387
312 274 14 17 0.384
732 243 10 13 0.382
652 146 10 13 0.381
538 194 13 16 0.379
463 292 16 19 0.377
885 12 10 12 0.377
977 124 10 11 0.376
403 286 13 17 0.375
364 1 8 12 0.375
429 282 16 18 0.373
41 91 11 13 0.373
11 302 16 21 0.372
497 14 9 12 0.371
329 35 9 12 0.371
452 36 9 11 0.370
183 32 10 12 0.369
230 119 9 11 0.368
107 9 9 11 0.365
212 119 8 11 0.362
886 81 9 12 0.361
830 89 8 11 0.360
503 275 20 22 0.360
61 140 11 13 0.360
78 134 11 15 0.359
284 285 18 21 0.358
912 114 10 12 0.357
1005 99 10 12 0.355
449 132 12 13 0.354
913 74 10 11 0.352
0 71 8 13 0.351
466 132 10 11 0.349
919 19 10 11 0.347
159 59 10 13 0.346
175 47 10 11 0.346
15 89 11 14 0.346
1 124 9 13 0.344
42 119 11 12 0.339
600 86 10 12 0.338
66 178 11 13 0.338
757 175 11 13 0.337
140 25 11 14 0.334
345 10 7 10 0.332
65 88 10 13 0.331
789 33 9 12 0.328
797 328 36 28 0.328
193 86 9 12 0.328
350 44 9 12 0.328
489 105 8 11 0.327
931 12 9 11 0.326
741 173 10 12 0.326
57 99 11 15 0.325
850 130 10 11 0.323
785 159 10 11 0.321
886 200 11 13 0.318
144 104 10 15 0.318
859 76 10 13 0.317
873 176 10 12 0.316
363 20 9 12 0.316
928 244 11 13 0.315
46 283 14 18 0.311
690 74 9 11 0.307
582 130 9 12 0.306
115 106 11 13 0.306
434 111 8 11 0.304
568 252 11 13 0.300
926 94 9 12 0.298
293 59 9 12 0.298
565 122 10 13 0.297
126 33 10 12 0.297
500 3 8 9 0.291
651 114 9 12 0.289
384 283 14 18 0.289
261 55 9 11 0.285
766 161 9 12 0.284
626 97 10 12 0.283
638 106 11 12 0.283
96 153 13 15 0.282
242 291 11 15 0.281
581 105 10 12 0.281
585 273 17 19 0.280
6 256 11 14 0.275
0 52 8 12 0.275
942 256 14 18 0.273
994 2 10 13 0.273
317 277 12 17 0.270
812 58 9 12 0.270
722 236 12 15 0.267
81 16 10 12 0.267
777 303 16 18 0.266
541 11 8 12 0.262
831 186 9 11 0.261
744 278 14 17 0.261
147 63 8 12 0.261
633 206 10 13 0.260
330 12 9 11 0.259
676 0 8 9 0.257
257 119 11 14 0.256
600 179 11 13 0.254
315 27 9 11 0.251
943 170 10 11 0.251
389 248 16 16 0.249
202 62 10 12 0.248
246 82 10 12 0.248
83 183 12 16 0.247
354 115 11 12 0.247
66 23 10 13 0.242
212 159 10 13 0.241
762 71 10 13 0.240
466 1 10 10 0.240
289 214 10 12 0.240
908 12 10 11 0.240
1004 170 10 14 0.237
178 72 10 12 0.235
887 19 10 13 0.235
238 219 12 14 0.232
269 127 9 13 0.230
551 31 11 12 0.228
227 90 14 12 0.226
30 14 10 13 0.226
510 278 20 22 0.223
23 78 10 15 0.223
640 108 12 13 0.218
254 303 14 19 0.218
338 176 12 17 0.216
374 95 11 14 0.216
193 285 16 21 0.212
726 111 9 11 0.210
761 7 8 11 0.209
450 37 10 14 0.208
392 84 10 12 0.207
342 274 17 16 0.206
158 86 11 13 0.204
89 178 13 14 0.204
557 27 9 11 0.204
868 284 12 18 0.203
299 14 10 13 0.202
230 231 13 25 0.201
910 117 9 18 0.200
604 138 12 14 0.200
900 268 15 17 0.200
456 272 17 20 0.200
943 102 9 12 0.198
945 163 10 15 0.196
202 70 10 13 0.194
998 101 14 12 0.193
286 231 10 13 0.192
163 33 10 12 0.192
617 134 9 22 0.190
462 181 13 12 0.189
468 180 10 12 0.189
549 49 10 12 0.185
181 65 11 13 0.185
16 241 14 16 0.184
328 252 14 14 0.184
68 179 11 21 0.183
927 272 13 16 0.183
521 195 28 15 0.182
687 184 24 13 0.182
691 239 11 14 0.181
299 54 10 12 0.178
1018 119 6 13 0.177
542 57 9 12 0.175
573 0 8 10 0.175
780 73 10 15 0.174
415 232 12 23 0.173
235 44 9 12 0.173
797 244 11 13 0.172
578 272 17 18 0.171
675 88 9 15 0.171
1004 42 10 11 0.168
543 1 9 9 0.168
567 219 12 12 0.166
947 34 9 13 0.164
810 278 12 14 0.163
562 69 10 12 0.163
611 119 10 12 0.162
820 114 9 12 0.162
615 128 10 15 0.161
102 154 12 30 0.161
223 83 11 19 0.161
732 276 14 17 0.161
82 15 9 22 0.161
846 255 12 14 0.161
866 60 9 13 0.160
194 35 10 13 0.160
184 32 17 13 0.159
761 67 8 11 0.159
774 81 10 14 0.158
41 162 10 14 0.157
17 306 14 18 0.157
102 270 13 23 0.157
583 71 10 13 0.157
157 77 10 21 0.155
641 198 11 14 0.154
1011 19 9 12 0.154
762 170 11 15 0.154
514 111 9 11 0.153
63 34 11 13 0.153
812 203 10 13 0.153
703 283 17 19 0.152
100 282 14 20 0.152
703 75 9 25 0.151
63 111 9 13 0.151
158 60 10 20 0.150
87 37 11 14 0.150
965 105 10 11 0.149
761 288 12 16 0.149
845 274 14 16 0.149
342 225 10 14 0.146
645 15 9 11 0.145
89 9 15 12 0.144
88 98 11 26 0.142
421 69 10 12 0.141
763 79 9 17 0.140
262 295 12 18 0.140
65 26 9 23 0.140
917 217 11 15 0.139
396 28 8 11 0.138
371 87 12 31 0.138
685 7 10 12 0.138
524 59 8 12 0.137
181 55 11 20 0.134
506 41 23 10 0.134
828 135 11 12 0.133
751 263 14 18 0.133
886 34 10 25 0.132
784 14 9 13 0.131
948 226 11 13 0.127
829 208 29 14 0.127
613 139 12 26 0.127
231 74 10 25 0.127
421 80 9 11 0.124
738 276 16 19 0.124
978 167 10 19 0.123
37 56 33 13 0.122
18 123 10 13 0.122
375 160 9 12 0.122
944 40 8 13 0.121
738 16 10 13 0.120
265 126 10 13 0.118
456 183 13 13 0.118
12 144 23 15 0.118
103 264 12 17 0.118
761 70 18 13 0.117
553 87 10 15 0.116
496 272 16 20 0.116
909 76 15 13 0.116
500 279 16 20 0.115
347 48 11 15 0.115
241 1 8 9 0.115
263 248 12 17 0.114
290 276 19 36 0.113
364 182 12 16 0.112
574 36 20 12 0.112
1014 237 9 23 0.111
789 163 10 17 0.111
1016 123 8 24 0.111
818 142 9 14 0.111
21 240 13 21 0.111
13 243 18 19 0.111
945 77 9 36 0.110
74 178 14 14 0.109
40 120 12 34 0.109
313 266 13 18 0.108
802 55 21 11 0.107
778 275 13 15 0.107
247 275 11 13 0.107
685 281 14 18 0.107
981 102 20 12 0.107
551 94 13 14 0.107
419 182 18 17 0.105
171 279 12 15 0.105
319 182 23 14 0.103
813 155 9 13 0.103
26 173 13 16 0.102
615 98 9 25 0.101
234 50 8 11 0.100
623 277 22 18 0.100
424 280 34 20 0.099
125 95 11 13 0.099
548 91 10 12 0.099
1001 28 12 16 0.098
718 194 11 13 0.098
552 36 8 25 0.098
657 186 11 49 0.097
351 256 10 13 0.097
876 209 10 15 0.097
914 49 11 22 0.096
251 118 13 15 0.096
478 11 9 18 0.096
743 206 9 13 0.095
490 266 13 17 0.095
812 47 9 11 0.094
465 75 8 19 0.094
538 102 11 28 0.094
1008 101 10 17 0.094
177 299 16 21 0.094
357 76 8 12 0.094
785 130 11 13 0.093
179 207 9 12 0.093
151 218 12 15 0.093
83 11 12 23 0.092
596 92 13 18 0.092
929 111 11 21 0.092
341 229 10 15 0.091
787 109 11 12 0.091
340 51 10 13 0.091
766 104 11 23 0.090
641 111 17 13 0.090
613 227 33 25 0.090
210 59 9 12 0.090
57 87 12 39 0.090
273 159 36 14 0.090
971 254 14 16 0.089
886 197 18 14 0.088
920 174 11 26 0.088
202 228 23 21 0.088
381 49 12 38 0.087
450 97 17 11 0.087
833 80 8 11 0.087
102 138 12 16 0.086
479 136 9 10 0.085
689 113 18 17 0.085
286 223 11 27 0.085
837 24 11 13 0.084
860 133 11 40 0.084
747 244 12 16 0.084
604 180 24 14 0.083
687 150 10 12 0.083
383 40 11 16 0.082
359 246 12 57 0.082
544 129 9 13 0.082
696 24 10 18 0.080
228 124 11 43 0.080
821 133 16 16 0.080
447 187 9 12 0.079
338 177 24 15 0.079
743 283 20 18 0.079
264 34 8 25 0.079
338 282 12 15 0.077
274 281 29 26 0.077
674 1 9 13 0.077
122 101 11 17 0.076
510 99 9 23 0.076
558 79 8 18 0.076
781 186 13 16 0.076
344 253 15 15 0.076
183 62 28 11 0.076
679 9 12 18 0.075
43 10 18 14 0.075
576 58 12 15 0.075
40 43 15 37 0.075
857 74 9 13 0.075
334 9 19 12 0.074
276 130 9 11 0.074
1016 69 8 13 0.073
884 225 21 15 0.073
985 165 10 11 0.073
530 191 12 16 0.073
880 93 9 67 0.073
551 24 16 18 0.072
885 157 11 27 0.072
297 182 44 17 0.072
83 14 11 41 0.072
928 93 23 16 0.071
655 25 12 14 0.071
38 133 11 15 0.070
790 166 10 64 0.070
307 88 9 13 0.069
946 64 8 25 0.069
32 192 12 14 0.069
534 12 15 25 0.069
51 268 15 69 0.069
694 119 21 14 0.069
341 235 10 15 0.068
586 252 23 45 0.068
945 65 9 13 0.067
574 264 17 20 0.067
893 226 29 13 0.067
324 65 12 15 0.067
350 56 9 13 0.066
0 285 7 15 0.066
773 60 14 10 0.065
649 278 13 16 0.064
295 151 14 67 0.064
11 0 9 9 0.064
259 253 13 18 0.063
436 93 9 27 0.063
12 120 18 14 0.063
609 84 9 13 0.062
51 77 14 21 0.061
34 163 15 15 0.061
705 97 9 19 0.061
696 186 10 12 0.061
581 74 9 11 0.061
225 0 15 12 0.060
622 34 9 12 0.060
265 293 12 16 0.060
959 1 9 9 0.060
738 119 8 11 0.059
630 137 11 25 0.059
999 15 11 36 0.059
654 128 9 28 0.059
760 86 11 13 0.059
281 6 26 17 0.058
863 62 23 12 0.058
532 179 10 12 0.058
956 52 9 12 0.058
61 127 9 77 0.058
260 42 9 59 0.057
290 185 13 16 0.057
675 0 16 22 0.057
573 273 14 16 0.057
1013 253 11 13 0.056
737 258 11 14 0.056
368 233 12 15 0.056
571 249 14 39 0.056
867 282 26 19 0.055
816 84 9 11 0.055
181 78 18 20 0.055
386 211 10 16 0.055
575 112 15 31 0.055
388 205 12 48 0.055
841 272 14 17 0.055
179 56 11 86 0.054
454 97 11 37 0.054
842 86 12 18 0.054
752 233 11 56 0.054
466 70 8 10 0.054
312 12 19 21 0.053
350 308 14 15 0.053
701 173 10 58 0.053
222 217 12 16 0.052
450 184 10 11 0.051
109 90 30 31 0.051
506 63 11 29 0.051
703 39 9 17 0.051
419 50 8 13 0.050
161 35 9 26 0.050
748 174 27 18 0.050
600 101 18 20 0.050
394 280 16 20 0.050
840 33 10 18 0.049
830 189 10 24 0.049
767 80 13 20 0.049
276 154 11 81 0.049
174 284 22 21 0.048
258 305 13 17 0.048
11 35 11 66 0.048
43 286 14 19 0.048
810 110 17 13 0.048
486 40 19 13 0.048
323 234 18 63 0.048
923 15 13 14 0.047
599 79 9 12 0.047
547 292 14 17 0.046
10 295 11 16 0.046
784 265 15 17 0.046
789 269 14 19 0.046
869 38 33 19 0.045
97 206 15 71 0.045
875 183 11 15 0.045
583 125 13 15 0.045
788 140 9 11 0.045
808 237 14 14 0.045
870 201 14 12 0.045
135 1 11 15 0.045
133 3 10 16 0.045
925 243 24 54 0.044
638 276 20 19 0.044
732 6 9 10 0.044
3 245 11 14 0.044
869 200 9 12 0.044
968 221 11 12 0.044
946 18 24 18 0.043
345 294 17 23 0.043
332 1 8 9 0.043
432 222 13 13 0.043
25 253 12 19 0.043
706 46 7 26 0.043
406 283 15 18 0.042
424 110 10 70 0.041
533 66 11 39 0.041
656 144 10 14 0.041
701 248 15 16 0.040
281 280 18 22 0.040
350 130 14 15 0.040
331 302 14 15 0.040
96 225 27 56 0.039
51 35 21 45 0.039
682 284 14 18 0.039
646 29 28 20 0.039
113 33 27 47 0.039
826 127 12 15 0.039
637 252 11 14 0.039
251 14 9 13 0.038
492 49 9 13 0.038
289 215 10 15 0.038
301 262 33 52 0.038
87 61 9 111 0.038
63 179 11 14 0.037
867 174 12 14 0.037
397 150 9 12 0.037
28 314 11 16 0.037
791 263 13 18 0.037
713 75 10 15 0.037
530 85 11 11 0.037
840 234 11 14 0.037
207 3 11 11 0.037
563 144 11 14 0.037
643 185 13 20 0.037
540 291 18 18 0.037
466 134 10 16 0.037
573 217 15 13 0.036
785 19 10 15 0.036
443 31 16 23 0.036
899 276 16 17 0.036
817 274 49 17 0.036
673 41 9 46 0.035
241 55 12 18 0.035
634 151 9 12 0.035
198 291 13 18 0.035
722 3 11 65 0.035
104 4 11 12 0.035
451 94 14 73 0.035
482 93 12 14 0.035
507 17 25 14 0.035
352 111 14 25 0.034
953 135 9 12 0.034
454 129 30 20 0.034
475 128 13 16 0.034
1015 72 8 20 0.034
744 247 20 67 0.034
786 9 8 12 0.034
655 42 11 66 0.034
451 29 10 62 0.034
106 240 18 15 0.034
486 199 11 14 0.033
521 289 15 18 0.033
496 3 25 20 0.033
200 19 12 16 0.033
875 191 12 70 0.033
1004 257 10 12 0.033
129 19 15 22 0.033
1008 174 11 14 0.033
1007 253 10 16 0.033
973 27 14 13 0.033
912 316 14 19 0.033
627 224 11 14 0.032
709 10 26 11 0.032
905 171 27 38 0.032
774 262 16 75 0.032
102 126 10 108 0.032
482 209 12 16 0.031
10 29 11 13 0.031
376 254 13 16 0.031
492 0 16 25 0.031
338 280 24 43 0.030
16 54 29 15 0.030
735 46 11 52 0.030
321 270 59 24 0.030
721 68 14 40 0.030
726 36 10 13 0.030
675 26 12 11 0.030
1002 203 10 12 0.029
458 82 18 17 0.029
296 2 9 10 0.029
695 218 43 62 0.029
439 46 10 23 0.029
793 111 14 19 0.028
470 0 21 25 0.028
241 125 12 14 0.028
317 51 12 44 0.028
357 169 18 23 0.028
456 9 12 12 0.028
292 49 13 28 0.027
15 28 11 112 0.027
940 183 10 13 0.027
180 139 10 12 0.027
31 5 9 10 0.027
889 206 14 19 0.027
317 27 18 55 0.027
696 190 22 110 0.026
76 74 13 25 0.026
742 289 14 15 0.026
209 189 10 12 0.026
80 3 9 11 0.026
93 311 12 18 0.026
653 51 8 26 0.026
130 70 17 11 0.026
704 56 11 72 0.026
3 168 12 16 0.026
31 228 12 16 0.026
727 275 14 17 0.026
363 10 10 26 0.025
841 261 14 17 0.025
984 72 9 11 0.025
943 262 15 16 0.025
124 140 13 14 0.025
315 227 13 80 0.025
884 139 8 13 0.025
211 252 14 16 0.025
635 149 10 17 0.025
959 164 13 24 0.025
956 45 12 18 0.025
336 118 13 14 0.025
4 76 28 68 0.024
565 93 22 30 0.024
822 111 10 11 0.024
984 184 11 13 0.024
343 64 18 30 0.024
517 120 8 12 0.024
896 172 15 108 0.024
382 45 15 56 0.024
743 221 10 19 0.023
485 280 17 18 0.023
95 3 11 11 0.023
461 11 13 23 0.023
723 88 15 13 0.023
829 236 22 13 0.023
86 340 15 17 0.023
499 0 16 30 0.023
326 109 9 14 0.023
370 189 8 24 0.023
481 1 21 8 0.022
840 12 11 21 0.022
796 41 9 98 0.022
699 57 9 117 0.022
719 241 19 16 0.022
643 281 17 19 0.021
210 223 23 18 0.021
927 122 9 13 0.021
813 132 13 18 0.021
818 236 17 13 0.021
867 179 11 14 0.021
905 110 13 12 0.021
169 342 14 20 0.021
277 78 16 15 0.021
137 286 19 18 0.021
327 134 12 16 0.020
1016 2 8 10 0.020
130 222 15 17 0.020
709 291 15 17 0.020
567 235 11 21 0.020
421 12 12 45 0.020
772 208 14 89 0.020
