37_Soccer_soccer_ball_37_583
216
407 79 43 57 0.873
796 98 41 52 0.858
563 101 41 54 0.857
796 251 45 56 0.849
668 88 39 50 0.849
271 95 40 53 0.847
183 72 46 60 0.846
667 254 47 55 0.841
527 273 43 59 0.825
415 265 45 55 0.823
285 289 45 54 0.790
173 4 7 8 0.295
380 59 6 9 0.293
14 103 8 9 0.278
311 68 6 8 0.276
331 40 7 9 0.273
350 79 7 8 0.270
372 81 6 8 0.269
121 97 7 9 0.253
465 39 7 8 0.247
18 38 6 8 0.244
400 2 7 8 0.222
140 98 7 8 0.217
328 74 7 8 0.213
555 4 7 6 0.208
368 28 7 10 0.203
397 62 6 7 0.202
158 23 7 8 0.200
148 8 7 8 0.198
345 32 6 7 0.196
530 65 8 9 0.189
237 61 6 8 0.184
391 83 6 8 0.182
129 8 7 8 0.179
313 90 6 8 0.170
107 303 24 29 0.170
82 45 7 8 0.167
358 88 7 8 0.163
334 9 7 8 0.161
159 39 7 9 0.160
537 2 6 8 0.152
97 93 7 10 0.150
415 43 6 8 0.149
569 53 6 9 0.146
570 3 7 7 0.144
100 50 9 9 0.142
134 87 7 8 0.142
324 27 6 12 0.141
474 2 7 8 0.141
436 30 8 9 0.141
310 41 6 16 0.140
503 49 7 8 0.136
453 38 7 8 0.136
766 56 7 9 0.128
393 29 8 9 0.123
140 45 8 10 0.123
369 1 7 6 0.121
303 17 8 11 0.119
601 42 6 7 0.115
334 8 7 16 0.108
80 66 8 9 0.105
27 79 7 8 0.104
866 141 7 8 0.103
502 28 9 12 0.102
365 23 8 19 0.101
492 72 7 9 0.101
538 92 7 8 0.100
332 36 6 19 0.099
597 61 6 8 0.098
464 34 7 15 0.098
393 99 7 10 0.095
555 0 6 16 0.094
378 61 12 8 0.094
102 53 15 9 0.090
141 91 7 26 0.090
94 92 9 9 0.088
302 14 8 17 0.084
357 53 9 22 0.084
354 34 6 25 0.082
658 2 6 6 0.080
272 34 6 20 0.078
69 90 7 17 0.078
43 48 7 15 0.075
327 64 8 25 0.073
50 88 9 20 0.071
110 16 7 20 0.069
703 52 7 8 0.069
145 118 9 9 0.067
595 57 9 13 0.066
467 18 11 17 0.066
126 58 11 9 0.066
568 18 6 17 0.065
95 98 8 8 0.065
115 4 9 8 0.063
474 0 7 18 0.063
195 36 7 9 0.060
389 63 5 27 0.060
541 59 6 24 0.056
68 93 14 11 0.055
739 71 6 8 0.055
536 61 14 11 0.054
438 62 6 8 0.054
363 62 11 24 0.053
569 16 6 26 0.052
346 19 6 30 0.052
321 0 8 6 0.051
630 55 7 9 0.051
501 39 10 26 0.051
311 55 7 30 0.051
271 27 6 30 0.050
322 51 8 23 0.050
296 47 9 27 0.050
101 92 8 8 0.050
61 25 6 27 0.049
514 3 9 7 0.048
108 55 21 9 0.047
254 0 8 6 0.047
107 5 10 7 0.047
65 5 8 7 0.047
690 64 7 8 0.047
441 1 10 6 0.046
684 49 7 10 0.046
134 17 8 26 0.045
547 37 6 29 0.045
5 3 9 8 0.044
177 28 8 8 0.044
656 65 6 8 0.043
596 58 14 10 0.043
120 41 9 22 0.043
37 39 7 18 0.042
619 36 5 26 0.042
460 56 9 9 0.042
457 93 8 11 0.041
155 57 12 11 0.041
699 32 7 8 0.041
331 0 9 27 0.040
658 0 5 14 0.040
549 43 6 28 0.040
316 106 8 11 0.040
767 48 6 25 0.040
352 0 8 26 0.040
664 49 6 8 0.040
82 2 11 8 0.040
540 24 6 28 0.039
395 17 9 26 0.039
271 4 10 8 0.038
681 5 7 7 0.038
366 7 7 43 0.038
285 60 11 23 0.037
507 26 21 17 0.037
134 15 13 22 0.036
506 95 8 7 0.035
532 2 14 6 0.035
133 6 6 29 0.034
289 4 17 19 0.034
494 8 8 29 0.034
450 25 14 27 0.034
261 20 9 25 0.033
110 8 6 36 0.033
594 1 5 27 0.033
402 0 9 20 0.033
617 67 7 8 0.032
713 66 7 8 0.032
92 36 12 27 0.032
694 30 8 9 0.032
480 48 7 19 0.032
548 30 6 46 0.031
271 56 14 13 0.031
605 4 8 6 0.031
305 1 16 6 0.031
350 32 8 31 0.030
334 6 7 9 0.030
491 56 8 29 0.030
555 58 8 22 0.030
287 24 8 27 0.030
351 47 11 30 0.029
572 3 7 6 0.029
159 19 5 31 0.029
166 45 6 27 0.029
62 21 9 38 0.029
766 117 7 8 0.028
87 1 11 6 0.028
232 2 7 6 0.028
25 71 12 28 0.028
352 76 19 22 0.028
735 66 6 9 0.027
498 4 7 29 0.027
64 30 7 31 0.027
68 73 7 42 0.027
109 0 9 26 0.026
154 57 11 20 0.026
604 34 6 29 0.026
166 76 7 13 0.026
1 28 6 22 0.026
308 27 10 35 0.025
450 5 9 28 0.025
9 0 8 21 0.025
97 21 6 31 0.025
154 32 21 19 0.025
40 34 6 31 0.025
649 25 6 26 0.024
525 32 11 29 0.024
544 81 8 12 0.024
541 9 5 32 0.023
288 66 26 16 0.023
873 98 7 8 0.023
473 0 6 28 0.023
30 96 11 26 0.023
385 10 8 31 0.022
10 67 14 29 0.022
459 86 7 20 0.021
372 54 8 50 0.021
165 36 11 29 0.021
70 11 9 31 0.021
28 0 11 6 0.020
3 63 9 29 0.020
