37_Soccer_soccer_ball_37_345
25
556 165 16 20 0.780
715 162 16 20 0.777
428 182 14 19 0.770
622 178 16 21 0.760
491 170 15 20 0.756
818 166 15 20 0.749
969 182 16 21 0.748
365 179 14 19 0.739
1000 189 16 20 0.737
140 316 18 26 0.711
384 92 11 14 0.695
430 337 22 21 0.218
977 48 10 11 0.167
45 46 9 11 0.161
370 159 11 13 0.124
402 159 10 13 0.121
79 54 9 9 0.096
112 475 19 21 0.076
82 56 8 10 0.059
78 57 7 9 0.049
445 282 14 16 0.048
984 288 12 15 0.046
81 61 8 9 0.044
88 48 11 11 0.030
365 158 27 17 0.025
