37_Soccer_Soccer_37_651
31
904 295 30 39 0.835
496 307 29 39 0.816
103 223 37 42 0.809
2 210 26 44 0.730
303 217 27 42 0.665
1012 328 12 36 0.258
584 180 18 21 0.221
557 331 19 30 0.184
661 159 17 22 0.172
647 93 21 24 0.156
807 120 17 21 0.122
737 22 16 17 0.100
124 3 22 24 0.084
817 302 24 37 0.072
974 89 17 21 0.070
604 86 18 22 0.068
732 174 17 20 0.066
980 41 15 19 0.064
700 92 21 24 0.060
1013 137 11 19 0.054
673 126 18 21 0.046
1014 320 10 31 0.044
1014 120 10 16 0.043
1014 118 10 30 0.039
747 72 17 24 0.035
654 12 18 23 0.030
502 119 14 16 0.030
533 197 13 16 0.029
827 175 16 20 0.025
37 74 15 19 0.023
517 38 15 19 0.021
