37_Soccer_soccer_ball_37_692
28
79 269 13 16 0.652
658 261 11 14 0.644
620 260 10 13 0.556
461 264 11 14 0.550
73 252 11 14 0.477
578 261 11 14 0.458
572 256 10 12 0.451
460 208 7 9 0.349
574 258 11 14 0.342
231 183 8 9 0.202
296 210 7 8 0.189
235 184 6 8 0.051
321 210 7 8 0.050
232 181 6 8 0.043
883 184 9 11 0.041
85 93 7 9 0.038
256 377 14 23 0.038
224 241 7 9 0.035
25 93 8 9 0.031
316 210 14 9 0.028
660 258 13 15 0.027
448 234 8 9 0.027
857 643 26 25 0.027
88 302 8 13 0.023
460 259 13 15 0.023
107 94 8 10 0.023
55 101 8 8 0.023
1 84 8 12 0.023
