37_Soccer_soccer_ball_37_114
26
137 367 35 41 0.857
386 351 31 39 0.853
758 363 34 40 0.853
265 363 32 40 0.848
365 159 29 37 0.843
506 344 32 42 0.841
412 242 30 35 0.841
501 233 29 35 0.838
685 257 27 36 0.836
604 274 29 35 0.835
161 260 29 33 0.834
893 252 30 39 0.833
775 253 28 33 0.832
833 161 29 33 0.830
241 258 29 36 0.828
326 243 31 36 0.828
643 354 33 40 0.828
292 164 27 33 0.827
676 155 27 32 0.826
126 150 28 33 0.825
741 156 28 35 0.823
218 176 29 32 0.819
443 153 27 32 0.817
74 254 28 32 0.815
610 154 29 36 0.813
521 153 27 30 0.810
