37_Soccer_soccer_ball_37_907
31
167 51 36 46 0.830
44 59 36 50 0.829
257 72 36 47 0.828
675 88 37 49 0.825
541 83 40 52 0.823
423 111 36 45 0.820
124 177 40 49 0.817
14 295 34 45 0.814
191 273 37 51 0.814
21 183 42 53 0.801
912 172 43 50 0.792
334 114 34 38 0.772
917 67 31 46 0.717
149 307 33 40 0.705
1002 78 22 43 0.696
725 0 27 29 0.556
862 1 24 20 0.186
308 280 36 47 0.185
343 0 33 11 0.153
260 0 31 17 0.120
249 180 40 46 0.105
719 0 28 19 0.067
784 0 22 8 0.055
66 0 40 10 0.045
885 0 24 16 0.045
330 278 43 50 0.035
991 9 17 21 0.026
155 1 34 29 0.025
1013 302 11 55 0.024
353 0 32 12 0.022
662 444 17 20 0.020
