39_Ice_Skating_Ice_Skating_39_658
50
113 415 10 11 0.452
3 387 8 10 0.427
277 406 7 10 0.378
203 406 10 12 0.358
186 410 10 12 0.345
45 426 9 12 0.331
153 395 8 10 0.244
194 441 11 15 0.241
884 403 9 12 0.208
52 400 7 8 0.194
449 406 12 13 0.143
946 398 8 11 0.113
1016 405 8 14 0.102
569 375 8 9 0.099
150 396 10 11 0.093
50 429 8 10 0.092
51 415 11 18 0.090
171 411 9 11 0.087
81 417 8 10 0.066
183 409 21 14 0.055
439 408 11 12 0.047
54 416 12 13 0.046
648 414 8 12 0.043
949 386 11 12 0.042
3 391 8 9 0.041
190 405 11 43 0.038
453 403 12 14 0.035
598 391 6 6 0.033
49 421 13 15 0.032
80 414 17 12 0.032
901 396 9 12 0.032
881 400 13 11 0.032
2 385 11 14 0.031
886 402 19 11 0.028
782 395 8 10 0.028
944 390 10 12 0.027
55 401 8 10 0.026
780 433 8 11 0.026
458 391 20 9 0.025
752 424 11 13 0.025
55 427 9 11 0.025
861 399 9 10 0.024
985 406 10 12 0.023
683 228 6 7 0.023
874 405 11 12 0.023
467 391 13 9 0.022
89 411 9 10 0.021
182 415 10 11 0.021
945 392 12 15 0.020
207 406 11 12 0.020
