39_Ice_Skating_Ice_Skating_39_463
60
900 735 11 14 0.650
837 738 10 14 0.593
956 726 11 14 0.559
911 758 12 15 0.551
802 750 10 13 0.543
964 773 12 15 0.527
651 742 11 13 0.507
700 708 8 10 0.437
817 766 14 15 0.355
850 676 10 11 0.228
791 656 7 8 0.211
890 674 6 8 0.207
638 704 9 11 0.198
920 688 7 8 0.156
753 672 6 8 0.147
638 689 8 9 0.133
852 664 8 9 0.131
421 702 7 9 0.126
649 673 8 9 0.120
855 676 10 11 0.118
514 703 8 10 0.118
729 675 7 7 0.107
656 690 8 10 0.106
612 704 7 8 0.104
337 688 8 9 0.086
585 710 9 11 0.086
906 744 18 31 0.074
475 694 8 10 0.072
555 703 9 10 0.070
786 656 9 8 0.070
889 677 7 10 0.055
429 680 7 10 0.051
639 691 8 29 0.050
757 661 7 17 0.049
610 704 7 10 0.047
812 743 26 51 0.046
410 685 8 9 0.044
476 693 7 19 0.043
830 679 14 8 0.042
331 708 7 8 0.042
776 753 7 10 0.039
476 705 8 9 0.037
775 658 7 7 0.034
778 657 24 12 0.031
723 676 7 8 0.031
334 688 7 9 0.031
820 769 14 16 0.029
417 702 8 9 0.028
771 660 18 12 0.028
821 763 14 16 0.027
429 678 7 21 0.027
556 705 8 11 0.026
335 683 10 23 0.026
745 658 6 7 0.025
760 660 6 7 0.024
514 695 8 10 0.024
713 700 8 10 0.021
647 671 8 10 0.021
583 677 7 10 0.020
669 704 7 8 0.020
