39_Ice_Skating_Ice_Skating_39_661
121
808 359 16 20 0.708
222 266 11 14 0.668
75 234 10 13 0.642
194 259 12 15 0.641
2 373 14 17 0.614
415 429 19 19 0.604
161 295 12 15 0.537
251 251 8 10 0.515
95 325 13 16 0.506
509 255 10 12 0.398
473 301 10 13 0.371
591 225 8 9 0.361
0 261 8 13 0.361
514 212 6 8 0.356
792 206 7 8 0.344
542 259 9 11 0.335
571 213 7 9 0.334
467 185 7 9 0.330
383 180 7 8 0.316
263 194 7 9 0.248
449 505 18 20 0.248
396 200 7 9 0.244
343 187 7 8 0.226
764 206 7 8 0.223
371 203 7 8 0.204
223 195 6 7 0.202
489 191 7 9 0.193
154 381 12 17 0.192
291 365 12 14 0.189
443 311 9 13 0.180
421 191 6 7 0.180
455 504 14 17 0.167
767 331 13 14 0.158
719 227 9 10 0.155
27 295 13 14 0.154
630 223 7 8 0.149
177 296 11 13 0.146
616 182 8 10 0.127
20 296 12 14 0.119
444 511 16 17 0.115
436 195 7 7 0.111
345 186 7 7 0.100
703 227 8 10 0.094
834 256 9 10 0.089
688 177 5 6 0.088
564 180 6 7 0.086
722 228 7 9 0.085
9 293 14 14 0.083
455 203 6 7 0.082
2 293 13 13 0.080
626 222 10 9 0.080
825 216 7 8 0.078
148 205 6 7 0.078
478 375 11 14 0.071
353 235 7 9 0.070
14 295 14 16 0.069
372 182 11 7 0.066
845 237 8 8 0.063
19 343 15 16 0.061
491 191 7 8 0.059
162 300 13 16 0.058
718 268 11 14 0.056
367 183 10 11 0.053
108 246 10 12 0.052
760 184 7 8 0.052
286 183 7 7 0.052
618 167 7 9 0.051
487 193 7 9 0.049
971 285 8 9 0.049
346 202 8 9 0.048
550 178 8 8 0.048
98 323 12 14 0.048
758 240 7 8 0.047
649 199 8 9 0.046
539 260 8 10 0.045
653 183 7 8 0.045
366 202 17 11 0.042
590 180 6 9 0.042
704 225 22 10 0.040
723 187 6 8 0.040
760 240 7 8 0.040
446 179 8 8 0.039
973 285 9 9 0.038
650 185 8 9 0.037
371 182 27 8 0.036
661 325 10 11 0.035
0 260 10 25 0.033
291 196 6 9 0.032
759 183 7 8 0.031
1014 290 10 15 0.030
642 218 7 10 0.030
479 181 10 7 0.029
826 229 7 8 0.028
806 215 8 8 0.028
533 281 12 14 0.028
361 181 11 9 0.027
919 293 9 10 0.027
723 185 6 7 0.026
482 179 10 8 0.025
220 311 10 10 0.025
393 184 6 21 0.025
714 269 12 14 0.024
457 191 14 12 0.024
369 204 9 9 0.024
613 228 9 14 0.024
177 301 12 13 0.024
284 179 10 20 0.023
638 216 9 18 0.023
457 500 14 16 0.023
850 236 8 10 0.023
445 175 7 22 0.023
538 264 12 25 0.022
836 256 10 12 0.022
549 265 10 11 0.021
343 184 12 29 0.021
686 171 6 21 0.021
367 561 15 11 0.020
832 254 8 10 0.020
980 285 9 10 0.020
357 233 8 8 0.020
794 218 11 11 0.020
