39_Ice_Skating_Ice_Skating_39_389
45
51 366 11 15 0.666
672 363 8 10 0.587
545 359 9 12 0.533
275 384 8 11 0.530
510 360 9 11 0.510
462 368 10 12 0.497
638 362 8 10 0.470
607 360 9 10 0.457
235 379 9 10 0.456
368 381 8 10 0.455
741 364 7 9 0.423
326 377 9 11 0.403
772 364 7 9 0.385
571 360 9 10 0.377
408 373 9 11 0.315
798 368 7 8 0.260
824 363 7 7 0.252
239 392 8 9 0.213
570 362 8 10 0.212
800 371 8 9 0.166
745 381 6 7 0.114
824 361 7 15 0.100
825 377 7 8 0.077
674 365 8 10 0.066
831 377 8 7 0.061
635 363 7 8 0.056
463 374 11 13 0.050
805 375 6 7 0.050
465 381 8 10 0.044
800 377 8 8 0.044
573 359 7 8 0.041
729 377 6 8 0.040
571 359 9 18 0.031
504 356 9 11 0.031
826 372 15 13 0.030
734 379 12 7 0.030
510 358 30 14 0.029
413 373 8 9 0.029
505 360 9 20 0.029
474 362 13 13 0.025
409 370 9 10 0.025
460 363 9 11 0.024
407 380 9 11 0.024
838 373 5 8 0.022
319 396 7 8 0.020
