39_Ice_Skating_Ice_Skating_39_794
42
932 982 44 50 0.724
50 1039 27 37 0.707
342 1013 25 29 0.668
201 1153 41 46 0.616
50 1177 43 49 0.563
566 939 16 20 0.555
369 945 16 21 0.539
330 954 15 20 0.518
626 972 17 19 0.500
699 952 20 20 0.411
60 1158 36 43 0.273
55 984 22 26 0.263
991 930 19 19 0.232
10 806 11 15 0.171
48 920 26 21 0.125
59 918 19 21 0.114
46 921 18 21 0.095
74 809 13 15 0.088
36 810 13 14 0.087
47 977 26 28 0.084
12 808 13 15 0.084
706 953 18 20 0.077
118 803 12 14 0.064
49 840 13 16 0.058
695 948 19 22 0.058
0 929 14 17 0.054
141 806 14 16 0.044
625 965 17 21 0.044
83 993 21 25 0.040
627 977 19 20 0.039
677 511 18 22 0.034
371 947 19 23 0.033
99 810 13 17 0.033
995 926 19 22 0.032
814 638 11 17 0.027
741 1015 18 20 0.025
4 924 17 20 0.025
205 813 13 15 0.025
115 804 16 20 0.024
125 806 35 16 0.023
47 810 30 15 0.022
65 914 18 21 0.021
