3_Riot_Riot_3_137
171
922 349 59 68 0.852
333 391 53 61 0.845
61 386 39 44 0.825
271 365 43 47 0.821
488 324 41 54 0.810
108 410 37 45 0.806
656 359 52 57 0.792
974 324 26 33 0.727
405 338 30 38 0.716
923 314 29 34 0.692
786 317 21 28 0.616
672 300 15 19 0.601
147 408 27 44 0.589
462 308 15 21 0.539
811 296 12 13 0.496
351 327 16 19 0.489
374 314 10 12 0.468
789 295 15 19 0.459
547 304 11 13 0.453
775 316 18 24 0.448
390 340 17 22 0.436
257 337 21 24 0.434
897 328 21 24 0.375
527 310 11 13 0.369
761 288 8 11 0.352
964 310 13 17 0.344
993 276 9 11 0.301
398 302 10 12 0.292
624 307 21 24 0.291
951 288 10 12 0.281
976 285 9 11 0.272
151 334 10 12 0.260
607 292 9 11 0.258
388 340 28 30 0.249
964 273 9 9 0.248
785 281 9 10 0.232
338 326 13 18 0.230
133 339 9 10 0.226
1016 299 8 18 0.216
810 342 26 35 0.161
28 356 19 26 0.158
747 307 12 15 0.148
831 275 7 9 0.147
895 295 14 15 0.146
888 327 21 27 0.137
572 301 12 14 0.137
733 310 15 15 0.135
439 308 11 15 0.134
739 309 15 16 0.123
947 279 9 10 0.118
154 411 34 50 0.118
822 375 46 48 0.116
190 316 7 9 0.106
338 323 21 19 0.102
544 305 17 15 0.097
1010 285 10 13 0.093
651 354 41 47 0.089
564 297 12 13 0.088
385 344 19 21 0.081
414 293 9 11 0.078
963 272 14 13 0.075
872 273 10 9 0.075
190 333 12 15 0.073
913 304 18 20 0.073
733 280 8 10 0.071
519 307 15 16 0.070
548 318 11 14 0.068
23 329 10 12 0.067
849 274 10 11 0.066
391 323 11 14 0.065
234 319 11 15 0.063
0 402 11 34 0.062
1005 273 11 10 0.062
805 273 8 10 0.061
972 322 21 28 0.060
743 293 13 15 0.060
806 386 36 46 0.056
587 291 9 10 0.056
935 293 10 12 0.054
572 294 15 24 0.053
335 319 14 18 0.052
0 334 8 12 0.052
352 310 11 10 0.051
372 311 29 14 0.050
815 323 23 29 0.049
840 293 12 15 0.049
538 289 9 10 0.048
565 292 8 11 0.046
1016 324 8 22 0.046
870 363 27 40 0.045
945 280 11 17 0.044
142 322 7 13 0.044
728 284 10 12 0.042
427 307 13 15 0.040
339 311 10 13 0.040
973 281 20 18 0.039
567 345 29 31 0.039
888 274 11 11 0.038
884 316 22 36 0.038
981 278 23 14 0.038
425 312 13 14 0.038
354 343 20 23 0.037
823 325 29 33 0.037
877 332 25 34 0.037
255 341 20 35 0.037
655 328 23 28 0.036
574 338 27 30 0.036
707 319 12 16 0.035
346 333 19 22 0.034
649 355 27 34 0.034
112 327 11 12 0.033
977 268 9 9 0.033
100 338 10 10 0.032
529 360 29 37 0.032
411 292 19 14 0.032
673 296 20 20 0.032
650 325 19 22 0.031
660 323 18 24 0.031
496 302 17 14 0.031
25 319 8 29 0.031
580 290 12 10 0.030
442 309 15 18 0.030
514 297 12 17 0.030
752 345 22 29 0.030
54 295 7 7 0.029
793 322 28 27 0.029
757 355 19 28 0.029
920 266 8 9 0.029
537 283 14 27 0.028
359 303 11 12 0.027
732 290 18 14 0.027
750 309 14 16 0.027
839 373 40 41 0.027
729 334 18 22 0.027
748 272 8 14 0.026
709 315 15 18 0.026
70 290 7 7 0.026
687 294 13 16 0.026
881 271 20 14 0.026
26 354 13 17 0.026
891 301 15 18 0.025
121 312 8 11 0.025
395 343 29 34 0.024
709 303 11 27 0.024
405 322 18 19 0.024
1017 307 7 39 0.024
304 314 13 19 0.024
888 269 8 8 0.024
436 301 12 17 0.023
60 319 8 18 0.023
818 331 30 39 0.023
876 345 27 37 0.023
1005 301 11 15 0.023
131 337 12 15 0.023
583 329 21 26 0.023
888 273 17 11 0.023
1015 266 9 10 0.022
133 339 17 14 0.022
665 291 10 13 0.022
121 307 8 23 0.022
547 320 15 18 0.022
650 315 25 57 0.021
820 266 8 9 0.021
283 302 12 13 0.021
873 269 9 9 0.021
964 269 9 10 0.021
260 314 13 20 0.021
572 327 26 25 0.021
658 338 24 25 0.021
362 344 18 20 0.021
809 277 10 29 0.020
