3_Riot_Riot_3_263
33
868 222 20 27 0.746
7 130 23 29 0.720
437 162 18 24 0.712
477 163 22 27 0.710
420 161 16 22 0.692
547 171 18 20 0.682
388 162 16 21 0.635
349 141 15 21 0.523
857 209 17 23 0.303
207 141 16 22 0.236
422 161 30 26 0.220
51 7 11 13 0.204
521 175 16 19 0.143
0 87 11 32 0.127
831 192 27 34 0.122
277 148 12 17 0.114
845 200 27 31 0.113
448 10 9 10 0.095
923 208 17 22 0.081
350 165 12 18 0.077
449 7 12 10 0.072
536 195 16 18 0.057
354 173 14 20 0.046
456 5 9 11 0.044
883 152 29 30 0.039
240 23 16 22 0.038
356 179 15 17 0.036
473 160 20 24 0.030
406 0 11 10 0.028
852 178 22 28 0.025
191 86 19 24 0.024
163 3 19 22 0.023
277 155 12 15 0.021
