3_Riot_Riot_3_725
47
816 246 27 31 0.796
390 231 22 28 0.782
386 275 26 36 0.779
262 239 22 25 0.778
727 262 28 34 0.771
518 283 24 28 0.761
296 247 22 28 0.752
635 217 38 42 0.739
325 240 18 23 0.716
280 213 17 22 0.714
463 244 23 26 0.708
733 231 21 25 0.676
308 223 21 21 0.653
900 155 12 16 0.578
941 150 14 17 0.510
837 131 12 17 0.502
542 123 17 19 0.391
411 233 17 22 0.305
531 126 15 19 0.246
767 247 15 19 0.203
535 123 18 21 0.200
866 143 13 14 0.175
778 279 17 31 0.153
778 268 21 29 0.151
300 204 13 17 0.098
245 250 16 21 0.087
804 264 14 17 0.074
690 245 19 26 0.071
439 238 19 24 0.069
437 217 18 24 0.067
418 271 22 28 0.060
301 208 19 22 0.059
528 131 14 26 0.051
865 147 12 18 0.047
226 280 17 23 0.044
258 203 16 21 0.040
888 189 11 15 0.036
774 261 18 26 0.036
421 213 19 22 0.034
950 155 12 15 0.031
837 144 10 17 0.028
807 259 19 21 0.028
526 142 13 20 0.027
694 240 17 23 0.027
225 261 25 45 0.024
837 136 45 24 0.023
492 250 21 26 0.020
