3_Riot_Riot_3_542
179
453 397 26 36 0.772
173 259 20 27 0.725
228 255 20 23 0.708
102 255 18 23 0.704
140 255 20 23 0.661
805 274 12 15 0.639
196 334 29 33 0.637
72 266 21 25 0.627
698 275 11 13 0.625
312 271 17 21 0.622
577 256 13 15 0.611
897 268 15 18 0.589
669 255 11 14 0.588
745 272 11 13 0.573
124 258 14 17 0.560
615 259 11 15 0.556
419 249 12 14 0.550
419 270 13 15 0.522
361 261 14 20 0.520
397 245 10 13 0.517
769 263 11 13 0.516
941 267 20 23 0.492
629 267 12 17 0.468
1 262 17 30 0.462
509 251 11 13 0.460
723 257 10 13 0.455
477 248 11 13 0.445
296 254 13 16 0.444
962 141 9 10 0.440
334 240 11 14 0.438
828 261 12 14 0.436
842 273 13 17 0.436
437 245 12 13 0.432
625 227 9 10 0.420
458 258 14 17 0.419
19 187 9 12 0.415
928 315 22 32 0.356
865 154 8 9 0.355
594 262 9 12 0.343
400 273 11 14 0.331
638 230 9 13 0.328
421 389 29 26 0.327
455 252 15 20 0.277
540 254 12 13 0.264
1009 268 13 15 0.255
647 259 9 12 0.254
455 247 12 15 0.253
394 232 7 9 0.252
898 246 9 11 0.250
363 254 14 19 0.227
688 255 11 14 0.223
551 228 9 11 0.219
666 238 10 12 0.199
237 291 23 26 0.193
216 218 9 13 0.190
354 237 11 14 0.186
74 180 13 15 0.183
849 243 12 14 0.176
263 274 16 21 0.170
255 264 15 18 0.163
181 191 9 10 0.160
143 185 9 11 0.150
618 286 12 15 0.148
607 258 14 15 0.146
342 260 13 16 0.144
812 233 8 10 0.140
566 241 11 12 0.140
623 226 18 12 0.139
832 268 19 18 0.135
317 254 13 16 0.134
462 251 27 16 0.134
501 250 11 12 0.129
492 267 11 12 0.122
847 247 12 15 0.121
612 263 32 16 0.117
284 228 8 11 0.116
619 261 17 17 0.114
419 245 12 43 0.113
826 262 19 18 0.111
595 223 9 12 0.110
258 267 18 26 0.108
898 246 10 30 0.106
350 234 12 15 0.098
541 257 13 22 0.094
310 243 13 17 0.094
667 239 10 22 0.092
380 240 10 15 0.087
43 256 18 24 0.086
545 267 14 17 0.084
485 268 18 12 0.079
48 276 21 27 0.079
255 248 15 19 0.078
353 496 32 26 0.077
940 259 20 24 0.076
658 333 17 17 0.075
790 259 20 12 0.073
758 258 15 14 0.072
210 249 14 17 0.072
993 245 12 13 0.071
948 237 14 15 0.068
220 272 15 19 0.068
254 209 8 10 0.067
532 254 14 13 0.066
480 268 12 15 0.064
836 237 9 11 0.063
816 253 10 12 0.061
821 256 21 18 0.060
543 272 11 13 0.056
378 252 9 14 0.053
215 215 12 22 0.052
138 212 8 10 0.051
486 271 11 12 0.051
572 240 17 27 0.051
771 271 11 12 0.050
989 246 11 14 0.048
236 260 23 22 0.048
340 254 13 19 0.047
128 192 8 9 0.047
663 238 11 15 0.046
771 261 28 12 0.046
571 364 19 24 0.045
856 252 13 17 0.045
478 252 20 14 0.043
706 248 11 13 0.042
699 252 14 14 0.042
797 257 23 13 0.042
398 213 10 95 0.041
277 260 12 16 0.040
747 243 11 15 0.040
899 253 10 12 0.040
658 272 11 13 0.040
579 233 12 13 0.038
746 240 10 11 0.038
662 233 10 13 0.038
253 243 11 14 0.037
506 261 11 14 0.035
876 250 9 12 0.034
637 220 12 36 0.033
682 258 12 14 0.033
797 253 11 12 0.033
924 301 24 33 0.032
58 268 30 27 0.032
205 330 30 32 0.032
297 213 9 14 0.032
180 261 20 23 0.031
870 249 15 14 0.031
40 222 17 20 0.031
529 260 11 13 0.030
590 247 13 30 0.030
672 240 12 18 0.029
374 236 12 16 0.029
847 276 13 15 0.029
960 245 13 16 0.028
262 251 20 19 0.028
957 242 15 16 0.028
653 328 18 21 0.028
1000 269 16 19 0.028
216 205 7 9 0.028
494 236 8 10 0.028
749 251 13 28 0.028
653 335 20 19 0.027
358 225 11 11 0.026
554 244 17 15 0.026
864 229 9 12 0.025
172 254 17 22 0.025
935 255 19 23 0.024
165 255 18 20 0.024
40 219 17 35 0.024
312 226 10 27 0.024
265 248 13 16 0.023
746 275 10 13 0.023
344 228 13 11 0.022
963 243 11 14 0.022
301 210 7 9 0.022
392 233 11 13 0.021
753 254 14 16 0.021
954 238 13 15 0.021
870 159 7 10 0.021
14 246 15 20 0.021
