3_Riot_Riot_3_123
35
592 470 67 74 0.810
897 349 24 33 0.564
1000 302 18 26 0.297
229 398 30 31 0.202
831 614 55 106 0.182
988 274 10 13 0.166
549 482 46 69 0.147
273 426 26 41 0.136
903 348 31 35 0.134
914 244 6 9 0.105
317 394 22 26 0.099
892 358 21 33 0.098
844 643 50 94 0.070
517 365 27 36 0.060
887 365 18 29 0.052
949 239 8 8 0.049
953 287 10 13 0.048
960 262 9 12 0.044
972 258 8 10 0.042
989 269 10 13 0.038
129 424 17 20 0.037
945 270 9 11 0.035
533 491 42 64 0.033
927 260 9 11 0.033
989 280 10 13 0.032
892 350 19 30 0.031
998 305 21 37 0.031
388 413 37 40 0.030
985 275 11 13 0.028
986 258 10 10 0.027
502 480 52 68 0.025
918 295 9 12 0.024
947 272 10 23 0.024
1002 316 19 34 0.023
1010 490 14 36 0.022
