3_Riot_Riot_3_199
258
980 333 26 37 0.779
65 290 38 56 0.775
84 155 19 23 0.755
817 187 18 22 0.724
846 174 14 18 0.704
894 189 18 21 0.704
1011 186 13 23 0.698
331 180 19 22 0.698
856 253 19 29 0.674
195 231 24 34 0.663
430 317 29 37 0.659
482 278 23 29 0.640
922 192 15 20 0.638
92 89 13 16 0.636
528 185 18 21 0.634
853 204 17 21 0.633
398 194 20 24 0.620
771 182 14 18 0.618
957 180 16 20 0.610
715 179 16 21 0.599
607 170 14 18 0.596
661 170 14 18 0.572
115 120 14 16 0.568
116 268 30 46 0.552
973 193 17 21 0.549
791 171 16 20 0.542
756 173 13 16 0.495
635 162 10 13 0.468
411 155 13 18 0.463
873 191 14 16 0.458
63 111 12 14 0.453
883 165 12 14 0.429
823 166 13 15 0.401
392 108 10 12 0.389
782 225 19 22 0.372
997 159 11 13 0.352
675 159 14 18 0.350
25 54 7 9 0.341
52 62 8 9 0.328
477 146 13 15 0.325
80 123 14 17 0.305
767 179 16 18 0.302
979 189 18 21 0.279
895 219 17 20 0.275
980 157 10 12 0.266
199 138 12 17 0.263
722 134 8 10 0.251
536 140 12 13 0.249
847 155 11 12 0.244
389 152 12 13 0.242
276 73 8 9 0.241
635 135 10 12 0.236
187 360 31 58 0.232
375 111 9 11 0.228
161 174 14 16 0.222
932 176 13 17 0.220
546 287 29 37 0.214
555 300 33 46 0.214
769 178 24 21 0.210
252 71 8 9 0.209
208 176 20 25 0.208
426 269 24 28 0.200
579 162 14 15 0.194
715 167 13 16 0.194
493 116 9 11 0.194
308 173 14 17 0.193
473 147 14 16 0.189
277 144 10 13 0.182
670 152 11 16 0.182
598 394 31 48 0.182
138 62 7 10 0.178
558 138 8 11 0.176
336 114 12 15 0.175
466 149 11 14 0.169
501 336 30 50 0.169
528 137 12 13 0.168
578 140 11 12 0.166
376 129 11 16 0.164
147 108 11 13 0.163
179 266 25 37 0.158
758 156 9 11 0.149
615 151 9 18 0.147
507 142 12 15 0.144
998 163 12 12 0.143
260 92 8 9 0.138
681 163 13 16 0.137
958 156 8 11 0.136
611 137 9 12 0.133
908 169 12 20 0.132
742 148 8 11 0.132
931 172 10 14 0.128
144 82 10 14 0.126
165 64 8 9 0.122
182 110 9 12 0.118
274 115 10 13 0.115
667 155 19 29 0.114
448 134 11 14 0.114
909 158 9 20 0.113
702 170 21 16 0.113
734 161 11 14 0.112
848 157 12 14 0.112
374 157 13 15 0.103
399 155 22 18 0.102
428 156 16 18 0.101
614 148 11 32 0.100
785 161 12 14 0.100
216 167 18 26 0.099
698 171 15 13 0.096
180 248 20 30 0.096
202 173 20 25 0.095
243 121 10 13 0.088
100 198 21 27 0.086
984 158 26 12 0.085
375 106 10 27 0.084
527 138 20 17 0.084
220 164 15 19 0.083
448 138 12 14 0.081
206 111 10 11 0.080
581 165 15 17 0.078
903 162 17 13 0.077
58 96 11 17 0.077
463 99 7 8 0.076
338 118 12 15 0.076
363 148 13 16 0.076
275 71 7 9 0.075
465 131 9 12 0.074
673 157 31 25 0.073
787 160 23 19 0.073
584 139 11 12 0.073
146 85 12 13 0.071
495 113 10 14 0.071
357 113 10 13 0.071
226 64 7 10 0.070
197 170 16 23 0.070
569 125 8 9 0.069
634 150 13 31 0.067
931 165 9 12 0.067
909 156 10 11 0.065
199 59 9 11 0.064
157 90 10 14 0.064
954 178 26 25 0.064
275 143 9 13 0.063
250 69 8 11 0.062
440 181 21 24 0.061
55 61 7 8 0.060
838 217 18 19 0.060
116 78 9 11 0.059
742 131 9 9 0.059
734 131 9 9 0.058
508 137 16 16 0.058
468 184 22 26 0.057
227 66 8 10 0.056
1005 169 11 15 0.056
628 145 14 39 0.055
738 158 11 18 0.054
562 165 13 15 0.054
564 157 14 20 0.053
184 110 14 12 0.052
492 106 7 8 0.052
449 151 12 15 0.051
613 134 8 9 0.051
795 158 10 12 0.050
449 100 7 10 0.050
300 104 11 13 0.049
576 147 14 36 0.049
139 59 7 26 0.048
552 310 23 38 0.048
703 156 13 26 0.048
367 145 17 22 0.046
665 132 9 11 0.045
695 133 9 9 0.045
721 137 9 11 0.044
89 52 11 97 0.044
430 100 8 9 0.044
153 112 13 12 0.044
349 158 14 18 0.044
973 164 30 48 0.043
308 101 10 11 0.043
448 99 14 8 0.043
656 163 14 21 0.043
489 115 14 17 0.042
633 134 9 33 0.042
139 251 29 45 0.041
461 129 13 23 0.041
686 137 10 11 0.041
951 173 19 16 0.041
955 153 9 11 0.040
394 112 11 12 0.040
371 152 27 27 0.040
842 171 20 25 0.039
702 148 12 21 0.038
357 152 19 17 0.038
136 62 7 24 0.036
301 82 9 11 0.036
211 106 12 13 0.036
887 169 27 17 0.035
182 106 9 12 0.035
313 101 9 11 0.035
383 167 18 24 0.034
975 167 12 19 0.034
109 49 7 8 0.034
56 93 10 12 0.034
495 106 7 9 0.034
269 145 16 17 0.034
336 112 25 12 0.033
433 163 19 24 0.033
569 123 12 13 0.033
32 92 11 14 0.033
212 184 15 19 0.032
388 164 19 22 0.032
178 125 11 13 0.031
464 95 7 20 0.031
485 149 14 13 0.031
537 137 26 17 0.031
857 227 15 23 0.030
737 180 13 15 0.030
385 111 14 18 0.030
406 153 20 25 0.030
749 133 8 12 0.029
430 217 20 30 0.029
798 160 22 16 0.028
536 159 20 18 0.028
291 97 9 11 0.028
573 166 18 18 0.028
435 133 13 32 0.028
556 166 14 17 0.027
256 148 13 16 0.027
317 111 16 11 0.027
440 175 18 21 0.027
270 107 15 30 0.027
430 148 22 43 0.026
433 135 12 12 0.026
330 319 31 49 0.026
382 254 29 35 0.026
687 134 18 13 0.026
549 161 21 14 0.026
531 112 7 9 0.025
786 159 9 11 0.025
583 138 23 31 0.025
260 92 11 13 0.024
600 139 19 29 0.024
831 158 14 10 0.024
343 124 11 15 0.023
160 110 21 13 0.023
720 166 23 24 0.023
0 51 6 12 0.023
448 97 7 7 0.023
482 140 17 16 0.023
278 150 12 15 0.023
657 134 16 14 0.023
206 105 11 15 0.022
956 157 13 15 0.022
692 146 15 18 0.022
169 120 16 15 0.022
647 141 16 20 0.021
242 113 14 22 0.020
376 96 13 56 0.020
217 99 12 15 0.020
