40_Gymnastics_Gymnastics_40_646
33
380 276 49 59 0.878
771 317 54 64 0.869
548 197 47 58 0.861
840 164 46 54 0.855
393 151 40 52 0.851
594 305 47 58 0.849
713 169 42 51 0.849
502 312 48 56 0.845
262 256 46 54 0.837
119 297 50 51 0.834
918 301 56 66 0.818
959 66 16 20 0.634
174 81 17 20 0.604
1002 43 12 15 0.583
999 78 12 15 0.580
935 82 11 15 0.565
275 65 10 13 0.558
894 78 13 17 0.343
375 64 8 9 0.252
439 55 7 9 0.223
1001 55 12 42 0.175
373 65 7 10 0.120
490 49 8 9 0.100
278 65 11 16 0.066
940 76 18 18 0.055
1015 97 9 14 0.044
898 76 11 15 0.044
845 83 10 13 0.034
286 78 11 14 0.031
387 99 8 9 0.030
180 78 15 18 0.027
485 47 9 10 0.025
893 83 13 16 0.021
