40_Gymnastics_Gymnastics_40_566
36
465 156 59 82 0.854
346 185 19 23 0.398
143 238 23 32 0.386
76 242 24 32 0.384
224 244 20 24 0.376
102 298 21 30 0.340
332 217 17 22 0.333
126 198 19 24 0.281
264 146 19 23 0.266
32 358 21 27 0.213
149 129 23 27 0.178
203 192 18 23 0.165
43 131 22 29 0.163
282 251 18 22 0.157
11 256 24 30 0.138
807 593 19 24 0.126
217 139 20 27 0.094
271 184 19 26 0.090
71 336 21 30 0.085
42 425 23 26 0.072
359 216 20 25 0.072
54 179 23 29 0.063
595 617 16 20 0.061
42 312 21 29 0.054
143 336 21 31 0.054
272 246 22 25 0.046
0 256 22 32 0.039
119 368 19 27 0.037
268 242 19 25 0.032
698 630 19 23 0.031
54 188 25 32 0.030
331 134 20 28 0.029
179 332 20 25 0.021
266 149 19 41 0.021
18 177 25 27 0.021
188 168 20 25 0.020
