40_Gymnastics_Gymnastics_40_762
26
574 455 131 144 0.827
974 1102 39 45 0.247
864 1111 32 42 0.190
61 1217 28 37 0.156
748 1107 29 38 0.118
643 1122 32 41 0.115
121 945 33 39 0.100
214 1218 33 41 0.076
337 1206 31 39 0.075
0 1130 31 49 0.071
21 942 37 44 0.070
215 1071 39 47 0.069
290 1127 37 43 0.063
924 970 35 45 0.061
62 870 33 45 0.059
627 1062 36 44 0.059
704 1108 29 39 0.054
158 1146 38 47 0.052
670 1011 34 44 0.050
974 904 34 42 0.045
557 1002 33 42 0.041
118 1064 32 40 0.033
700 1111 53 39 0.029
982 1050 31 36 0.026
411 951 30 38 0.021
588 1118 37 40 0.021
