40_Gymnastics_Gymnastics_40_668
77
389 179 99 124 0.866
284 201 114 139 0.863
192 65 109 134 0.859
499 186 83 118 0.852
111 259 159 152 0.835
651 196 79 89 0.824
870 211 92 100 0.807
762 245 12 16 0.576
978 276 16 19 0.471
714 41 10 12 0.457
694 78 10 13 0.446
654 31 8 10 0.382
753 32 10 12 0.332
611 44 9 12 0.326
582 31 9 10 0.317
640 47 8 10 0.304
438 91 10 12 0.285
848 58 13 17 0.279
787 55 11 12 0.246
524 56 9 11 0.225
672 60 9 12 0.213
559 45 9 13 0.200
688 31 10 13 0.199
97 53 12 15 0.160
675 46 9 13 0.159
576 66 9 12 0.123
798 47 9 11 0.115
519 31 8 10 0.098
736 245 9 14 0.097
674 39 9 11 0.090
925 41 11 13 0.090
673 47 10 25 0.083
489 94 9 11 0.081
737 252 11 18 0.079
18 41 11 13 0.078
632 31 8 10 0.074
740 257 11 16 0.074
863 41 10 13 0.071
79 73 10 12 0.069
59 37 10 11 0.066
69 97 16 20 0.064
675 34 12 25 0.064
108 78 10 13 0.061
1015 270 9 17 0.059
877 31 12 15 0.056
609 31 8 9 0.055
793 50 12 15 0.055
557 36 11 22 0.052
89 38 9 11 0.050
913 29 12 16 0.043
61 201 17 25 0.043
523 99 9 11 0.042
847 30 10 11 0.040
658 72 9 11 0.039
862 37 23 15 0.035
874 56 10 12 0.035
785 57 13 16 0.035
0 115 9 36 0.035
737 262 11 15 0.034
918 33 15 19 0.033
513 100 8 9 0.033
555 34 9 10 0.031
731 246 17 25 0.030
975 280 15 16 0.030
875 51 13 15 0.030
24 93 10 13 0.029
70 92 15 18 0.028
707 252 23 26 0.027
655 32 21 10 0.027
91 46 14 16 0.026
611 57 8 10 0.024
664 67 16 14 0.023
544 35 9 12 0.022
805 32 11 14 0.022
908 40 12 14 0.021
592 121 10 11 0.021
868 32 23 20 0.021
