40_Gymnastics_Gymnastics_40_891
28
605 390 31 40 0.852
607 486 30 37 0.850
874 352 32 39 0.840
70 308 32 37 0.838
478 385 29 36 0.836
547 381 30 36 0.833
322 295 29 36 0.832
260 280 30 36 0.831
381 288 28 36 0.830
738 499 32 39 0.829
458 478 29 35 0.829
387 483 30 34 0.828
451 304 28 33 0.826
581 321 27 35 0.825
122 298 31 39 0.824
524 305 27 34 0.823
677 394 29 39 0.822
185 311 29 34 0.821
521 479 30 38 0.820
670 283 29 36 0.818
761 334 29 33 0.818
678 488 31 38 0.814
922 359 33 40 0.814
696 338 29 34 0.810
843 348 28 33 0.810
763 414 31 34 0.807
824 339 23 30 0.754
213 319 18 24 0.029
