40_Gymnastics_Gymnastics_40_171
97
486 324 96 132 0.845
893 1306 38 46 0.698
785 1337 27 35 0.635
821 1220 31 43 0.615
942 1169 28 33 0.601
700 1301 29 39 0.585
905 1111 26 33 0.542
271 1180 29 37 0.522
978 1063 25 30 0.521
931 1256 26 32 0.520
887 1055 24 29 0.512
842 1100 24 31 0.512
764 1103 27 34 0.503
239 918 26 32 0.497
614 1207 34 43 0.496
53 1127 31 41 0.493
314 970 25 33 0.479
1 1302 29 40 0.453
691 1182 29 35 0.446
797 1184 27 35 0.444
940 1102 23 29 0.438
720 1223 30 39 0.437
634 1000 26 31 0.425
68 1077 28 36 0.371
323 1175 24 31 0.370
177 878 23 32 0.370
134 900 22 29 0.368
95 1321 27 36 0.368
99 884 23 28 0.346
168 1260 32 41 0.343
117 794 22 29 0.333
262 883 24 30 0.318
671 1274 26 33 0.311
196 995 23 28 0.305
33 861 26 32 0.300
65 769 20 27 0.296
373 869 20 26 0.295
30 1034 25 32 0.291
273 1081 29 37 0.285
169 937 22 30 0.280
0 1169 22 41 0.274
121 971 21 28 0.268
173 1029 24 32 0.261
715 1155 27 31 0.243
374 1125 26 33 0.241
248 1139 28 37 0.240
326 855 22 27 0.210
78 912 21 26 0.210
1005 1022 19 29 0.206
190 1187 27 35 0.205
277 1001 22 28 0.198
135 849 22 25 0.192
153 1159 25 32 0.184
405 1187 36 44 0.181
57 1336 30 38 0.177
440 1069 22 32 0.172
196 827 23 33 0.163
768 850 23 28 0.142
815 885 25 34 0.138
655 964 24 30 0.123
196 1107 26 33 0.115
408 959 26 31 0.109
977 1301 28 34 0.101
965 976 24 30 0.096
770 1188 30 34 0.089
251 1285 36 38 0.083
3 1122 24 35 0.083
246 1031 29 36 0.081
253 847 21 26 0.078
715 991 24 32 0.064
854 907 26 32 0.064
272 988 46 33 0.059
88 861 19 25 0.058
199 843 22 28 0.057
144 839 40 30 0.051
125 983 22 44 0.047
693 869 28 36 0.046
267 998 34 47 0.045
127 1009 22 27 0.041
180 871 23 29 0.041
83 906 20 28 0.040
199 921 25 32 0.039
194 820 20 26 0.038
281 1224 29 34 0.035
131 847 20 25 0.034
408 1205 36 47 0.034
93 874 22 29 0.033
141 865 64 82 0.032
646 877 19 27 0.031
692 880 25 33 0.030
184 928 34 33 0.030
313 907 28 35 0.030
902 1148 25 33 0.025
172 970 22 26 0.025
908 1000 22 28 0.023
409 1223 31 39 0.022
246 1035 45 52 0.021
