41_Swimming_Swimmer_41_831
74
471 134 172 238 0.889
627 1492 13 15 0.291
543 1497 14 17 0.287
585 1480 13 15 0.284
619 1452 11 14 0.252
644 1304 14 16 0.238
502 1425 11 14 0.234
465 1511 14 16 0.230
592 1387 12 15 0.216
437 1488 14 17 0.198
510 1449 12 15 0.188
634 1397 14 16 0.160
418 1494 14 15 0.158
515 1491 15 17 0.141
449 1466 14 16 0.138
612 1407 12 14 0.138
555 1303 13 15 0.131
376 1406 13 16 0.129
547 1401 14 17 0.120
462 1312 16 18 0.109
617 1311 13 14 0.102
381 1503 13 15 0.099
521 1395 13 17 0.098
595 1455 12 14 0.097
504 1329 12 14 0.095
462 1411 15 18 0.085
535 1446 16 15 0.084
470 1490 13 16 0.079
554 1356 14 14 0.075
526 1303 13 15 0.069
426 1463 14 19 0.067
437 1520 17 16 0.066
448 1365 14 17 0.064
566 1447 12 15 0.062
375 1310 13 16 0.061
593 1456 11 33 0.061
417 1395 13 17 0.060
513 1353 12 14 0.059
402 1467 14 17 0.057
517 1478 16 34 0.056
551 1456 11 33 0.055
531 1468 20 33 0.055
714 1417 11 15 0.054
400 1456 11 24 0.054
554 1356 10 26 0.051
505 1423 12 33 0.050
624 1357 13 15 0.050
585 1335 13 15 0.048
540 1503 15 18 0.046
605 1504 13 15 0.045
436 1319 14 16 0.040
544 1501 17 18 0.040
415 1476 21 38 0.038
426 1368 13 14 0.038
605 1357 13 15 0.037
621 1306 44 15 0.037
363 1354 13 15 0.036
437 1421 14 16 0.036
570 1438 14 36 0.034
521 1328 13 16 0.033
551 1457 11 67 0.033
625 1485 14 17 0.032
580 1329 13 23 0.029
530 1350 20 20 0.027
590 1503 18 17 0.027
468 1486 16 42 0.024
731 1418 13 13 0.024
534 1449 47 12 0.023
667 1302 11 14 0.023
572 1346 12 43 0.022
584 1492 29 24 0.022
547 1307 39 13 0.022
578 1311 21 14 0.020
576 1496 23 22 0.020
