42_Car_Racing_Car_Racing_42_743
29
605 84 23 29 0.728
698 113 13 15 0.455
123 119 17 21 0.446
98 115 17 21 0.368
751 97 10 14 0.361
982 108 12 14 0.168
780 103 11 14 0.160
806 101 10 14 0.156
673 149 10 12 0.133
548 122 15 21 0.122
653 104 14 16 0.101
749 101 11 14 0.083
889 109 9 13 0.066
669 121 10 12 0.054
1015 105 9 16 0.053
98 123 22 20 0.051
715 139 9 11 0.051
182 177 19 21 0.047
776 104 12 14 0.046
92 119 17 19 0.041
979 108 11 12 0.040
660 110 15 18 0.034
989 108 12 16 0.032
983 114 13 14 0.029
925 109 11 13 0.028
749 96 10 13 0.026
659 103 14 16 0.023
800 106 11 15 0.022
490 119 20 22 0.021
