42_Car_Racing_Nascar_42_823
48
990 220 18 22 0.767
896 236 15 20 0.728
411 229 19 32 0.677
192 281 10 12 0.574
146 260 9 10 0.526
253 255 10 13 0.505
0 275 10 16 0.445
341 252 11 13 0.429
125 260 9 10 0.408
375 256 10 13 0.387
636 242 7 9 0.352
851 242 11 13 0.250
660 240 9 11 0.208
663 234 9 12 0.201
620 252 8 10 0.189
658 244 7 10 0.180
151 276 9 10 0.158
223 284 8 12 0.105
638 243 7 9 0.101
220 256 9 10 0.096
398 260 9 11 0.079
305 259 8 10 0.075
664 242 8 10 0.075
43 180 10 12 0.072
555 302 9 11 0.071
101 231 7 9 0.066
756 277 7 8 0.065
634 240 7 9 0.061
358 254 32 15 0.059
273 254 13 17 0.055
338 250 11 12 0.055
463 244 11 14 0.054
28 235 8 10 0.048
543 263 7 9 0.047
184 335 15 16 0.046
392 260 14 12 0.045
223 279 8 13 0.040
62 230 9 10 0.034
688 235 7 11 0.032
715 299 11 14 0.032
298 258 14 16 0.032
276 253 21 20 0.028
552 303 8 10 0.025
409 230 13 26 0.025
401 258 10 16 0.024
151 278 12 13 0.023
700 225 9 10 0.022
145 260 12 15 0.022
