42_Car_Racing_Nascar_42_650
30
382 155 34 43 0.789
687 191 21 26 0.747
109 129 42 64 0.730
909 175 12 19 0.643
781 140 18 28 0.620
981 193 11 13 0.548
654 217 12 16 0.523
628 216 16 21 0.271
266 162 31 42 0.201
49 180 28 35 0.182
229 195 25 31 0.166
0 186 11 22 0.113
158 215 23 33 0.111
20 171 33 39 0.107
752 208 9 12 0.092
852 201 11 14 0.086
645 215 21 18 0.062
790 210 13 15 0.059
223 165 31 39 0.055
223 180 30 41 0.050
0 185 23 24 0.046
683 234 16 20 0.044
767 205 13 16 0.039
848 204 14 14 0.031
620 213 19 22 0.029
640 227 13 17 0.024
152 199 28 37 0.022
572 221 19 20 0.022
47 175 25 30 0.020
411 122 34 48 0.020
