43_Row_Boat_Canoe_43_325
41
991 363 15 22 0.730
189 386 15 19 0.653
797 415 17 22 0.631
692 398 17 20 0.622
917 420 17 21 0.599
323 403 12 18 0.492
495 379 19 21 0.469
315 357 10 12 0.369
374 328 11 13 0.352
447 405 15 19 0.335
790 371 8 9 0.327
227 352 9 11 0.318
596 353 9 11 0.314
386 377 15 22 0.313
422 353 9 11 0.308
467 347 10 12 0.302
659 351 8 10 0.283
158 332 11 12 0.264
129 357 10 11 0.248
573 406 14 15 0.248
690 361 8 9 0.214
546 358 8 10 0.208
250 382 17 20 0.169
144 382 14 18 0.146
602 402 11 15 0.115
496 364 13 14 0.101
605 404 13 16 0.094
321 397 14 19 0.084
386 372 13 19 0.053
446 391 13 17 0.047
657 354 9 12 0.043
324 484 19 24 0.042
327 391 12 17 0.040
248 372 18 29 0.037
797 408 15 19 0.033
609 407 11 15 0.028
444 389 11 18 0.026
185 381 13 20 0.025
241 495 22 24 0.024
132 363 12 16 0.024
662 351 7 10 0.022
