44_Aerobics_Aerobics_44_246
37
658 639 61 76 0.856
272 604 59 76 0.847
775 644 57 69 0.835
791 1026 38 46 0.801
545 175 40 50 0.734
243 1177 22 33 0.701
11 1204 12 15 0.485
319 1217 12 14 0.483
491 1155 27 55 0.482
104 1205 13 17 0.444
79 1213 9 12 0.355
882 149 9 12 0.294
128 45 50 83 0.275
340 222 17 21 0.242
386 199 12 16 0.227
188 1211 9 11 0.219
403 1206 12 15 0.206
833 151 11 14 0.121
390 202 11 15 0.115
811 192 16 21 0.113
7 1204 11 14 0.067
74 1212 38 15 0.055
406 1202 13 18 0.046
635 197 15 19 0.043
766 146 16 21 0.040
881 153 9 11 0.037
324 208 14 19 0.035
332 217 20 23 0.031
680 185 21 26 0.029
774 169 18 29 0.028
48 0 40 35 0.026
390 206 12 15 0.025
4 252 14 17 0.024
313 154 12 15 0.022
673 177 25 30 0.022
773 154 16 40 0.022
994 205 12 12 0.021
