44_Aerobics_Aerobics_44_332
44
426 305 28 34 0.786
125 300 13 18 0.748
548 307 14 20 0.701
397 299 16 20 0.698
76 300 11 13 0.668
242 287 16 22 0.663
750 306 14 19 0.658
701 310 22 27 0.657
209 299 16 20 0.649
22 294 14 17 0.641
988 302 14 17 0.640
830 302 20 23 0.628
180 305 24 29 0.621
299 306 12 14 0.617
657 298 11 14 0.559
869 302 12 14 0.549
383 303 15 20 0.549
768 295 12 14 0.533
332 293 8 10 0.532
534 285 11 14 0.512
936 319 15 18 0.435
0 297 7 14 0.402
932 298 13 15 0.285
51 307 9 11 0.283
674 305 10 12 0.170
444 296 19 26 0.109
713 308 15 24 0.094
864 294 12 14 0.066
266 315 12 14 0.066
941 322 13 17 0.059
863 292 10 12 0.057
937 297 12 14 0.055
49 309 10 13 0.051
311 300 11 13 0.049
842 300 12 17 0.041
429 299 34 32 0.038
74 320 11 12 0.036
937 301 13 16 0.032
645 327 8 11 0.032
836 307 16 20 0.029
262 313 11 13 0.028
676 308 12 15 0.027
450 292 14 20 0.027
531 303 11 16 0.022
