44_Aerobics_Aerobics_44_343
36
590 175 31 42 0.797
385 160 23 28 0.749
761 174 17 21 0.725
896 199 24 33 0.721
289 180 38 48 0.660
797 177 14 17 0.617
943 237 14 17 0.590
928 159 14 18 0.496
687 171 11 13 0.436
664 164 11 13 0.295
836 171 12 16 0.153
820 199 13 15 0.150
657 186 15 17 0.125
570 178 16 23 0.102
661 162 17 24 0.085
858 183 15 18 0.072
1018 205 6 27 0.070
683 198 15 17 0.045
960 260 15 16 0.043
734 187 12 18 0.043
544 215 15 19 0.042
700 213 11 14 0.033
975 269 16 16 0.031
835 174 19 16 0.031
1003 228 15 23 0.030
1015 229 9 30 0.030
661 168 13 28 0.027
1011 225 12 29 0.027
739 206 15 19 0.027
829 156 17 63 0.026
564 179 18 23 0.026
963 263 25 22 0.026
851 189 21 21 0.026
802 180 14 16 0.025
669 194 33 19 0.022
735 199 13 18 0.021
