45_Balloonist_Balloonist_45_1028
45
323 636 16 25 0.651
833 518 18 30 0.460
477 184 65 83 0.454
584 608 13 14 0.322
97 660 9 12 0.287
590 609 11 14 0.278
994 542 12 15 0.246
194 552 18 20 0.214
580 607 12 13 0.210
11 634 9 11 0.164
767 531 14 15 0.128
422 560 11 16 0.118
229 670 19 23 0.117
387 623 18 22 0.104
159 604 7 10 0.097
219 592 14 21 0.095
66 643 10 10 0.093
125 664 8 9 0.087
166 658 16 21 0.086
678 537 14 17 0.082
795 538 23 31 0.069
687 547 17 16 0.067
654 603 11 13 0.066
406 610 11 12 0.063
687 533 15 24 0.062
421 596 10 12 0.057
200 553 18 20 0.047
870 513 17 22 0.045
689 530 15 17 0.044
730 515 21 25 0.041
633 557 15 18 0.035
401 609 15 18 0.034
796 544 28 35 0.031
390 630 17 23 0.030
332 643 17 24 0.029
161 638 19 28 0.027
223 600 13 18 0.025
6 606 9 11 0.025
687 623 17 20 0.024
997 533 13 18 0.022
12 626 10 12 0.021
3 571 13 15 0.021
769 533 15 17 0.021
222 618 11 18 0.020
529 616 12 16 0.020
