45_Balloonist_Balloonist_45_531
31
817 450 7 8 0.452
759 416 7 8 0.431
340 144 57 52 0.391
871 440 7 9 0.357
911 485 7 9 0.320
657 390 7 9 0.297
732 415 7 8 0.242
629 403 7 9 0.198
941 495 7 8 0.194
703 430 8 10 0.172
622 299 8 9 0.128
926 509 8 11 0.127
751 415 13 11 0.073
892 498 9 10 0.058
798 464 6 7 0.056
343 164 44 34 0.044
851 595 8 10 0.041
584 367 7 9 0.040
943 496 7 9 0.038
889 497 9 11 0.036
911 485 11 11 0.035
782 448 6 8 0.031
334 106 41 62 0.031
905 486 13 14 0.029
718 445 7 11 0.028
655 388 11 13 0.025
736 432 6 9 0.024
698 430 11 12 0.022
874 441 7 8 0.022
658 399 8 11 0.021
624 300 9 10 0.020
