46_Jockey_Jockey_46_909
51
455 416 45 48 0.813
509 286 27 36 0.797
220 569 39 66 0.743
494 554 54 66 0.738
784 183 15 21 0.724
651 246 16 22 0.708
275 180 15 19 0.667
644 189 12 15 0.650
736 176 14 17 0.648
696 180 13 20 0.640
913 280 18 28 0.621
743 267 19 22 0.531
480 187 11 17 0.519
534 161 10 13 0.503
487 154 9 14 0.450
357 194 11 14 0.349
615 141 7 8 0.260
730 330 16 24 0.222
507 150 8 10 0.199
727 201 12 15 0.185
649 284 17 21 0.164
576 136 7 8 0.157
768 210 15 16 0.151
445 140 9 11 0.134
735 170 13 32 0.115
0 210 8 28 0.087
617 137 7 8 0.087
314 189 10 12 0.085
762 140 6 8 0.083
453 126 10 11 0.060
726 208 10 13 0.057
737 270 17 20 0.052
200 227 11 13 0.049
453 189 8 13 0.045
317 191 11 13 0.042
381 196 10 11 0.040
527 180 11 14 0.038
507 153 8 11 0.038
552 138 8 11 0.037
313 186 9 10 0.033
544 159 9 11 0.033
545 148 9 20 0.033
598 106 11 14 0.033
255 196 12 13 0.032
481 183 11 16 0.032
446 130 14 18 0.029
920 281 18 28 0.027
445 136 12 16 0.023
195 230 13 12 0.023
691 182 11 18 0.022
725 332 16 23 0.021
