47_Matador_Bullfighter_Matador_Bullfighter_47_912
140
916 0 32 36 0.788
776 6 26 32 0.768
739 12 20 25 0.767
731 64 25 30 0.765
847 119 31 41 0.765
630 112 23 32 0.758
779 127 26 31 0.752
844 58 28 35 0.741
180 46 19 21 0.737
629 18 21 26 0.735
684 57 22 27 0.729
602 101 22 28 0.728
567 1 18 23 0.726
730 301 40 58 0.719
594 165 23 29 0.715
93 36 17 21 0.711
236 20 18 22 0.705
247 176 23 36 0.703
326 95 22 26 0.698
435 26 18 25 0.697
477 18 19 23 0.695
120 19 15 19 0.692
656 4 19 25 0.689
546 57 20 23 0.687
689 25 21 25 0.686
379 38 19 22 0.680
509 19 21 23 0.676
881 117 33 47 0.670
93 304 34 60 0.663
847 342 49 72 0.645
277 3 15 19 0.640
496 103 22 26 0.628
816 0 24 22 0.617
384 16 17 21 0.600
718 125 26 31 0.581
59 13 17 21 0.574
0 25 12 17 0.569
34 19 17 21 0.549
637 81 20 27 0.526
677 6 17 21 0.455
595 51 19 21 0.441
346 51 14 16 0.435
369 99 22 24 0.423
911 58 25 34 0.400
950 293 48 66 0.364
959 65 39 51 0.358
155 21 16 18 0.351
692 111 24 32 0.338
86 0 13 12 0.338
859 27 21 25 0.313
359 0 16 15 0.313
997 254 27 68 0.274
583 407 28 35 0.259
845 118 61 42 0.231
192 33 16 19 0.221
953 418 37 76 0.203
157 0 15 11 0.199
112 0 14 14 0.188
818 61 20 29 0.186
654 6 36 23 0.182
833 214 34 48 0.181
768 109 21 30 0.177
313 228 35 32 0.170
231 15 42 20 0.160
494 371 26 47 0.146
187 36 19 22 0.129
749 112 18 27 0.126
489 82 19 26 0.123
57 7 18 21 0.118
532 45 18 25 0.116
3 20 20 22 0.106
115 0 13 27 0.096
250 403 33 39 0.092
212 28 14 19 0.090
965 54 40 51 0.082
689 120 26 30 0.079
967 37 42 54 0.075
197 31 23 19 0.075
211 24 13 18 0.075
436 3 21 19 0.075
961 86 34 42 0.074
178 0 17 13 0.073
492 89 23 29 0.068
562 30 15 20 0.066
859 0 20 22 0.065
684 6 19 21 0.064
793 85 22 28 0.063
366 380 30 57 0.063
24 20 17 19 0.061
912 27 28 58 0.059
472 127 23 26 0.059
860 5 21 42 0.057
442 0 15 16 0.055
858 353 50 79 0.054
808 188 31 39 0.053
535 52 20 24 0.052
949 270 46 65 0.052
573 149 22 28 0.051
353 0 17 15 0.050
0 90 11 18 0.050
476 110 21 37 0.046
961 6 30 31 0.045
0 0 9 21 0.045
428 182 29 31 0.045
645 0 15 10 0.044
493 48 19 26 0.043
152 52 15 19 0.042
564 9 17 25 0.040
163 0 14 12 0.039
962 431 46 70 0.039
33 11 16 23 0.039
426 0 15 21 0.038
581 158 22 28 0.036
204 18 38 28 0.034
182 0 21 14 0.034
712 508 49 96 0.034
649 0 18 21 0.033
766 0 23 20 0.032
270 1 19 19 0.032
160 23 15 19 0.031
541 107 18 23 0.030
42 23 17 21 0.030
881 133 35 54 0.030
317 236 35 32 0.029
429 2 18 26 0.029
833 199 33 42 0.029
480 108 17 22 0.029
563 31 27 26 0.028
441 59 20 24 0.028
769 0 15 14 0.028
759 258 30 47 0.028
186 2 15 16 0.027
978 28 38 50 0.026
642 0 19 20 0.026
918 59 27 36 0.025
206 1 13 28 0.024
107 0 46 12 0.024
950 399 37 66 0.023
302 0 14 12 0.021
151 20 14 18 0.021
