47_Matador_Bullfighter_matadorbullfighting_47_207
38
884 482 19 24 0.722
922 479 17 22 0.678
577 400 20 25 0.666
744 424 16 22 0.656
719 486 22 27 0.633
377 417 22 26 0.561
464 426 22 26 0.435
600 470 20 25 0.371
819 480 18 22 0.320
1002 470 20 25 0.289
505 471 21 26 0.279
63 338 20 25 0.230
411 505 28 37 0.204
244 416 21 25 0.197
786 441 17 21 0.165
551 414 18 21 0.112
417 515 25 32 0.085
650 574 28 26 0.077
404 499 27 32 0.071
655 478 20 25 0.066
445 429 25 23 0.066
968 480 19 22 0.053
1001 462 20 24 0.052
784 449 18 35 0.032
782 470 21 29 0.032
383 388 14 15 0.032
577 476 22 26 0.030
553 417 21 26 0.028
956 481 20 21 0.027
67 350 22 24 0.026
396 497 24 32 0.025
630 498 19 22 0.024
419 527 23 24 0.024
856 493 19 21 0.024
581 391 19 26 0.023
866 508 17 22 0.023
784 484 24 24 0.022
646 398 21 24 0.020
