47_Matador_Bullfighter_matadorbullfighting_47_491
58
316 194 15 19 0.745
983 198 14 17 0.722
5 150 15 20 0.704
87 131 16 20 0.699
406 189 16 20 0.690
346 194 13 16 0.689
949 63 12 14 0.640
868 140 14 16 0.635
747 191 18 22 0.634
183 155 15 17 0.631
197 198 16 20 0.609
101 192 15 18 0.607
34 189 15 17 0.438
892 137 14 18 0.435
918 138 14 16 0.382
933 195 11 14 0.210
245 184 13 15 0.193
215 197 15 16 0.166
243 169 16 19 0.133
1014 174 10 16 0.125
247 220 15 18 0.114
226 186 14 17 0.110
213 161 14 15 0.106
284 238 12 15 0.099
493 159 16 18 0.088
55 189 13 17 0.084
924 136 12 16 0.083
980 155 12 14 0.075
888 138 50 17 0.073
28 189 16 17 0.070
734 113 12 13 0.061
362 178 11 23 0.061
459 174 16 19 0.060
484 162 22 18 0.056
378 188 14 16 0.051
603 248 29 31 0.047
364 170 11 13 0.047
148 195 16 18 0.045
275 235 25 18 0.040
888 132 14 18 0.038
679 110 7 8 0.033
225 177 15 18 0.032
138 237 14 17 0.032
186 158 48 18 0.032
121 187 15 18 0.030
355 112 9 11 0.029
218 204 15 17 0.026
496 110 9 11 0.026
434 198 19 26 0.024
5 112 12 14 0.024
636 106 8 10 0.024
913 137 13 16 0.022
138 194 23 22 0.022
239 165 16 18 0.021
309 222 11 14 0.021
395 150 14 20 0.021
362 173 13 19 0.020
458 214 40 33 0.020
