47_Matador_Bullfighter_Matador_Bullfighter_47_761
28
74 34 30 36 0.762
348 40 28 33 0.753
238 30 32 38 0.753
41 120 28 37 0.740
185 40 27 33 0.735
197 123 29 33 0.721
597 47 25 31 0.712
473 29 28 37 0.704
884 115 28 34 0.690
559 15 27 31 0.609
349 115 32 40 0.556
705 128 29 32 0.501
830 145 26 31 0.471
703 48 29 33 0.460
278 544 28 42 0.391
1012 127 12 43 0.171
479 136 33 36 0.160
1 112 28 35 0.084
704 33 26 30 0.075
159 110 24 30 0.062
693 55 27 30 0.060
768 0 32 24 0.056
254 1 27 30 0.035
387 133 28 33 0.032
812 0 26 22 0.030
880 140 32 38 0.029
51 59 25 31 0.029
1001 180 22 33 0.025
