47_Matador_Bullfighter_matadorbullfighting_47_236
72
391 277 92 107 0.858
717 108 20 25 0.715
389 192 22 26 0.694
266 205 19 23 0.691
34 189 19 24 0.677
350 194 21 25 0.674
546 203 21 25 0.653
86 109 18 23 0.651
67 194 19 24 0.642
385 137 20 22 0.635
793 115 18 22 0.632
279 118 18 22 0.628
751 47 14 19 0.615
590 126 19 23 0.613
681 41 15 19 0.605
111 193 19 23 0.592
946 49 16 20 0.591
154 136 18 22 0.568
455 187 22 26 0.551
602 188 22 24 0.541
158 173 17 21 0.518
834 128 20 22 0.476
727 181 19 23 0.440
418 123 15 19 0.439
437 126 17 20 0.413
123 175 18 23 0.388
995 98 18 22 0.388
57 167 17 20 0.369
267 69 17 22 0.293
522 111 18 24 0.251
215 205 15 19 0.234
978 41 17 19 0.183
124 181 19 23 0.165
905 142 18 20 0.163
233 203 16 21 0.129
517 115 19 23 0.112
950 44 19 22 0.087
483 186 22 26 0.086
91 184 17 20 0.079
221 123 21 24 0.075
852 151 17 22 0.071
120 166 21 25 0.063
706 175 25 24 0.053
819 160 16 21 0.053
111 173 73 34 0.051
615 176 23 25 0.049
513 122 20 26 0.046
481 192 19 28 0.045
253 202 27 27 0.045
826 128 19 21 0.044
702 175 18 21 0.041
356 171 24 25 0.040
621 181 24 24 0.038
161 204 18 22 0.036
217 199 20 23 0.035
366 177 20 24 0.034
857 154 19 22 0.034
0 179 9 22 0.034
246 187 19 23 0.034
253 182 15 20 0.033
523 121 20 22 0.033
229 119 19 21 0.031
961 81 16 21 0.027
633 174 25 28 0.027
845 145 22 24 0.026
509 147 18 21 0.025
453 159 20 22 0.025
456 153 18 42 0.023
60 155 20 31 0.023
101 144 18 21 0.023
317 202 22 23 0.021
36 176 19 25 0.020
