4_Dancing_Dancing_4_489
59
174 238 52 63 0.873
780 237 46 59 0.873
531 61 39 52 0.867
253 134 43 52 0.865
603 211 46 63 0.864
483 104 41 53 0.864
421 59 41 51 0.863
296 67 40 49 0.861
396 240 44 53 0.861
277 240 44 59 0.860
128 117 42 52 0.855
669 99 44 57 0.855
707 284 42 52 0.850
400 124 42 56 0.850
689 30 40 49 0.850
616 78 40 49 0.848
807 23 34 41 0.847
915 137 40 49 0.845
347 83 34 44 0.845
187 77 43 57 0.843
888 102 36 43 0.835
830 108 40 49 0.830
909 46 35 42 0.828
540 232 44 54 0.820
749 108 42 49 0.818
760 43 31 37 0.805
939 12 18 22 0.759
982 19 17 20 0.737
901 1 16 21 0.736
23 18 17 22 0.727
873 25 17 21 0.721
165 23 15 19 0.683
62 34 17 21 0.674
51 20 14 18 0.667
109 24 16 19 0.655
851 4 15 15 0.582
91 37 14 17 0.508
152 11 13 17 0.406
83 25 17 20 0.370
221 20 15 17 0.355
3 0 12 14 0.291
77 29 20 20 0.249
110 51 14 18 0.214
91 0 13 10 0.169
0 74 6 26 0.139
26 52 18 21 0.123
225 20 15 18 0.093
148 5 15 18 0.074
48 4 13 14 0.066
70 4 11 12 0.049
64 0 13 13 0.047
145 0 11 10 0.038
844 77 27 34 0.037
222 4 13 15 0.033
51 4 18 16 0.032
144 0 15 16 0.029
222 9 13 20 0.024
81 0 18 12 0.023
195 44 12 16 0.021
