4_Dancing_Dancing_4_715
38
487 470 37 45 0.838
416 441 33 38 0.830
75 457 38 43 0.828
660 123 42 58 0.823
411 109 41 64 0.789
293 464 34 41 0.772
626 452 34 41 0.726
150 452 31 38 0.293
229 576 36 48 0.154
946 661 16 18 0.146
464 291 12 15 0.124
235 288 12 15 0.085
114 338 13 18 0.082
196 290 12 14 0.079
276 230 11 13 0.076
153 280 14 18 0.067
314 159 8 10 0.059
462 339 10 12 0.055
29 453 17 24 0.050
502 295 11 14 0.048
276 157 8 10 0.045
388 311 11 15 0.043
467 165 7 10 0.040
231 591 39 50 0.039
538 415 10 13 0.038
460 410 14 18 0.034
171 347 18 23 0.033
537 475 10 12 0.027
276 217 10 12 0.027
153 333 11 14 0.027
575 414 11 12 0.026
278 270 11 14 0.025
543 167 8 9 0.025
421 342 14 20 0.025
465 282 11 14 0.023
190 342 15 23 0.021
280 461 39 41 0.021
195 346 12 15 0.020
