50_Celebration_Or_Party_houseparty_50_715
85
360 650 12 14 0.155
454 486 8 10 0.098
529 539 12 15 0.088
453 513 9 12 0.086
628 564 15 20 0.080
522 570 13 17 0.077
666 629 16 21 0.077
330 568 10 12 0.075
101 505 11 12 0.074
638 494 11 14 0.073
380 534 10 12 0.071
778 653 12 15 0.071
437 562 11 15 0.070
370 559 10 11 0.065
438 659 11 14 0.063
619 482 9 12 0.060
262 638 9 13 0.060
500 83 21 24 0.059
560 512 12 15 0.059
492 526 10 14 0.058
453 592 12 14 0.058
420 545 9 10 0.057
807 644 12 16 0.051
805 126 21 21 0.049
525 589 16 24 0.049
440 543 10 12 0.043
456 651 11 16 0.042
127 530 13 16 0.040
416 509 9 11 0.040
421 593 10 13 0.039
280 548 10 11 0.038
57 470 8 11 0.038
61 529 14 15 0.037
95 529 12 15 0.037
70 440 8 10 0.035
191 508 14 16 0.035
16 477 9 13 0.034
70 480 8 11 0.034
51 435 8 9 0.033
498 543 12 15 0.033
16 479 12 14 0.033
281 528 9 10 0.032
37 464 9 11 0.032
537 509 12 17 0.032
60 523 13 18 0.031
289 566 10 13 0.031
694 506 12 15 0.030
666 491 10 12 0.030
129 510 11 12 0.030
284 497 8 11 0.029
267 639 10 12 0.029
431 468 10 13 0.028
422 534 9 22 0.028
463 561 11 13 0.027
494 529 12 22 0.027
515 485 12 14 0.027
331 637 11 15 0.027
310 596 10 11 0.026
610 498 12 13 0.026
25 481 11 16 0.026
56 470 13 15 0.025
514 502 13 16 0.025
481 475 8 12 0.024
696 600 15 19 0.024
807 173 29 32 0.024
396 558 9 12 0.024
95 482 9 11 0.024
524 577 15 29 0.024
432 518 11 15 0.024
390 581 12 14 0.024
482 508 10 13 0.023
460 534 11 13 0.023
808 647 18 15 0.023
592 591 15 19 0.023
454 481 8 30 0.022
17 583 17 21 0.022
27 508 12 13 0.022
451 469 9 12 0.022
482 479 9 12 0.022
58 519 11 16 0.022
415 510 10 19 0.021
163 464 9 10 0.021
241 513 11 14 0.020
34 521 13 15 0.020
909 660 11 12 0.020
