51_Dresses_wearingdress_51_464
25
392 229 267 346 0.896
24 382 137 168 0.859
744 416 58 72 0.787
894 389 25 33 0.599
786 276 22 25 0.465
841 417 28 36 0.303
708 355 23 28 0.241
806 325 22 28 0.159
908 444 28 36 0.135
997 315 24 39 0.110
1005 322 19 38 0.098
710 389 25 32 0.097
967 373 40 43 0.094
996 438 27 75 0.090
737 297 16 22 0.082
618 468 60 101 0.082
716 393 25 33 0.043
710 352 21 22 0.037
738 305 17 21 0.034
950 380 35 38 0.033
917 437 29 42 0.029
982 374 35 52 0.028
999 422 24 67 0.028
703 364 23 26 0.027
901 452 30 36 0.021
