52_Photographers_photographertakingphoto_52_263
36
628 262 24 34 0.798
136 294 22 32 0.778
800 284 24 41 0.745
353 299 22 30 0.734
685 246 24 39 0.733
403 292 23 33 0.706
40 278 20 30 0.692
753 282 23 38 0.691
63 385 20 27 0.517
317 308 13 17 0.449
270 302 13 16 0.368
25 368 28 41 0.279
777 364 25 42 0.164
661 379 27 42 0.160
22 355 20 26 0.155
468 305 12 19 0.138
45 375 24 33 0.106
77 317 19 22 0.097
874 338 25 36 0.092
427 24 9 10 0.054
84 359 15 21 0.045
83 317 20 25 0.042
567 321 8 10 0.041
25 365 22 29 0.040
36 373 22 29 0.040
267 304 12 14 0.033
339 298 17 20 0.033
711 385 32 45 0.031
50 381 23 32 0.028
42 429 14 23 0.028
397 311 13 22 0.027
313 307 11 15 0.027
664 372 40 51 0.026
86 323 23 27 0.024
343 296 21 25 0.021
575 345 8 10 0.020
