52_Photographers_taketouristphotos_52_266
34
608 447 55 87 0.769
322 388 26 33 0.754
459 374 28 37 0.571
241 411 26 41 0.523
316 330 15 24 0.275
375 338 12 19 0.269
346 375 16 22 0.213
448 374 26 33 0.140
165 395 27 46 0.133
413 340 10 12 0.129
417 383 14 20 0.128
593 321 20 29 0.062
409 382 18 23 0.051
120 211 23 30 0.048
308 301 19 26 0.042
291 382 25 39 0.040
596 301 15 18 0.038
638 301 16 15 0.038
388 356 13 18 0.037
312 321 20 34 0.037
407 425 23 45 0.037
176 334 20 29 0.035
379 336 13 17 0.035
231 345 12 16 0.033
253 353 10 13 0.033
353 367 19 23 0.031
393 340 14 14 0.030
210 376 20 24 0.030
386 342 16 35 0.028
333 380 23 32 0.026
173 390 24 40 0.025
230 415 31 43 0.023
93 410 21 47 0.023
414 336 13 93 0.023
