53_Raid_policeraid_53_599
38
132 143 71 112 0.812
356 305 28 32 0.794
822 310 18 23 0.764
582 267 17 22 0.755
836 268 16 20 0.732
505 298 22 25 0.671
664 253 16 20 0.657
641 326 19 24 0.616
722 239 14 18 0.574
619 265 18 21 0.557
244 326 26 30 0.550
483 285 19 21 0.381
769 326 19 21 0.319
875 280 15 17 0.304
882 330 22 24 0.258
701 313 19 23 0.237
855 299 16 21 0.233
680 315 17 23 0.214
463 291 18 24 0.203
524 273 15 19 0.195
476 286 22 24 0.175
750 275 13 16 0.117
871 310 20 24 0.105
685 314 21 24 0.097
877 333 20 25 0.066
545 201 12 14 0.065
545 199 14 27 0.051
620 252 16 19 0.050
761 327 21 20 0.042
859 301 22 22 0.037
858 276 26 63 0.037
763 331 21 20 0.035
665 247 15 17 0.028
788 365 25 27 0.028
546 229 14 21 0.025
775 322 16 20 0.025
573 238 15 23 0.022
724 245 17 21 0.021
