54_Rescue_rescuepeople_54_159
57
886 29 31 37 0.741
351 117 21 27 0.718
713 86 23 28 0.708
635 115 20 25 0.692
798 102 26 32 0.684
589 97 22 27 0.682
519 180 21 27 0.677
775 102 21 27 0.650
808 38 19 22 0.640
792 81 21 25 0.634
299 208 19 24 0.600
420 230 22 22 0.596
780 32 21 26 0.584
810 60 20 26 0.581
689 112 26 32 0.574
740 93 23 29 0.543
750 54 22 25 0.489
630 175 32 41 0.486
570 83 16 20 0.405
546 172 23 28 0.358
754 133 29 33 0.212
845 13 19 25 0.175
711 16 22 25 0.140
804 14 18 26 0.120
529 88 18 20 0.105
266 132 21 24 0.100
647 118 27 26 0.095
643 113 23 24 0.080
730 20 17 20 0.077
856 55 16 22 0.077
680 114 26 31 0.070
656 114 19 25 0.068
760 52 19 25 0.067
903 5 23 25 0.063
572 88 19 22 0.058
789 100 27 30 0.056
725 90 26 31 0.053
488 429 21 28 0.043
412 235 24 26 0.043
829 82 23 29 0.042
942 0 18 11 0.036
654 131 21 27 0.035
750 100 25 28 0.034
449 52 17 19 0.033
650 101 20 23 0.033
806 10 49 25 0.030
864 32 16 24 0.028
406 243 23 28 0.028
902 10 22 31 0.027
770 131 30 32 0.027
703 102 25 34 0.025
657 56 19 24 0.025
782 128 26 35 0.025
688 88 23 26 0.024
279 42 20 23 0.023
785 118 26 33 0.020
679 6 18 21 0.020
