54_Rescue_rescuepeople_54_135
37
871 484 63 69 0.840
505 1 49 65 0.781
329 49 35 46 0.695
870 210 26 43 0.688
942 217 22 39 0.593
56 549 50 59 0.492
118 371 35 58 0.360
996 233 25 31 0.359
741 410 41 59 0.233
959 463 38 56 0.219
695 334 23 31 0.218
688 203 38 44 0.142
82 106 8 9 0.084
255 163 26 38 0.078
932 367 51 53 0.077
951 369 41 44 0.065
927 373 39 59 0.062
151 181 25 34 0.060
921 389 33 51 0.057
351 362 33 40 0.054
3 292 32 50 0.048
124 306 33 38 0.047
146 241 25 33 0.043
148 187 24 35 0.034
219 17 16 20 0.029
73 180 19 27 0.028
429 369 35 40 0.027
580 345 36 47 0.027
670 564 43 84 0.026
0 262 20 40 0.025
145 203 24 30 0.024
78 269 30 33 0.023
1009 408 15 40 0.023
214 221 25 34 0.022
643 28 10 12 0.022
102 181 15 22 0.021
135 303 24 33 0.021
