55_Sports_Coach_Trainer_sportcoaching_55_643
30
6 296 29 33 0.788
472 233 16 22 0.752
507 217 16 22 0.749
297 260 19 24 0.736
786 212 17 23 0.714
421 266 17 22 0.703
689 259 13 19 0.558
597 255 16 24 0.549
429 241 16 20 0.539
861 245 14 23 0.516
281 245 15 19 0.511
652 252 13 22 0.502
665 257 15 20 0.458
553 269 12 20 0.407
523 256 14 22 0.278
679 258 23 21 0.250
565 257 14 20 0.165
607 255 16 23 0.163
370 213 10 21 0.153
917 217 13 26 0.128
660 256 31 21 0.107
528 256 16 21 0.097
613 256 15 22 0.095
783 283 11 17 0.055
471 264 11 19 0.052
535 260 21 21 0.045
333 280 14 19 0.030
857 246 12 20 0.026
425 253 17 27 0.022
427 237 14 18 0.022
