55_Sports_Coach_Trainer_sportcoaching_55_774
53
846 59 58 79 0.876
797 274 56 82 0.867
754 128 58 78 0.835
127 261 40 57 0.830
443 171 26 32 0.817
475 197 27 34 0.792
602 146 28 35 0.780
661 100 23 32 0.777
518 294 42 47 0.772
364 177 27 33 0.768
380 71 17 21 0.663
330 80 20 22 0.632
419 39 15 16 0.606
384 5 13 17 0.596
485 170 22 25 0.587
372 20 15 18 0.533
346 97 20 26 0.426
408 68 16 21 0.415
323 15 11 16 0.397
419 105 18 22 0.355
372 44 15 18 0.327
409 12 12 15 0.321
344 5 11 13 0.302
372 29 15 30 0.173
358 14 11 13 0.151
673 11 12 15 0.140
386 69 18 22 0.130
331 0 9 9 0.128
374 13 16 30 0.124
339 3 18 12 0.120
355 22 13 17 0.112
353 100 21 26 0.091
488 122 22 23 0.088
540 161 23 26 0.083
719 104 19 29 0.077
444 127 18 21 0.070
319 99 16 24 0.052
367 45 15 18 0.049
420 0 10 7 0.040
411 57 14 19 0.039
474 119 13 16 0.037
479 114 26 27 0.035
416 0 9 7 0.031
361 35 18 22 0.030
434 0 11 9 0.028
322 20 13 19 0.027
360 103 19 23 0.027
447 0 10 12 0.027
342 35 15 20 0.026
437 0 20 11 0.025
321 96 19 24 0.024
587 133 15 23 0.020
490 129 20 26 0.020
