55_Sports_Coach_Trainer_sportcoaching_55_789
23
672 200 40 58 0.857
146 215 48 72 0.856
631 282 43 55 0.854
928 329 46 60 0.851
230 186 44 59 0.847
89 172 40 52 0.847
453 243 44 64 0.847
823 322 40 53 0.844
271 227 47 64 0.843
588 218 40 57 0.840
920 160 45 64 0.839
762 166 42 64 0.837
67 241 43 60 0.835
730 333 41 59 0.834
326 128 37 58 0.833
613 116 40 58 0.832
199 145 39 51 0.831
51 126 41 55 0.828
389 221 43 61 0.827
465 159 41 59 0.820
541 256 43 55 0.817
423 125 37 52 0.812
366 285 41 59 0.796
