55_Sports_Coach_Trainer_sportcoaching_55_122
78
871 393 37 48 0.857
726 373 38 47 0.833
58 373 36 43 0.833
19 251 30 39 0.815
865 302 31 41 0.811
813 272 30 39 0.810
345 287 28 38 0.810
35 170 30 37 0.800
564 301 28 35 0.785
966 220 36 41 0.784
182 283 27 33 0.773
260 272 26 34 0.773
24 216 30 35 0.761
737 275 29 36 0.761
101 278 32 39 0.748
528 292 27 30 0.719
361 246 21 27 0.706
457 309 26 33 0.697
631 266 25 33 0.695
385 265 23 33 0.687
667 298 28 34 0.674
524 261 22 26 0.623
604 259 23 29 0.608
771 265 31 40 0.457
466 233 18 23 0.444
694 279 26 35 0.425
432 275 24 29 0.400
743 242 22 26 0.348
247 257 20 26 0.318
597 294 23 32 0.304
120 271 24 30 0.268
286 262 21 29 0.249
172 266 23 31 0.199
833 251 31 36 0.187
419 276 25 28 0.140
504 235 16 19 0.138
90 206 31 33 0.104
603 258 28 54 0.098
413 276 21 27 0.096
626 216 24 27 0.096
358 210 9 10 0.082
625 225 24 31 0.078
471 268 22 27 0.074
739 323 29 33 0.072
455 236 26 25 0.070
627 237 19 23 0.064
709 333 31 43 0.061
449 244 17 22 0.061
844 248 33 36 0.061
620 181 14 16 0.060
608 226 34 60 0.054
172 181 17 22 0.050
563 198 14 18 0.049
678 254 28 32 0.047
336 254 16 20 0.044
469 240 20 54 0.043
448 276 42 62 0.041
824 259 28 36 0.040
557 294 28 36 0.038
188 236 22 29 0.037
859 246 25 34 0.037
403 270 24 30 0.035
685 254 19 25 0.030
659 253 19 25 0.030
178 177 13 16 0.029
117 202 24 30 0.026
556 231 15 19 0.026
829 248 25 30 0.024
563 222 19 21 0.024
559 228 18 20 0.023
327 218 13 16 0.023
864 238 36 34 0.022
1016 333 8 43 0.022
167 184 19 25 0.022
227 199 15 18 0.022
486 224 16 21 0.021
497 230 22 27 0.021
124 196 30 28 0.021
