55_Sports_Coach_Trainer_sportcoaching_55_569
33
891 34 52 62 0.866
252 254 41 56 0.861
181 82 55 76 0.855
337 43 51 65 0.853
734 189 56 74 0.841
910 197 44 56 0.837
61 245 22 28 0.754
593 20 20 26 0.740
376 243 21 32 0.660
697 16 17 26 0.605
18 321 21 30 0.469
37 252 11 13 0.456
184 271 9 11 0.348
104 240 22 26 0.321
934 0 54 47 0.186
131 266 14 16 0.165
13 252 8 9 0.117
631 70 15 22 0.106
132 238 10 12 0.084
3 269 8 10 0.070
86 236 12 14 0.068
87 259 18 22 0.055
169 265 8 9 0.051
6 269 9 10 0.050
10 251 10 13 0.049
167 266 15 10 0.036
93 236 23 23 0.036
663 81 16 21 0.034
135 113 10 14 0.033
166 267 9 9 0.026
1 235 9 10 0.025
135 119 9 14 0.023
91 255 22 24 0.021
