56_Voter_peoplevoting_56_350
201
39 364 33 47 0.764
2 323 40 50 0.755
747 235 11 14 0.654
437 150 9 12 0.604
13 37 9 11 0.579
286 114 9 12 0.576
258 107 9 11 0.565
829 264 13 15 0.561
229 102 8 10 0.558
206 92 9 11 0.552
563 188 11 12 0.550
112 58 8 11 0.545
466 150 10 13 0.535
521 315 16 25 0.522
526 182 9 12 0.515
564 167 9 11 0.510
859 259 12 14 0.506
182 72 8 9 0.503
139 67 9 11 0.489
394 137 11 13 0.486
904 245 14 16 0.485
732 219 10 13 0.476
797 234 11 14 0.463
925 242 10 12 0.459
503 348 20 32 0.457
305 105 10 12 0.456
767 287 15 15 0.456
53 42 9 10 0.453
698 223 12 13 0.451
385 117 8 9 0.440
333 117 9 11 0.435
744 208 9 12 0.433
540 189 10 12 0.425
514 159 10 12 0.401
345 399 19 37 0.386
724 200 11 12 0.385
648 200 10 13 0.380
673 210 11 15 0.369
199 75 10 12 0.369
434 126 8 10 0.368
355 104 8 9 0.360
371 107 9 10 0.348
405 122 8 9 0.340
82 46 9 11 0.339
668 182 10 12 0.331
632 192 9 11 0.326
765 203 10 13 0.323
527 159 9 11 0.318
498 156 8 11 0.317
608 192 9 11 0.264
323 89 7 8 0.254
351 127 9 12 0.242
794 214 9 12 0.240
778 209 9 11 0.226
573 321 18 28 0.223
34 39 8 10 0.218
883 244 12 13 0.216
580 166 10 11 0.216
824 239 11 14 0.210
157 26 7 8 0.210
544 166 9 12 0.210
463 133 8 9 0.205
595 179 10 12 0.193
802 231 11 14 0.173
901 242 14 17 0.168
606 164 8 12 0.166
106 39 8 9 0.162
358 105 11 10 0.160
135 17 7 8 0.152
872 250 10 12 0.152
750 352 17 25 0.151
109 36 6 16 0.148
728 187 10 13 0.148
671 179 9 11 0.146
675 207 11 15 0.144
370 131 9 11 0.143
2 0 6 8 0.142
831 301 21 20 0.137
408 145 7 9 0.136
0 26 7 11 0.130
824 306 24 23 0.127
844 239 13 13 0.122
658 164 8 9 0.122
847 289 16 17 0.122
776 229 11 14 0.118
851 237 9 11 0.117
464 132 8 24 0.116
839 295 17 19 0.116
134 44 7 8 0.116
526 184 18 13 0.116
204 87 11 15 0.105
566 185 9 13 0.105
244 76 7 10 0.096
650 191 13 19 0.093
283 80 10 10 0.093
873 242 14 18 0.092
139 17 7 8 0.092
77 41 13 13 0.090
680 362 20 22 0.090
62 38 14 11 0.090
998 309 17 22 0.090
744 210 17 13 0.086
606 161 9 10 0.085
435 129 8 31 0.083
719 354 16 24 0.082
265 65 6 9 0.079
788 233 13 14 0.079
207 89 14 13 0.077
546 168 10 11 0.075
599 170 13 20 0.075
914 304 10 15 0.073
774 232 10 12 0.073
255 102 10 12 0.071
858 234 9 11 0.069
101 26 7 9 0.068
819 309 22 24 0.066
280 78 11 11 0.066
198 72 9 11 0.064
426 126 8 11 0.060
879 241 14 15 0.058
557 141 7 8 0.058
538 171 12 41 0.057
275 75 11 13 0.057
219 43 7 9 0.057
183 28 7 8 0.056
227 95 8 12 0.056
169 436 29 52 0.055
191 34 6 7 0.055
466 132 7 12 0.055
778 212 26 11 0.055
266 66 8 9 0.054
137 45 12 22 0.054
908 306 17 28 0.054
516 146 9 9 0.051
908 317 19 22 0.050
525 563 25 29 0.050
833 307 22 25 0.047
272 81 13 12 0.046
656 162 11 16 0.045
726 170 9 10 0.045
322 90 17 9 0.044
583 163 7 9 0.044
162 52 9 11 0.043
441 150 42 13 0.043
125 45 20 18 0.040
435 116 7 17 0.040
651 346 20 25 0.040
521 175 11 15 0.039
629 173 10 18 0.038
866 304 13 15 0.037
507 342 19 32 0.035
595 222 16 20 0.034
524 145 10 11 0.034
842 241 14 19 0.034
730 191 11 61 0.033
517 571 23 25 0.033
601 176 12 29 0.032
671 213 11 16 0.032
304 88 21 10 0.031
992 303 20 20 0.031
345 102 18 24 0.031
817 317 20 19 0.030
302 86 16 12 0.030
797 214 9 11 0.030
899 310 15 19 0.029
1001 306 13 16 0.028
751 220 14 19 0.027
994 316 21 26 0.027
913 313 16 19 0.026
873 237 12 12 0.026
823 317 26 22 0.025
343 125 21 15 0.025
609 174 21 15 0.025
143 56 17 16 0.025
858 295 15 21 0.025
490 128 8 11 0.025
831 234 15 15 0.024
911 300 12 14 0.024
506 123 7 8 0.024
352 131 27 11 0.024
653 355 46 25 0.024
335 92 13 14 0.024
418 386 17 31 0.024
506 124 7 10 0.024
622 183 20 24 0.024
156 24 7 6 0.023
706 189 11 16 0.023
709 164 11 12 0.023
683 200 9 12 0.023
533 571 26 28 0.022
474 152 11 11 0.022
288 78 9 11 0.022
802 247 8 11 0.021
603 610 27 41 0.021
494 155 14 13 0.021
988 310 22 22 0.020
814 314 16 20 0.020
259 96 20 17 0.020
641 158 8 8 0.020
484 116 8 9 0.020
614 153 9 11 0.020
