56_Voter_peoplevoting_56_663
25
490 292 50 66 0.852
836 50 69 88 0.834
667 138 46 55 0.806
340 208 47 48 0.672
197 193 13 19 0.665
106 225 11 14 0.620
71 219 12 13 0.440
283 188 12 13 0.403
0 217 10 14 0.391
317 181 11 14 0.317
12 222 11 14 0.297
408 169 10 14 0.252
235 178 10 14 0.246
43 222 10 12 0.225
639 171 9 11 0.198
3 220 20 15 0.095
39 222 12 15 0.064
39 227 11 13 0.051
157 195 11 13 0.029
102 224 11 14 0.029
12 224 22 13 0.027
54 243 10 15 0.026
258 210 17 14 0.024
47 221 9 11 0.024
153 218 8 11 0.021
