56_Voter_peoplevoting_56_410
135
272 468 16 22 0.757
550 446 16 19 0.723
177 433 17 22 0.710
471 433 17 20 0.704
743 475 18 21 0.702
493 444 16 19 0.695
122 451 16 19 0.694
368 434 15 19 0.684
58 444 17 21 0.676
827 429 19 22 0.666
692 476 17 21 0.649
322 440 15 19 0.645
937 424 17 21 0.602
424 428 16 20 0.591
527 428 15 18 0.577
214 458 17 21 0.577
616 463 15 19 0.576
31 424 19 25 0.558
932 457 19 23 0.529
284 424 16 19 0.517
83 433 16 17 0.514
285 444 15 18 0.489
985 444 15 20 0.446
420 452 15 19 0.423
236 452 16 20 0.410
119 419 13 16 0.400
815 465 18 22 0.362
322 414 14 16 0.352
97 436 14 17 0.346
196 421 14 20 0.345
284 431 17 22 0.332
361 415 10 12 0.312
961 445 17 22 0.290
155 416 12 15 0.290
644 465 17 23 0.289
986 454 16 21 0.238
522 452 13 19 0.216
189 424 21 22 0.214
387 420 11 14 0.204
897 425 15 20 0.202
644 456 16 21 0.199
572 444 13 18 0.187
231 437 14 16 0.170
922 443 17 22 0.168
87 432 20 21 0.164
970 443 20 21 0.162
233 441 15 25 0.158
512 427 13 16 0.158
197 467 15 17 0.145
602 432 14 16 0.121
755 438 13 18 0.118
866 442 17 22 0.109
814 458 18 22 0.107
600 428 12 13 0.101
891 456 17 24 0.090
361 416 14 16 0.085
139 423 13 19 0.085
135 420 22 15 0.083
806 427 15 19 0.076
542 382 8 8 0.074
689 446 16 19 0.072
372 432 18 21 0.072
146 441 15 22 0.070
414 441 14 24 0.070
81 438 16 18 0.069
751 428 16 21 0.067
586 462 13 18 0.066
643 447 16 23 0.062
411 427 19 21 0.059
588 423 16 15 0.055
597 427 19 17 0.054
271 412 14 18 0.054
577 448 17 18 0.052
937 458 20 23 0.052
18 425 29 25 0.052
626 438 13 16 0.051
824 403 12 15 0.049
14 429 14 19 0.048
751 424 14 17 0.047
256 411 12 15 0.047
318 410 14 15 0.045
580 421 19 15 0.045
920 437 15 20 0.045
879 452 30 26 0.044
733 472 17 19 0.044
432 427 14 17 0.043
0 437 9 21 0.043
895 423 34 35 0.042
409 426 13 15 0.042
221 442 16 24 0.042
305 440 13 18 0.041
891 445 18 24 0.041
499 430 20 27 0.041
227 422 13 17 0.040
443 426 14 17 0.039
944 445 19 20 0.037
619 416 12 15 0.037
397 427 15 17 0.036
432 405 11 14 0.035
139 417 15 15 0.035
531 427 16 18 0.035
567 430 14 17 0.034
458 427 11 14 0.033
216 431 21 18 0.033
982 430 17 21 0.031
175 424 14 16 0.030
128 424 20 17 0.030
201 416 13 15 0.030
515 442 14 21 0.029
848 420 15 19 0.028
570 428 17 31 0.028
30 415 23 29 0.028
832 426 21 23 0.028
506 423 17 18 0.028
354 417 15 16 0.028
694 445 14 17 0.028
813 472 19 23 0.027
442 445 17 19 0.026
162 409 12 15 0.026
0 426 11 29 0.026
492 443 24 26 0.026
316 416 16 17 0.026
447 424 18 16 0.025
708 478 17 19 0.025
381 437 16 23 0.024
610 439 17 20 0.023
862 427 49 40 0.023
430 422 27 25 0.022
890 464 18 21 0.022
563 427 29 18 0.022
124 417 15 15 0.022
94 452 15 20 0.021
0 422 9 19 0.020
34 410 18 22 0.020
866 382 8 10 0.020
