56_Voter_peoplevoting_56_874
118
969 252 52 71 0.816
665 253 28 31 0.777
137 351 27 32 0.755
38 337 20 25 0.755
682 437 79 145 0.749
772 294 52 66 0.741
244 394 37 49 0.739
90 340 25 29 0.727
14 300 16 20 0.727
567 296 24 30 0.700
358 280 15 17 0.695
154 392 23 34 0.695
67 283 14 17 0.686
512 277 20 23 0.681
405 270 14 17 0.680
595 329 31 34 0.674
192 258 14 17 0.656
368 253 13 16 0.613
336 255 13 16 0.603
467 365 80 87 0.565
532 310 22 24 0.537
455 287 18 21 0.533
113 298 12 13 0.466
273 275 17 20 0.460
332 231 10 13 0.451
156 281 14 19 0.442
456 240 9 12 0.437
961 217 40 51 0.426
465 226 9 11 0.400
399 224 9 12 0.396
496 215 8 10 0.382
384 343 36 51 0.374
582 208 8 10 0.362
507 229 9 10 0.325
271 247 13 15 0.306
426 250 9 12 0.294
321 256 11 14 0.292
413 247 11 14 0.279
138 287 12 17 0.258
6 276 16 18 0.253
419 250 14 12 0.245
318 375 28 40 0.238
395 257 11 13 0.238
156 278 13 15 0.228
496 369 52 60 0.227
632 196 8 10 0.220
171 306 15 21 0.220
995 405 29 120 0.199
467 207 7 9 0.193
539 199 7 8 0.182
458 256 13 15 0.176
602 217 8 9 0.175
245 237 9 11 0.174
554 198 8 9 0.170
368 242 15 32 0.159
235 256 12 14 0.159
158 428 32 44 0.159
564 205 8 9 0.146
626 178 8 8 0.138
287 271 15 19 0.138
375 229 11 12 0.136
457 239 10 24 0.123
593 206 9 10 0.121
501 224 13 15 0.120
485 237 9 11 0.117
975 395 49 124 0.108
555 201 13 10 0.103
428 224 9 12 0.097
293 240 11 14 0.097
578 208 21 10 0.093
454 237 13 18 0.087
459 229 13 17 0.087
408 207 8 8 0.073
435 279 12 16 0.073
513 207 8 11 0.070
400 223 10 25 0.069
656 203 8 9 0.067
485 239 11 13 0.067
513 205 10 22 0.066
433 218 9 10 0.066
318 251 12 14 0.064
620 196 7 10 0.062
467 209 10 11 0.059
480 358 59 63 0.059
222 253 12 16 0.053
223 250 13 16 0.051
429 217 10 16 0.046
227 252 14 16 0.044
456 223 11 53 0.043
535 315 26 28 0.043
98 312 14 16 0.043
362 232 10 13 0.042
376 232 12 13 0.042
320 231 21 53 0.042
351 218 9 11 0.041
335 232 11 14 0.041
506 222 12 19 0.033
938 397 79 124 0.031
550 200 16 12 0.030
485 216 12 32 0.029
432 274 12 16 0.029
672 189 9 11 0.028
383 254 21 15 0.028
174 314 15 19 0.027
595 188 9 10 0.026
606 217 7 9 0.025
495 212 11 15 0.025
175 258 11 13 0.025
504 249 10 14 0.025
658 182 7 18 0.025
273 258 17 24 0.025
104 286 77 23 0.024
307 376 30 40 0.023
663 196 14 13 0.021
538 197 9 28 0.021
546 316 21 26 0.021
392 353 39 52 0.020
130 291 19 17 0.020
