56_Voter_peoplevoting_56_122
84
936 79 38 56 0.799
688 48 41 62 0.779
441 38 27 38 0.766
79 67 40 44 0.757
837 53 38 55 0.722
272 117 45 56 0.643
958 13 34 46 0.636
348 28 27 32 0.634
483 5 25 33 0.631
903 32 36 51 0.628
560 79 34 51 0.625
531 14 28 33 0.623
420 133 30 37 0.609
404 9 25 33 0.605
298 15 22 29 0.575
706 5 35 39 0.548
603 1 29 36 0.507
254 11 26 37 0.490
906 181 52 60 0.472
617 44 27 36 0.432
248 76 33 45 0.420
772 17 41 54 0.413
206 32 28 34 0.383
485 12 28 38 0.375
699 367 78 71 0.272
202 24 25 33 0.263
602 18 27 36 0.255
788 12 38 42 0.249
801 12 29 35 0.244
616 54 31 42 0.223
1013 43 11 50 0.215
489 24 27 35 0.201
0 431 125 159 0.196
147 53 31 39 0.183
661 0 32 38 0.171
564 0 26 32 0.164
1010 27 14 60 0.148
435 2 19 22 0.132
197 18 23 28 0.128
476 136 36 37 0.107
147 12 22 27 0.100
766 23 33 53 0.091
55 1 14 17 0.090
377 12 21 27 0.081
344 15 24 34 0.077
948 14 32 47 0.077
1009 13 15 52 0.075
97 26 28 32 0.075
611 48 27 39 0.072
21 19 30 39 0.068
247 13 24 31 0.067
257 83 33 52 0.066
74 21 24 33 0.064
558 66 30 47 0.063
141 47 27 35 0.061
206 19 23 26 0.059
148 18 25 30 0.053
1013 0 11 39 0.052
400 6 20 31 0.052
784 1 29 36 0.051
80 400 115 167 0.049
600 27 23 33 0.044
401 92 20 26 0.041
570 84 39 45 0.040
215 38 21 27 0.039
147 5 23 23 0.031
536 38 23 28 0.030
78 29 30 34 0.029
625 60 31 42 0.027
1004 3 20 48 0.027
153 24 26 33 0.026
340 6 23 29 0.026
813 124 28 40 0.025
139 39 22 31 0.025
902 83 24 35 0.025
1003 49 21 52 0.024
410 17 22 30 0.024
438 9 24 30 0.023
655 0 26 32 0.023
242 8 21 27 0.022
691 357 54 65 0.021
68 16 21 27 0.021
416 123 28 34 0.021
427 0 21 27 0.020
