57_Angler_peoplefishing_57_661
31
364 410 10 13 0.629
104 428 14 17 0.618
242 385 11 14 0.600
205 415 13 15 0.593
283 415 12 14 0.589
403 406 11 13 0.587
498 401 9 11 0.540
449 410 10 13 0.445
666 419 94 91 0.336
712 418 82 84 0.191
235 408 11 13 0.177
753 314 7 9 0.075
1 392 10 13 0.057
303 405 10 11 0.052
619 416 16 17 0.052
632 313 8 10 0.050
503 401 8 11 0.042
609 314 7 9 0.041
20 389 10 11 0.040
783 315 7 9 0.031
54 385 10 11 0.030
340 367 7 10 0.030
16 387 11 11 0.028
479 402 8 9 0.027
174 381 8 10 0.025
670 418 62 69 0.022
111 363 17 18 0.021
618 392 10 12 0.021
632 315 7 9 0.020
233 446 11 13 0.020
9 389 22 11 0.020
