58_Hockey_icehockey_puck_58_680
204
775 345 37 43 0.844
838 206 36 43 0.836
563 330 35 43 0.835
471 322 36 43 0.834
891 365 39 45 0.834
369 319 38 45 0.832
752 216 35 40 0.830
563 245 36 40 0.828
332 239 37 42 0.819
670 355 36 41 0.809
548 192 34 36 0.807
435 228 33 38 0.801
621 251 36 40 0.800
224 197 38 44 0.774
693 240 35 38 0.767
889 136 13 16 0.753
674 59 14 17 0.744
789 125 16 18 0.735
804 151 14 19 0.733
256 344 33 43 0.718
544 148 14 17 0.713
514 113 13 17 0.713
739 118 14 18 0.712
703 119 14 17 0.708
370 105 14 16 0.705
644 143 14 18 0.705
625 139 12 14 0.704
626 58 14 17 0.701
579 94 14 17 0.699
670 3 12 16 0.699
378 132 13 17 0.691
937 165 13 16 0.689
790 50 12 15 0.687
1002 43 14 17 0.686
259 177 27 32 0.683
116 79 12 15 0.682
451 17 13 15 0.679
771 20 13 16 0.674
301 138 14 16 0.673
832 39 14 17 0.671
984 174 14 17 0.670
246 133 14 18 0.666
946 225 33 36 0.666
92 163 39 52 0.662
485 154 14 16 0.661
703 25 11 16 0.661
702 151 15 18 0.657
731 64 11 14 0.655
581 130 12 16 0.654
835 126 14 17 0.651
955 126 13 16 0.651
982 25 13 16 0.647
687 189 17 19 0.644
928 80 12 16 0.639
22 104 11 14 0.633
342 30 11 16 0.628
467 112 13 18 0.623
230 82 14 17 0.623
336 143 12 15 0.616
301 81 12 15 0.610
638 192 17 18 0.604
446 96 13 15 0.602
175 50 13 16 0.593
434 133 14 16 0.580
216 128 13 14 0.578
560 26 11 15 0.573
502 23 12 15 0.572
272 133 11 14 0.572
363 27 11 12 0.564
286 329 33 45 0.559
525 45 11 14 0.554
517 1 12 13 0.550
949 59 13 15 0.549
402 75 12 15 0.534
589 59 13 15 0.527
582 4 12 14 0.522
837 26 12 15 0.511
895 59 13 15 0.505
538 113 15 15 0.491
425 114 11 14 0.482
975 140 13 15 0.466
918 22 13 16 0.445
926 9 10 12 0.442
625 0 13 11 0.411
107 46 13 17 0.374
307 20 13 15 0.370
417 38 12 14 0.356
5 70 11 14 0.350
874 41 11 16 0.330
195 126 12 14 0.327
49 38 14 16 0.324
921 17 13 17 0.318
738 141 12 15 0.318
598 0 12 11 0.291
393 21 11 14 0.286
307 105 12 13 0.275
33 69 10 13 0.269
835 30 13 21 0.268
588 39 12 14 0.268
887 104 12 16 0.257
471 63 12 15 0.242
315 191 18 23 0.226
319 0 11 10 0.225
279 268 32 39 0.220
349 135 13 16 0.219
146 284 42 51 0.209
340 138 19 16 0.209
735 191 15 20 0.209
247 66 9 11 0.207
676 106 12 15 0.199
55 70 10 12 0.198
305 95 13 17 0.179
211 126 14 17 0.177
545 142 14 20 0.168
868 154 14 18 0.167
667 79 12 14 0.152
721 26 10 14 0.141
337 30 35 15 0.140
465 38 11 13 0.140
849 164 12 15 0.139
589 0 16 15 0.138
264 133 18 15 0.130
755 98 14 18 0.130
511 95 10 14 0.124
78 87 12 13 0.123
546 129 12 15 0.121
303 85 13 18 0.116
21 0 10 9 0.111
854 0 12 11 0.110
723 22 18 16 0.109
234 13 10 14 0.103
225 0 10 10 0.100
944 102 11 13 0.092
1008 12 11 13 0.089
807 13 12 14 0.086
525 68 13 18 0.085
427 166 12 15 0.081
733 20 12 16 0.081
0 39 7 14 0.079
682 133 12 15 0.078
858 157 21 18 0.073
917 54 13 18 0.072
498 23 29 26 0.072
406 6 12 15 0.066
525 51 12 29 0.063
113 76 13 16 0.062
735 0 10 12 0.061
395 23 12 15 0.059
284 156 13 15 0.057
50 67 18 19 0.055
663 23 11 14 0.055
481 82 11 15 0.053
527 85 11 14 0.051
374 101 16 18 0.049
733 5 11 25 0.048
587 43 13 16 0.047
360 29 13 19 0.045
214 11 11 23 0.044
697 50 13 15 0.043
525 76 14 18 0.042
757 143 15 18 0.040
884 91 14 31 0.038
499 37 12 16 0.037
109 42 12 15 0.037
58 7 8 11 0.036
310 106 11 14 0.035
677 102 12 39 0.035
960 174 13 17 0.034
792 176 13 16 0.033
702 156 14 18 0.033
449 158 14 17 0.033
452 102 19 17 0.033
304 22 14 17 0.032
26 0 10 12 0.032
101 102 11 16 0.032
962 154 13 20 0.032
945 59 13 15 0.031
500 29 16 18 0.031
358 64 12 16 0.030
701 75 13 16 0.029
566 115 10 13 0.029
996 78 12 17 0.028
559 57 12 16 0.027
769 146 18 17 0.027
732 68 11 15 0.027
864 26 12 15 0.026
560 42 13 22 0.026
250 135 13 15 0.025
108 131 11 14 0.025
996 0 9 9 0.025
51 92 17 16 0.024
229 5 15 25 0.024
851 170 12 16 0.023
87 128 10 11 0.023
776 148 14 16 0.022
614 193 15 19 0.022
865 30 13 17 0.022
219 0 18 23 0.021
700 52 14 17 0.021
872 77 12 14 0.020
701 84 13 17 0.020
339 163 14 16 0.020
109 50 13 16 0.020
722 16 11 17 0.020
