5_Car_Accident_Accident_5_448
262
927 557 25 29 0.745
292 391 17 20 0.745
52 437 18 22 0.744
889 405 17 28 0.725
87 392 16 20 0.723
803 433 17 25 0.696
191 447 17 22 0.669
230 374 13 16 0.669
981 317 13 15 0.647
16 340 13 15 0.637
136 348 13 16 0.608
983 236 10 13 0.607
927 260 12 14 0.589
209 411 16 19 0.581
866 231 10 12 0.548
356 248 8 10 0.546
204 353 11 16 0.541
262 347 13 15 0.518
428 237 9 11 0.501
77 370 11 14 0.500
176 284 9 11 0.496
298 542 25 32 0.494
702 404 14 21 0.475
315 367 13 16 0.469
966 247 10 11 0.442
153 312 11 14 0.424
452 219 10 12 0.423
314 260 9 11 0.421
205 333 11 15 0.419
303 278 10 12 0.414
401 237 9 11 0.413
384 244 9 10 0.412
338 266 9 12 0.384
336 237 9 11 0.378
54 345 11 14 0.374
232 294 10 12 0.374
251 619 22 26 0.366
270 260 9 11 0.342
922 230 9 10 0.341
929 334 13 16 0.336
292 472 16 23 0.321
391 440 15 17 0.318
372 230 9 11 0.316
130 429 11 20 0.309
231 334 11 12 0.299
259 265 8 10 0.297
197 286 10 11 0.297
200 306 10 13 0.286
295 259 8 9 0.282
181 325 12 13 0.279
390 206 7 10 0.275
65 298 9 11 0.275
448 240 10 12 0.272
932 196 6 9 0.256
191 424 15 18 0.255
225 267 9 10 0.251
145 293 11 13 0.249
290 431 16 21 0.248
663 366 8 10 0.240
882 213 8 9 0.232
196 263 9 10 0.231
360 296 10 14 0.230
265 286 9 11 0.217
238 239 8 10 0.210
828 201 9 10 0.208
254 306 9 12 0.198
445 202 7 8 0.196
882 232 8 10 0.195
203 346 13 20 0.194
376 212 7 8 0.193
201 238 8 9 0.192
249 255 9 9 0.188
267 283 11 12 0.187
741 468 14 26 0.185
104 297 10 12 0.184
1002 204 9 11 0.178
909 203 8 9 0.172
225 333 13 15 0.154
411 206 9 10 0.149
929 222 9 13 0.145
843 198 8 9 0.145
226 297 11 12 0.133
220 226 7 9 0.132
236 241 8 9 0.124
90 296 9 12 0.119
360 216 9 8 0.118
340 273 10 12 0.117
12 366 13 16 0.114
273 228 8 11 0.114
145 333 11 14 0.112
134 245 9 12 0.112
109 237 9 11 0.112
306 335 14 19 0.109
179 264 7 9 0.109
112 221 9 12 0.107
153 245 8 9 0.104
287 260 17 11 0.101
81 376 19 38 0.099
335 205 7 8 0.099
904 238 10 12 0.097
249 249 14 14 0.096
487 430 15 20 0.096
375 229 8 10 0.096
115 260 8 10 0.095
986 222 7 10 0.094
326 224 8 16 0.094
149 273 9 12 0.094
261 243 8 12 0.089
827 201 17 10 0.087
855 192 6 7 0.086
109 300 15 13 0.085
274 226 8 19 0.083
54 370 12 14 0.082
941 208 8 10 0.081
109 308 9 12 0.081
983 200 8 8 0.080
228 267 9 10 0.080
496 405 12 14 0.077
518 404 10 13 0.077
206 431 17 20 0.077
324 269 9 13 0.076
335 201 8 23 0.074
873 195 9 8 0.070
370 230 13 18 0.069
79 297 14 13 0.069
282 186 7 8 0.068
184 211 8 17 0.067
313 345 14 49 0.066
291 437 20 28 0.065
1000 198 8 9 0.064
192 238 19 9 0.064
0 435 10 24 0.061
858 258 9 11 0.061
202 415 18 27 0.059
375 201 8 27 0.059
273 283 10 13 0.058
148 269 9 13 0.056
388 197 13 24 0.056
965 239 11 28 0.055
118 297 12 13 0.055
879 194 7 7 0.054
907 243 10 13 0.054
904 243 10 12 0.053
106 301 12 15 0.052
207 351 13 18 0.051
381 258 10 11 0.051
490 255 11 13 0.050
44 314 11 13 0.050
936 205 9 26 0.050
93 268 9 11 0.050
347 220 13 14 0.049
213 325 12 16 0.049
412 286 9 11 0.048
184 213 8 7 0.048
632 449 14 24 0.048
224 191 8 8 0.048
164 228 9 12 0.048
272 204 7 24 0.047
421 540 14 27 0.046
986 198 8 8 0.046
89 293 9 11 0.045
214 223 12 15 0.045
295 451 18 22 0.045
178 332 12 20 0.044
110 261 16 12 0.044
219 319 10 14 0.044
153 236 11 19 0.042
469 189 9 10 0.042
128 294 12 12 0.042
306 307 13 14 0.041
899 233 11 12 0.041
476 234 9 10 0.041
200 280 11 15 0.040
124 295 14 17 0.039
199 206 7 24 0.039
306 233 12 16 0.039
302 452 21 23 0.039
181 243 8 30 0.039
158 185 7 7 0.039
434 304 8 10 0.038
133 346 13 16 0.038
276 278 13 12 0.037
460 199 9 10 0.037
820 251 9 15 0.037
871 192 14 17 0.036
174 363 15 16 0.036
177 344 11 15 0.035
883 195 9 28 0.035
166 362 19 15 0.035
294 230 16 14 0.035
346 278 12 12 0.035
421 235 30 15 0.034
277 233 12 19 0.033
704 408 16 19 0.033
816 237 12 15 0.033
198 279 11 48 0.033
462 444 17 20 0.032
283 436 17 22 0.032
427 284 10 11 0.031
302 308 13 14 0.031
70 388 12 15 0.030
383 241 12 14 0.030
495 404 21 15 0.030
271 345 12 16 0.030
447 192 6 21 0.029
920 225 14 17 0.029
330 197 9 25 0.029
253 292 15 33 0.029
273 338 12 17 0.029
453 245 10 12 0.028
313 183 7 7 0.028
546 401 13 17 0.028
213 434 14 23 0.028
248 275 11 19 0.028
440 242 12 11 0.028
478 237 9 10 0.028
945 207 8 8 0.027
303 259 16 43 0.027
818 187 12 13 0.027
235 329 11 14 0.027
104 294 15 25 0.027
867 211 10 11 0.027
548 365 8 9 0.027
927 231 9 14 0.026
982 200 22 8 0.026
385 238 25 14 0.026
820 187 8 7 0.026
283 207 17 26 0.026
218 219 9 30 0.026
299 208 24 17 0.026
160 359 16 16 0.025
270 291 12 14 0.025
316 254 13 19 0.025
590 475 17 23 0.025
402 356 12 17 0.025
964 284 12 15 0.025
75 326 11 14 0.025
167 220 8 27 0.025
355 245 16 16 0.024
99 255 8 10 0.024
224 185 7 25 0.024
525 274 8 10 0.024
228 310 10 14 0.024
131 241 22 13 0.024
76 344 13 15 0.023
369 247 24 11 0.023
394 255 8 10 0.023
261 262 15 13 0.023
326 232 18 19 0.023
270 187 8 7 0.022
311 203 15 27 0.022
203 205 8 12 0.021
490 429 22 19 0.021
418 283 19 12 0.021
112 218 8 11 0.021
929 210 12 20 0.021
181 233 17 26 0.020
211 278 37 44 0.020
274 241 12 23 0.020
89 304 9 13 0.020
324 279 8 13 0.020
1001 228 8 12 0.020
