5_Car_Accident_Accident_5_633
25
449 456 86 60 0.676
99 74 59 113 0.650
241 280 18 23 0.627
162 284 17 24 0.532
488 276 36 43 0.443
816 320 10 12 0.341
444 447 70 54 0.303
1006 472 17 20 0.293
799 326 10 13 0.279
854 327 14 14 0.162
429 276 10 14 0.127
803 324 12 12 0.125
896 353 10 14 0.121
418 295 10 13 0.090
799 325 21 13 0.079
424 282 11 15 0.064
92 161 34 44 0.048
388 298 9 13 0.048
726 316 12 17 0.047
484 268 28 39 0.038
638 288 30 43 0.035
617 297 43 42 0.030
388 293 11 23 0.029
793 330 11 11 0.024
845 323 10 12 0.021
