5_Car_Accident_Accident_5_628
62
267 277 27 33 0.794
176 218 24 31 0.771
856 202 26 32 0.757
327 216 24 29 0.735
231 235 22 28 0.733
157 309 28 37 0.714
440 188 22 27 0.710
377 150 24 31 0.704
0 238 15 40 0.702
44 152 23 27 0.664
936 288 29 32 0.642
283 174 22 28 0.604
76 217 25 29 0.596
578 26 28 33 0.534
381 205 25 32 0.433
577 244 38 40 0.333
914 238 23 28 0.333
1008 99 16 29 0.326
941 333 26 34 0.247
336 188 25 29 0.227
402 177 24 28 0.209
900 215 24 27 0.207
511 363 25 29 0.186
96 349 28 32 0.152
374 89 21 22 0.132
726 336 25 35 0.097
578 256 30 34 0.096
905 222 25 28 0.096
402 187 26 32 0.095
202 266 24 32 0.075
339 383 23 28 0.071
276 229 19 26 0.069
725 219 28 26 0.059
1015 370 9 54 0.056
475 159 22 28 0.054
636 251 24 29 0.051
799 194 24 30 0.050
924 413 23 22 0.048
344 185 24 29 0.043
954 334 28 38 0.042
614 168 18 22 0.041
998 242 25 60 0.041
1002 260 22 49 0.040
23 196 20 26 0.040
731 341 27 33 0.040
995 240 28 33 0.037
894 211 23 26 0.036
92 211 27 31 0.030
482 169 20 48 0.029
722 328 22 36 0.028
413 92 24 31 0.028
737 138 27 30 0.027
99 318 30 37 0.025
524 353 27 30 0.025
573 18 26 35 0.024
483 199 20 26 0.023
378 54 25 28 0.023
814 260 25 27 0.022
1 166 16 26 0.022
350 182 23 27 0.022
0 389 9 34 0.021
225 286 29 34 0.020
