5_Car_Accident_Accident_5_244
27
1000 187 24 55 0.763
648 204 22 27 0.744
707 184 21 27 0.729
920 188 17 25 0.726
840 200 27 40 0.684
798 195 24 26 0.665
490 207 24 26 0.659
465 303 27 25 0.650
623 311 35 44 0.555
569 185 19 25 0.522
768 197 18 22 0.220
516 588 69 39 0.220
764 201 18 22 0.219
890 197 18 25 0.134
760 205 16 20 0.122
753 200 16 19 0.093
124 217 45 75 0.092
776 191 19 23 0.054
239 273 47 40 0.053
915 215 14 26 0.053
133 229 57 77 0.049
119 199 45 74 0.045
751 198 12 15 0.041
765 212 20 24 0.032
534 556 59 51 0.027
617 304 27 39 0.025
254 274 28 25 0.023
