5_Car_Accident_Accident_5_340
31
195 233 23 30 0.796
986 35 26 34 0.768
689 68 24 28 0.765
101 211 26 32 0.762
40 221 26 32 0.744
168 205 17 22 0.734
266 212 20 26 0.730
886 50 22 30 0.710
343 220 16 20 0.699
512 233 25 30 0.668
848 111 22 28 0.584
295 217 12 16 0.519
765 116 24 30 0.434
951 97 32 36 0.408
555 102 12 14 0.276
5 202 10 11 0.220
3 203 9 13 0.197
323 219 10 12 0.118
495 93 11 13 0.110
395 160 8 8 0.043
173 202 17 21 0.042
113 219 20 25 0.035
298 213 10 17 0.030
254 222 12 16 0.029
402 164 7 9 0.029
0 243 16 23 0.029
887 63 22 32 0.027
225 226 12 16 0.026
20 205 13 16 0.024
260 213 20 23 0.023
565 131 8 11 0.023
