5_Car_Accident_Accident_5_510
53
195 290 38 46 0.765
280 274 32 39 0.757
243 249 28 33 0.739
342 211 31 37 0.721
386 239 28 36 0.712
575 460 52 61 0.623
54 243 39 54 0.563
506 225 31 34 0.501
439 244 28 36 0.370
420 252 27 32 0.316
542 235 22 26 0.298
87 264 39 45 0.234
699 269 14 18 0.215
397 245 33 35 0.199
110 234 43 50 0.187
321 276 32 42 0.180
72 248 42 55 0.112
303 258 26 33 0.110
93 231 48 58 0.100
476 252 28 39 0.081
163 289 33 37 0.073
338 280 29 38 0.068
553 266 23 30 0.066
548 232 22 26 0.059
420 236 29 36 0.056
303 233 23 27 0.052
166 255 34 39 0.050
338 223 57 40 0.049
2 270 29 45 0.045
161 265 44 57 0.044
1 271 18 33 0.043
160 250 32 33 0.039
538 268 28 35 0.036
297 251 27 32 0.035
586 230 14 18 0.035
151 250 25 30 0.033
125 241 28 35 0.032
401 235 31 35 0.032
157 250 31 57 0.031
476 242 21 31 0.031
765 233 16 21 0.030
96 278 36 36 0.030
178 244 27 32 0.028
725 253 13 17 0.027
185 242 24 24 0.027
456 252 34 40 0.026
177 284 40 39 0.026
513 558 43 48 0.025
758 274 18 22 0.024
559 228 17 20 0.023
330 262 33 47 0.023
766 269 15 19 0.022
441 235 35 35 0.020
