5_Car_Accident_Accident_5_177
38
302 208 19 25 0.774
393 205 18 25 0.761
975 211 19 27 0.752
834 216 22 25 0.725
904 161 15 19 0.706
881 180 14 20 0.702
869 253 20 27 0.692
809 271 24 31 0.683
697 197 18 23 0.682
893 215 20 24 0.670
910 238 17 28 0.670
747 183 17 22 0.663
988 187 18 22 0.662
596 131 17 19 0.659
639 230 16 25 0.520
832 325 19 32 0.254
773 405 20 39 0.222
795 129 8 14 0.208
858 343 23 38 0.189
625 74 8 9 0.178
695 117 8 9 0.140
902 214 23 52 0.114
624 76 7 9 0.104
642 75 7 7 0.096
690 199 21 23 0.082
681 172 15 20 0.067
978 204 21 30 0.060
676 78 8 9 0.058
671 127 12 14 0.049
684 173 18 29 0.048
672 205 15 17 0.042
569 218 19 26 0.036
991 259 20 29 0.036
835 333 22 35 0.034
681 108 10 10 0.031
680 109 17 12 0.026
673 73 8 10 0.026
565 273 13 17 0.026
