5_Car_Accident_Accident_5_234
163
658 487 22 26 0.776
422 508 18 21 0.728
431 588 22 30 0.694
452 337 15 19 0.627
810 316 14 17 0.595
801 257 12 14 0.587
866 351 16 19 0.571
354 466 16 18 0.528
886 288 12 15 0.527
420 400 18 20 0.520
792 352 14 19 0.514
473 330 13 17 0.511
786 297 12 14 0.497
270 557 17 24 0.495
808 234 11 12 0.468
773 137 7 8 0.389
425 430 15 20 0.351
336 350 13 17 0.329
323 433 16 20 0.304
875 258 13 14 0.287
450 186 7 9 0.280
776 232 11 12 0.261
273 552 16 21 0.250
309 477 17 21 0.245
12 569 21 24 0.233
270 389 18 21 0.224
197 481 16 21 0.216
727 121 6 8 0.212
484 168 7 8 0.208
772 171 8 9 0.207
653 634 20 20 0.203
253 482 18 23 0.200
349 428 14 17 0.189
776 194 8 10 0.186
346 330 10 14 0.185
782 206 9 11 0.179
721 355 14 17 0.179
562 146 7 8 0.178
810 280 11 12 0.172
498 170 7 8 0.168
140 541 22 24 0.166
584 538 16 20 0.163
450 170 7 7 0.155
674 114 8 10 0.152
81 447 19 21 0.148
431 169 7 9 0.147
641 126 8 9 0.134
146 269 7 8 0.126
777 278 13 14 0.119
266 485 15 24 0.118
812 76 8 10 0.116
767 169 8 9 0.107
184 426 17 19 0.104
431 170 13 8 0.102
753 210 9 11 0.101
749 123 8 7 0.101
800 164 7 9 0.095
852 544 16 25 0.095
755 329 13 16 0.094
726 123 6 7 0.094
752 123 7 7 0.088
357 361 16 20 0.088
582 124 7 9 0.086
334 313 12 13 0.085
579 157 7 8 0.084
501 164 7 9 0.081
647 636 19 20 0.080
793 104 8 9 0.077
342 336 13 19 0.075
415 315 12 14 0.074
788 138 7 10 0.074
381 320 10 15 0.073
452 185 7 9 0.070
659 623 20 26 0.070
869 256 10 13 0.070
802 651 25 26 0.069
18 571 24 24 0.069
328 408 12 15 0.068
179 424 17 20 0.068
520 157 8 8 0.064
617 125 8 10 0.063
554 169 7 9 0.062
412 347 12 16 0.060
485 169 12 9 0.059
426 171 10 10 0.059
854 188 10 14 0.057
487 166 8 9 0.056
628 112 7 7 0.056
807 644 21 28 0.055
428 400 14 17 0.054
453 168 7 8 0.053
551 166 11 11 0.053
518 185 8 9 0.050
869 91 9 9 0.049
983 681 31 29 0.048
672 112 8 10 0.048
430 423 14 22 0.048
784 662 30 23 0.047
602 162 9 9 0.047
582 532 26 24 0.047
785 82 8 8 0.046
170 425 24 23 0.045
542 144 9 9 0.044
324 324 11 14 0.044
356 374 17 22 0.044
486 191 8 10 0.043
695 114 7 7 0.040
245 480 19 23 0.040
574 526 19 25 0.039
753 118 7 20 0.039
147 533 21 27 0.039
810 237 14 12 0.039
611 163 7 10 0.038
778 658 24 25 0.037
784 204 16 12 0.037
913 97 7 9 0.036
482 346 14 18 0.035
809 154 8 14 0.035
791 130 9 12 0.035
479 167 29 9 0.033
604 572 14 19 0.033
677 118 8 9 0.033
554 135 7 9 0.032
588 120 7 16 0.032
348 417 18 27 0.031
786 255 25 31 0.030
842 484 16 19 0.030
395 348 12 14 0.029
544 158 13 13 0.029
613 162 8 8 0.029
866 289 10 13 0.028
166 423 19 22 0.028
261 449 19 20 0.028
817 259 12 17 0.027
211 402 13 17 0.027
600 163 8 11 0.027
853 90 8 8 0.027
692 470 18 16 0.027
124 269 8 9 0.026
629 108 8 23 0.026
795 189 12 20 0.026
640 545 18 22 0.024
671 113 9 19 0.024
275 396 16 19 0.024
855 195 9 14 0.024
583 121 16 18 0.024
778 201 12 16 0.024
598 524 19 21 0.024
881 98 8 10 0.024
777 104 7 9 0.024
336 310 11 13 0.024
801 530 20 27 0.023
745 140 7 10 0.023
777 649 20 24 0.022
275 387 18 21 0.022
265 390 15 19 0.022
361 358 14 17 0.022
661 617 18 23 0.021
598 162 20 9 0.021
869 94 16 10 0.021
694 113 9 9 0.020
44 545 21 26 0.020
541 143 11 29 0.020
