5_Car_Accident_Accident_5_77
71
930 47 37 47 0.807
758 34 26 31 0.803
377 61 23 30 0.802
185 76 22 26 0.796
628 59 24 34 0.794
231 69 21 26 0.793
290 77 22 28 0.792
574 67 25 32 0.788
887 58 26 34 0.784
812 55 25 30 0.777
490 67 21 28 0.764
113 88 21 25 0.761
540 78 20 25 0.760
654 61 22 28 0.756
718 65 23 30 0.738
520 37 15 20 0.726
446 84 23 26 0.725
589 44 20 25 0.720
692 70 23 29 0.678
796 56 17 22 0.674
981 48 19 24 0.668
711 7 13 16 0.633
737 52 14 19 0.626
794 22 12 15 0.607
441 53 21 26 0.596
873 58 13 15 0.573
739 25 11 13 0.551
0 108 9 23 0.514
32 8 13 17 0.497
392 0 12 11 0.437
679 27 12 13 0.396
2 0 12 14 0.300
883 49 11 15 0.264
473 0 13 13 0.254
21 27 14 17 0.196
83 59 21 42 0.191
479 40 17 19 0.150
915 52 16 28 0.143
324 0 13 11 0.140
618 1 10 10 0.128
675 68 45 27 0.128
206 1 14 14 0.112
958 46 23 34 0.110
329 76 11 20 0.089
161 0 14 12 0.082
996 66 12 15 0.075
768 21 11 12 0.072
908 60 20 28 0.058
917 49 26 33 0.055
637 26 13 18 0.055
963 44 19 25 0.053
621 0 11 9 0.044
750 65 15 20 0.043
683 3 10 9 0.039
987 57 18 23 0.038
827 32 11 15 0.037
473 37 17 19 0.033
883 44 19 24 0.029
389 0 13 15 0.028
325 75 13 16 0.026
615 2 9 10 0.024
2 106 12 24 0.023
669 27 12 13 0.023
870 53 20 25 0.022
729 67 35 24 0.021
477 45 13 17 0.021
19 25 12 16 0.021
790 25 13 17 0.021
994 283 29 30 0.021
888 42 18 18 0.021
23 29 17 21 0.021
