61_Street_Battle_streetfight_61_432
71
638 517 33 42 0.852
500 504 32 39 0.843
144 298 32 45 0.830
806 418 29 39 0.828
417 531 31 41 0.827
147 233 40 48 0.825
179 149 27 35 0.825
646 319 26 33 0.812
100 152 30 37 0.805
740 322 26 35 0.802
711 397 31 40 0.801
967 375 26 31 0.799
794 286 19 24 0.797
586 217 19 25 0.785
548 235 24 31 0.780
633 215 18 24 0.777
623 271 22 29 0.769
847 323 23 28 0.760
887 324 23 26 0.754
500 296 29 37 0.752
762 247 15 20 0.747
653 202 15 20 0.738
833 288 17 21 0.737
264 173 17 22 0.727
846 272 16 21 0.706
901 282 15 20 0.704
795 261 15 19 0.694
522 207 20 26 0.670
212 210 31 41 0.653
319 149 21 31 0.631
824 268 14 18 0.627
855 398 24 31 0.568
507 181 18 27 0.497
933 267 11 15 0.450
944 329 23 27 0.310
453 188 24 34 0.286
415 165 29 49 0.245
755 250 44 19 0.147
266 210 31 39 0.122
230 196 26 35 0.117
832 345 15 21 0.103
452 179 21 31 0.092
271 220 30 37 0.070
966 276 10 13 0.065
823 264 35 45 0.063
279 195 17 21 0.057
733 264 13 20 0.056
640 241 16 22 0.056
916 395 25 31 0.049
611 243 18 23 0.047
991 382 15 27 0.041
826 316 15 20 0.040
276 239 25 29 0.039
615 234 23 35 0.038
274 194 25 33 0.038
947 375 20 29 0.036
470 163 16 21 0.035
268 184 29 34 0.033
832 323 20 44 0.033
970 297 12 21 0.032
730 233 14 20 0.029
1016 280 8 18 0.027
297 211 27 31 0.026
324 178 20 25 0.026
941 324 21 25 0.026
986 315 16 22 0.026
139 152 21 29 0.025
728 231 16 36 0.023
937 374 25 31 0.022
324 164 23 35 0.022
463 181 22 30 0.020
