6_Funeral_Funeral_6_618
36
544 2027 218 209 0.764
733 468 130 157 0.762
531 1189 100 119 0.666
920 4313 104 150 0.458
227 2484 91 99 0.428
640 3343 144 168 0.391
265 503 45 57 0.195
356 489 47 60 0.181
378 518 41 51 0.176
155 521 45 55 0.172
359 481 39 45 0.168
267 484 45 52 0.158
723 2492 111 120 0.140
59 510 46 57 0.134
51 2454 89 107 0.115
211 4367 87 114 0.113
341 477 46 51 0.091
129 517 58 56 0.083
402 3360 113 106 0.068
356 3364 192 162 0.053
165 4402 87 101 0.052
401 518 40 48 0.044
255 482 162 68 0.037
399 547 47 73 0.036
569 487 78 83 0.032
348 511 68 55 0.032
595 504 57 70 0.031
184 2464 78 93 0.030
251 486 70 79 0.029
31 4391 86 91 0.026
405 4358 88 114 0.025
438 1165 62 66 0.024
405 584 48 60 0.023
318 3423 211 163 0.022
59 479 43 56 0.021
846 569 96 120 0.021
