6_Funeral_Funeral_6_160
28
898 97 61 82 0.830
361 305 47 58 0.821
198 180 66 85 0.817
873 251 65 88 0.807
611 374 40 49 0.802
24 225 61 103 0.795
783 207 52 74 0.782
154 220 63 92 0.777
751 171 47 71 0.763
832 126 54 67 0.748
863 207 54 76 0.740
359 219 35 45 0.715
719 158 41 52 0.712
0 132 50 135 0.673
41 81 53 94 0.663
266 204 52 67 0.649
83 193 43 64 0.506
287 189 43 62 0.452
993 106 31 80 0.324
1003 73 21 76 0.317
131 186 45 63 0.068
299 185 36 52 0.067
730 180 48 68 0.050
136 179 34 39 0.046
723 194 35 60 0.041
1002 172 22 67 0.036
132 196 58 71 0.023
88 190 64 75 0.022
