6_Funeral_Funeral_6_77
109
85 354 20 22 0.740
584 361 22 24 0.738
608 352 21 22 0.670
333 338 24 26 0.669
550 360 16 18 0.648
361 352 21 23 0.597
797 374 12 14 0.586
854 360 11 14 0.571
917 356 11 13 0.559
181 366 16 20 0.545
944 504 19 25 0.537
112 365 19 21 0.527
427 361 19 21 0.499
219 365 18 19 0.464
444 352 15 19 0.456
37 369 19 22 0.447
924 496 18 23 0.447
635 370 16 19 0.409
914 466 14 17 0.405
282 375 17 19 0.403
987 429 13 15 0.380
493 351 16 18 0.366
9 373 17 18 0.339
973 519 19 24 0.319
475 373 16 18 0.303
1004 562 19 30 0.300
695 381 19 22 0.299
828 371 11 13 0.273
929 496 21 28 0.272
910 436 13 16 0.250
768 359 13 14 0.233
665 372 14 18 0.195
667 364 15 22 0.183
495 353 20 21 0.170
719 365 16 19 0.170
819 371 14 13 0.168
669 362 13 14 0.168
303 368 16 20 0.120
690 371 14 19 0.116
814 371 12 13 0.107
741 372 16 16 0.106
144 366 18 19 0.096
729 371 19 16 0.096
248 374 18 20 0.092
907 506 19 27 0.089
531 375 15 16 0.087
747 374 14 14 0.085
914 433 12 65 0.083
898 432 11 13 0.083
772 362 12 14 0.077
981 394 9 10 0.077
434 352 26 25 0.076
504 363 18 21 0.071
109 370 21 26 0.067
947 380 11 12 0.066
130 364 24 20 0.061
36 360 19 21 0.060
61 361 19 21 0.060
251 371 18 19 0.059
1003 567 21 39 0.058
449 354 14 17 0.056
926 540 17 19 0.055
662 363 30 28 0.055
403 350 14 18 0.054
978 519 23 28 0.054
483 363 17 21 0.053
893 444 11 12 0.053
199 353 13 16 0.050
900 430 10 11 0.048
190 347 11 12 0.048
202 364 18 17 0.047
253 365 15 18 0.045
0 394 8 18 0.044
941 444 9 10 0.042
244 380 17 17 0.041
17 372 24 22 0.039
35 375 21 24 0.036
178 344 19 14 0.035
172 344 14 16 0.035
952 381 10 12 0.034
641 368 15 18 0.032
901 511 22 25 0.032
59 368 20 23 0.030
252 379 19 19 0.030
188 347 22 14 0.030
1005 453 12 15 0.030
404 362 16 19 0.028
749 367 22 19 0.028
796 370 15 14 0.027
177 343 20 33 0.027
989 537 25 27 0.027
480 372 16 20 0.026
499 362 44 27 0.025
201 349 10 12 0.024
541 352 15 20 0.023
500 355 21 20 0.023
979 535 26 29 0.023
953 509 20 23 0.022
636 377 17 19 0.022
126 346 16 28 0.022
689 365 18 19 0.022
738 365 45 15 0.022
917 496 15 22 0.021
217 371 19 21 0.021
402 349 12 14 0.020
629 372 18 21 0.020
893 359 10 13 0.020
310 365 17 20 0.020
711 363 15 19 0.020
