6_Funeral_Funeral_6_177
235
783 156 36 42 0.832
876 155 31 37 0.787
549 214 35 55 0.776
447 258 28 40 0.757
900 192 33 40 0.740
688 170 28 39 0.737
491 259 29 36 0.730
629 183 32 42 0.725
537 256 27 39 0.700
915 152 29 40 0.696
419 257 30 45 0.690
263 177 35 59 0.688
227 229 28 46 0.667
965 160 25 33 0.665
412 174 12 15 0.550
451 186 11 15 0.464
516 191 14 18 0.463
358 188 12 14 0.461
44 610 8 11 0.432
55 549 10 11 0.432
117 655 11 13 0.379
68 607 10 12 0.378
144 654 10 13 0.367
126 467 9 10 0.364
156 578 9 12 0.363
114 533 9 10 0.357
30 552 9 11 0.353
40 488 9 11 0.349
128 589 9 11 0.344
170 517 9 11 0.338
56 422 10 11 0.323
153 462 8 9 0.312
68 482 10 11 0.311
98 597 10 12 0.309
183 576 10 11 0.300
25 612 8 9 0.299
5 199 14 18 0.291
114 406 9 11 0.282
30 504 9 11 0.281
143 525 9 11 0.279
37 627 8 10 0.256
397 192 13 17 0.252
275 657 11 13 0.247
208 571 8 10 0.224
766 195 21 24 0.223
137 400 8 11 0.222
438 235 18 23 0.222
168 469 10 11 0.212
284 602 9 10 0.210
272 412 8 9 0.209
17 626 8 10 0.208
73 556 10 13 0.202
87 615 10 12 0.197
195 512 8 10 0.197
152 411 9 11 0.196
172 652 9 12 0.195
184 528 9 11 0.194
19 553 7 9 0.193
254 441 9 11 0.189
87 416 9 11 0.188
87 541 10 12 0.178
237 183 14 15 0.176
101 359 8 9 0.172
289 422 9 11 0.165
501 189 14 17 0.162
173 455 8 9 0.149
103 491 9 11 0.145
144 594 9 12 0.143
96 474 11 12 0.141
269 613 9 11 0.141
19 490 9 11 0.136
1 581 8 12 0.133
312 482 10 12 0.133
102 550 9 10 0.131
90 557 9 11 0.130
145 477 9 11 0.129
116 349 7 9 0.127
158 398 8 9 0.121
59 623 9 12 0.120
173 592 9 11 0.120
54 499 10 12 0.119
130 416 9 11 0.115
157 533 9 12 0.112
82 541 16 13 0.110
268 539 8 9 0.110
129 538 10 12 0.108
167 197 13 15 0.107
1001 195 23 39 0.106
380 187 11 16 0.105
276 552 9 10 0.104
44 565 9 11 0.103
19 549 6 21 0.102
18 568 8 10 0.102
396 192 20 24 0.100
759 194 19 20 0.097
16 618 9 21 0.096
61 566 9 13 0.093
1014 163 10 27 0.092
82 541 10 12 0.092
316 424 10 11 0.085
173 536 8 10 0.084
261 597 8 10 0.083
555 182 10 15 0.082
273 491 8 11 0.081
159 665 10 13 0.081
155 191 22 21 0.077
298 497 9 10 0.076
521 229 18 27 0.075
317 540 9 12 0.074
115 472 8 11 0.074
142 469 10 17 0.074
87 603 11 25 0.073
432 237 24 35 0.073
198 589 9 11 0.072
342 425 9 10 0.070
44 437 8 12 0.069
405 192 19 24 0.068
133 488 8 10 0.068
599 182 17 17 0.067
188 515 10 11 0.067
267 459 9 10 0.067
79 604 11 13 0.065
146 413 18 12 0.063
406 199 18 26 0.063
139 655 31 11 0.063
95 491 15 11 0.062
14 231 15 21 0.061
97 474 16 11 0.059
88 476 19 14 0.058
3 586 8 11 0.058
131 361 9 10 0.057
205 658 10 10 0.056
622 190 19 26 0.056
46 520 8 10 0.056
98 473 12 21 0.055
165 519 29 13 0.054
0 638 7 10 0.054
274 408 9 11 0.054
57 621 16 16 0.054
100 594 10 12 0.053
258 598 16 10 0.051
134 654 23 14 0.049
192 653 8 11 0.048
116 604 10 13 0.048
60 440 10 11 0.047
142 525 24 11 0.047
0 504 6 11 0.047
62 625 11 12 0.046
197 582 12 14 0.046
126 419 11 11 0.046
231 424 10 12 0.045
440 236 23 42 0.045
324 497 9 10 0.044
286 480 9 11 0.044
499 178 16 17 0.043
149 185 24 24 0.042
142 599 12 11 0.042
115 591 11 22 0.041
820 139 25 35 0.041
258 182 26 44 0.041
269 536 10 22 0.041
22 609 19 25 0.041
36 487 12 12 0.040
412 193 12 17 0.040
292 541 8 10 0.040
113 404 9 10 0.039
250 457 10 11 0.038
329 439 10 9 0.038
47 567 23 13 0.038
605 175 21 28 0.038
98 356 19 10 0.037
329 601 8 9 0.037
111 227 10 15 0.037
209 660 10 12 0.036
79 491 16 15 0.036
129 471 10 24 0.036
149 346 7 9 0.036
74 499 8 16 0.035
52 440 18 11 0.034
119 425 9 11 0.034
287 440 9 11 0.034
448 185 11 14 0.033
186 666 8 11 0.032
373 166 12 13 0.032
335 484 9 9 0.032
79 479 11 13 0.032
167 202 12 15 0.032
134 491 8 11 0.031
45 548 23 14 0.030
1 523 9 11 0.030
835 181 23 28 0.030
143 582 12 10 0.030
100 423 11 12 0.029
277 548 11 17 0.029
83 414 10 11 0.028
21 194 11 15 0.028
153 531 29 16 0.028
102 219 20 34 0.028
293 616 8 10 0.027
172 653 19 16 0.027
63 576 8 12 0.027
157 659 13 15 0.026
453 193 12 14 0.026
612 169 18 25 0.026
738 175 15 24 0.026
133 542 23 11 0.026
495 184 17 19 0.026
156 517 7 11 0.025
103 615 10 11 0.025
302 438 10 11 0.025
125 464 12 17 0.025
254 459 9 10 0.024
130 666 10 11 0.024
138 579 25 25 0.024
548 229 26 46 0.024
816 136 24 28 0.023
325 491 8 20 0.023
189 652 19 13 0.023
9 610 12 12 0.023
0 495 8 20 0.023
352 167 9 13 0.022
176 454 8 10 0.022
206 663 11 12 0.022
26 627 17 10 0.022
176 535 9 18 0.021
41 216 29 45 0.021
125 585 17 19 0.021
378 267 16 23 0.021
60 501 23 12 0.021
253 439 12 15 0.021
51 422 9 11 0.021
731 162 20 33 0.021
87 661 16 12 0.020
1 196 14 17 0.020
538 198 14 20 0.020
