6_Funeral_Funeral_6_696
46
459 170 63 82 0.869
561 62 64 95 0.852
677 116 63 84 0.836
896 131 45 59 0.832
557 206 55 87 0.831
159 190 34 46 0.823
405 86 61 63 0.807
330 177 27 35 0.799
60 195 26 33 0.796
266 152 27 32 0.793
969 168 52 64 0.792
118 185 29 38 0.791
5 174 27 32 0.784
816 144 50 70 0.783
22 199 25 34 0.765
93 182 26 36 0.756
364 174 22 30 0.754
91 154 21 27 0.745
220 170 21 31 0.734
390 149 24 35 0.668
23 161 21 24 0.648
294 163 18 25 0.623
59 173 22 28 0.612
170 161 21 24 0.489
956 155 28 39 0.481
805 161 18 23 0.453
551 144 10 17 0.420
784 156 12 14 0.377
551 148 15 25 0.319
520 162 15 20 0.301
804 151 29 47 0.273
348 159 13 15 0.254
537 171 17 21 0.174
791 160 15 19 0.160
220 160 17 24 0.141
90 158 25 54 0.134
540 165 21 24 0.119
547 140 15 54 0.085
1012 122 12 30 0.059
517 161 25 28 0.048
340 166 24 35 0.042
367 167 15 22 0.041
295 49 7 9 0.038
284 161 23 29 0.035
157 169 20 26 0.022
1007 123 17 40 0.021
