7_Cheering_Cheering_7_386
95
212 545 45 53 0.793
767 437 31 37 0.771
764 291 32 41 0.763
63 506 50 71 0.660
286 399 16 20 0.645
787 481 39 62 0.600
804 518 41 64 0.584
302 430 27 30 0.498
222 427 16 20 0.457
243 375 17 20 0.409
462 436 22 28 0.370
355 429 19 25 0.363
392 400 16 20 0.342
156 351 18 20 0.287
792 492 47 72 0.271
132 366 23 30 0.264
306 405 17 21 0.262
416 440 19 25 0.249
333 455 22 27 0.246
327 394 16 20 0.241
714 538 33 50 0.232
990 485 34 66 0.222
53 442 33 42 0.201
400 522 41 50 0.198
411 400 14 18 0.196
174 433 28 35 0.190
880 385 38 44 0.184
659 444 30 34 0.177
255 428 20 22 0.172
434 422 17 25 0.153
358 456 22 26 0.122
260 375 17 19 0.120
553 462 60 63 0.120
563 415 22 26 0.113
869 378 40 46 0.113
363 383 16 20 0.104
939 397 29 36 0.101
219 453 31 37 0.101
388 402 45 20 0.098
396 434 19 22 0.097
952 482 35 39 0.093
534 515 124 155 0.092
393 375 13 15 0.091
71 384 19 23 0.087
473 387 14 18 0.081
0 397 21 42 0.080
305 396 21 74 0.079
252 425 37 22 0.078
187 397 16 19 0.073
380 550 44 70 0.073
386 400 18 20 0.068
444 390 15 19 0.066
366 356 13 15 0.065
60 396 33 47 0.062
394 455 25 28 0.060
46 527 55 72 0.057
154 471 28 33 0.057
530 410 19 26 0.056
21 382 24 32 0.054
437 418 16 22 0.053
253 373 18 19 0.052
210 373 18 24 0.050
410 405 15 20 0.048
63 382 28 35 0.045
248 465 35 40 0.042
4 386 34 42 0.041
243 428 22 22 0.038
563 476 69 76 0.037
232 459 31 36 0.036
431 418 17 22 0.032
127 359 23 31 0.031
479 381 15 19 0.031
2 468 41 55 0.031
127 344 21 26 0.030
370 405 24 19 0.029
58 541 53 71 0.027
388 572 32 52 0.026
183 384 13 18 0.026
555 362 20 27 0.026
950 395 29 33 0.026
134 357 21 24 0.025
935 471 33 40 0.025
537 394 17 31 0.025
985 502 37 70 0.025
540 389 15 20 0.024
1014 395 10 40 0.024
297 609 42 60 0.024
393 533 45 61 0.023
48 397 27 35 0.022
867 369 35 43 0.022
679 399 28 36 0.022
182 394 22 30 0.021
316 394 27 25 0.021
563 402 29 37 0.021
48 385 22 32 0.021
