7_Cheering_Cheering_7_413
37
927 383 57 67 0.884
729 452 85 104 0.874
484 429 60 87 0.850
618 368 38 50 0.833
340 411 47 64 0.830
843 378 37 43 0.818
427 363 31 38 0.816
749 384 48 60 0.805
545 348 29 39 0.789
167 336 22 29 0.772
46 384 34 40 0.770
321 349 20 24 0.769
734 361 30 36 0.767
156 382 32 50 0.758
68 330 22 26 0.754
271 341 26 34 0.728
39 334 21 27 0.722
383 339 16 20 0.720
249 334 14 18 0.695
1007 371 17 44 0.691
202 331 13 18 0.688
351 284 13 16 0.573
343 334 17 21 0.570
2 339 14 23 0.412
10 343 21 27 0.405
493 393 29 37 0.391
47 331 46 27 0.165
204 360 16 20 0.071
334 338 21 28 0.059
316 336 12 15 0.046
676 394 31 36 0.046
995 369 27 53 0.034
672 196 8 9 0.032
6 335 15 19 0.026
313 339 16 20 0.024
152 367 21 40 0.022
151 364 16 27 0.020
