7_Cheering_Cheering_7_118
69
293 221 101 126 0.886
874 287 112 153 0.886
566 234 99 139 0.883
779 215 100 143 0.855
415 229 103 131 0.841
27 283 103 127 0.840
238 159 20 24 0.549
924 94 23 28 0.502
107 210 18 24 0.439
957 29 22 28 0.419
1009 106 15 26 0.411
852 119 22 27 0.401
1008 172 16 26 0.376
936 177 24 32 0.369
1000 211 20 27 0.358
984 137 19 23 0.355
425 156 22 31 0.324
383 162 20 29 0.306
824 142 24 32 0.286
177 146 17 20 0.279
14 226 38 42 0.259
284 147 18 23 0.250
185 205 21 29 0.238
208 202 18 23 0.209
980 163 22 29 0.203
152 204 20 27 0.174
383 113 19 23 0.162
29 232 32 39 0.150
223 341 35 46 0.149
764 158 20 27 0.146
883 162 25 30 0.146
411 91 21 29 0.142
904 48 21 23 0.140
876 187 26 34 0.138
47 184 19 24 0.124
790 140 19 24 0.105
191 202 38 25 0.104
154 311 33 44 0.104
830 127 41 32 0.096
584 198 36 44 0.096
754 184 22 29 0.091
5 227 33 38 0.082
162 188 25 26 0.080
327 103 19 24 0.078
388 43 17 21 0.072
932 123 23 29 0.064
853 74 26 31 0.054
48 180 17 20 0.053
324 199 21 24 0.050
290 62 22 26 0.047
399 101 32 28 0.042
817 182 23 27 0.040
1 236 18 41 0.037
153 196 19 27 0.036
576 91 21 24 0.035
599 36 14 19 0.035
334 130 22 31 0.034
0 292 17 43 0.034
1004 84 17 22 0.032
438 109 19 27 0.032
45 211 25 49 0.030
529 161 20 26 0.028
938 166 22 27 0.025
319 145 19 25 0.024
839 3 24 25 0.023
0 243 13 44 0.023
49 218 23 29 0.023
269 318 28 35 0.022
1014 24 10 25 0.021
