7_Cheering_Cheering_7_462
28
550 127 67 101 0.844
823 366 31 42 0.769
66 552 32 49 0.734
0 544 18 41 0.717
362 594 35 64 0.702
275 361 37 41 0.700
718 335 25 44 0.668
200 367 28 35 0.591
891 502 22 37 0.530
384 375 23 33 0.506
60 421 26 33 0.385
12 422 19 22 0.239
145 377 27 31 0.102
937 318 29 40 0.075
49 460 20 26 0.074
95 417 23 28 0.066
823 325 15 19 0.061
0 470 7 24 0.048
424 393 20 26 0.045
27 427 19 23 0.037
185 396 24 32 0.036
926 369 27 40 0.035
1011 282 13 27 0.028
0 394 11 22 0.026
267 361 30 39 0.026
9 411 19 29 0.024
947 242 9 11 0.023
211 430 32 42 0.021
