7_Cheering_Cheering_7_29
539
890 215 14 18 0.715
909 126 14 18 0.698
812 367 14 17 0.697
619 177 14 18 0.692
961 299 14 17 0.684
899 350 14 18 0.683
976 335 14 19 0.673
571 218 15 18 0.663
593 123 13 17 0.657
443 169 15 18 0.653
164 144 12 14 0.653
205 92 12 15 0.644
727 164 14 17 0.643
606 237 15 19 0.641
438 127 12 16 0.640
411 199 13 16 0.636
245 43 11 14 0.636
532 137 12 14 0.632
403 293 14 16 0.630
271 106 12 15 0.627
936 115 13 16 0.627
994 222 14 17 0.621
515 278 15 18 0.617
358 243 13 16 0.615
254 228 14 17 0.615
880 247 14 16 0.615
213 239 12 16 0.612
464 358 17 19 0.607
713 293 15 17 0.605
680 175 14 16 0.604
678 116 13 15 0.600
157 266 14 16 0.597
195 270 12 16 0.592
111 128 13 14 0.591
765 266 15 16 0.590
341 128 12 15 0.584
590 95 14 16 0.580
369 295 14 16 0.579
476 332 16 18 0.579
780 106 12 15 0.576
126 266 14 16 0.569
324 273 14 17 0.559
480 304 15 17 0.555
40 168 12 15 0.552
613 418 15 19 0.551
759 127 13 17 0.546
973 92 12 15 0.544
100 211 13 17 0.543
68 278 14 17 0.542
703 316 16 18 0.540
998 185 13 15 0.539
311 108 11 14 0.536
611 358 14 18 0.535
1002 333 14 17 0.533
632 367 13 16 0.532
73 89 10 12 0.527
381 113 13 16 0.525
790 211 13 16 0.523
721 117 14 16 0.522
803 100 10 14 0.519
653 464 17 19 0.518
937 294 14 16 0.514
707 98 13 19 0.511
556 86 12 14 0.510
247 105 10 12 0.506
679 139 13 17 0.495
738 104 10 14 0.494
664 53 12 14 0.490
605 82 12 14 0.490
249 286 13 17 0.489
224 140 12 14 0.489
921 93 11 13 0.489
92 293 14 15 0.488
825 232 14 17 0.486
217 69 11 13 0.486
839 341 15 16 0.482
21 153 15 18 0.480
153 113 11 12 0.475
625 115 12 16 0.475
803 276 15 20 0.470
339 168 13 15 0.470
173 109 13 17 0.465
193 120 11 14 0.464
431 440 15 17 0.464
363 359 14 18 0.462
977 192 13 15 0.458
171 74 12 14 0.450
305 207 13 15 0.438
822 268 13 15 0.435
390 200 12 14 0.430
980 121 12 15 0.419
348 432 15 17 0.413
822 96 12 14 0.398
413 353 13 16 0.394
351 337 13 16 0.391
216 117 11 13 0.390
308 86 12 14 0.374
928 222 14 18 0.368
168 374 14 17 0.368
557 184 15 16 0.367
950 252 14 18 0.364
1 113 11 13 0.360
843 96 11 14 0.358
97 309 14 16 0.352
77 74 9 11 0.344
40 353 14 17 0.339
835 115 12 16 0.329
45 308 14 19 0.328
884 112 12 15 0.327
581 120 11 14 0.326
778 454 15 16 0.322
927 382 11 16 0.319
509 174 12 16 0.318
353 398 15 18 0.314
65 333 14 13 0.311
561 158 13 16 0.310
2 341 14 18 0.307
773 311 15 19 0.300
281 253 13 15 0.299
101 369 14 15 0.296
331 57 13 17 0.289
299 326 15 18 0.287
840 317 15 17 0.284
35 263 12 15 0.284
726 360 12 16 0.279
687 272 13 15 0.270
17 295 12 15 0.269
278 131 13 16 0.269
769 493 21 18 0.269
887 92 13 15 0.269
158 27 10 13 0.262
826 295 13 15 0.262
402 326 16 17 0.255
74 126 12 18 0.250
907 99 11 13 0.243
614 446 14 18 0.232
477 169 13 14 0.229
463 387 15 19 0.226
785 87 11 13 0.225
757 100 13 15 0.219
468 345 15 33 0.219
489 183 13 16 0.217
738 137 14 18 0.207
632 422 16 18 0.207
963 118 11 14 0.204
646 140 11 14 0.204
169 116 10 14 0.202
694 59 12 16 0.199
1006 85 12 17 0.197
488 276 14 18 0.195
94 299 14 18 0.195
988 96 12 15 0.195
347 206 13 17 0.181
508 82 14 15 0.181
422 304 11 15 0.180
277 86 12 15 0.179
855 211 16 16 0.179
49 381 14 17 0.174
695 159 13 16 0.174
1006 493 16 15 0.173
905 81 10 12 0.173
118 404 15 18 0.171
408 294 16 18 0.171
413 406 14 18 0.168
589 90 14 30 0.167
308 263 11 15 0.166
812 471 15 18 0.166
863 213 13 15 0.166
59 80 9 11 0.164
372 329 15 16 0.162
487 203 13 15 0.162
546 352 16 18 0.162
192 149 11 14 0.159
983 95 15 16 0.158
111 98 11 14 0.157
973 119 13 17 0.156
195 401 11 15 0.156
191 42 7 12 0.156
607 211 11 15 0.153
504 80 13 15 0.152
478 297 15 48 0.150
63 360 11 13 0.150
531 225 15 19 0.150
759 114 14 37 0.149
364 121 12 15 0.149
256 148 13 16 0.149
462 470 13 15 0.146
289 50 10 13 0.145
19 124 10 12 0.144
505 176 15 17 0.144
237 100 12 15 0.143
940 467 16 18 0.142
689 292 15 19 0.139
139 111 10 13 0.139
688 282 15 24 0.139
882 368 15 18 0.138
884 104 13 27 0.136
536 103 14 16 0.134
649 51 13 15 0.133
459 97 15 16 0.133
668 132 12 15 0.132
528 357 13 16 0.131
519 84 13 15 0.130
376 338 14 19 0.129
7 55 9 10 0.129
521 107 12 16 0.127
1008 136 12 15 0.127
530 138 20 18 0.125
613 421 35 17 0.125
209 467 11 13 0.124
290 211 12 15 0.123
510 82 21 15 0.119
863 99 12 13 0.117
760 109 12 20 0.115
787 124 12 14 0.114
405 282 15 42 0.113
452 207 13 17 0.113
662 74 12 15 0.110
485 287 21 32 0.110
777 461 18 20 0.109
403 112 13 15 0.109
1007 91 15 17 0.109
220 67 10 12 0.108
184 78 11 14 0.107
737 104 27 15 0.107
572 409 14 17 0.106
625 139 16 16 0.101
416 427 16 19 0.100
318 255 12 15 0.100
665 147 14 17 0.099
673 72 12 14 0.097
133 85 11 13 0.094
0 197 8 20 0.093
153 321 14 17 0.093
390 366 12 14 0.092
360 108 13 22 0.092
92 310 14 15 0.092
666 134 17 24 0.091
910 93 20 17 0.091
769 98 11 15 0.090
574 413 18 18 0.090
948 94 12 15 0.090
411 411 16 20 0.090
38 81 10 12 0.089
706 88 15 43 0.089
380 180 13 17 0.089
724 365 16 19 0.088
356 103 13 16 0.087
68 76 18 14 0.087
634 427 17 21 0.086
694 66 12 18 0.085
552 83 16 24 0.085
487 194 15 25 0.085
235 98 10 14 0.083
204 239 18 17 0.082
261 425 15 18 0.082
819 99 31 13 0.082
1005 200 15 15 0.080
409 90 12 15 0.080
368 418 13 15 0.080
828 212 15 17 0.080
629 88 12 14 0.079
858 125 12 13 0.079
226 399 14 16 0.079
75 401 13 16 0.078
70 91 11 13 0.078
613 207 15 18 0.077
910 107 11 29 0.077
843 442 15 20 0.076
495 211 13 15 0.076
652 52 15 15 0.075
528 220 15 17 0.075
497 213 17 14 0.075
446 82 13 15 0.074
351 88 14 15 0.074
892 295 14 19 0.073
354 85 14 16 0.072
623 135 12 16 0.072
679 96 12 73 0.071
384 131 13 16 0.071
920 92 22 14 0.071
582 97 15 16 0.070
227 471 11 16 0.069
720 145 11 15 0.069
164 324 13 17 0.068
389 154 13 17 0.068
51 144 13 15 0.067
768 321 17 21 0.067
177 73 13 13 0.067
925 230 13 17 0.066
657 103 14 16 0.065
402 338 14 16 0.065
80 311 13 14 0.064
456 115 12 16 0.064
368 301 14 15 0.063
835 89 18 56 0.063
707 92 13 15 0.063
550 224 13 17 0.062
534 231 13 17 0.062
483 294 15 27 0.062
235 418 13 16 0.061
99 316 16 23 0.061
447 80 13 26 0.060
742 38 8 10 0.060
762 118 19 20 0.060
294 206 15 17 0.059
62 278 14 18 0.059
1001 261 14 19 0.059
313 270 13 17 0.059
608 99 12 17 0.058
46 140 12 15 0.058
461 401 16 18 0.057
452 300 12 18 0.057
12 94 14 15 0.055
124 99 13 16 0.054
157 93 10 13 0.053
0 315 8 17 0.053
371 107 12 16 0.053
192 240 12 15 0.053
107 369 17 17 0.052
44 347 14 17 0.052
54 79 12 20 0.052
739 324 12 19 0.051
659 357 17 20 0.051
102 329 13 15 0.051
665 60 16 34 0.051
419 302 20 22 0.050
443 327 17 19 0.050
434 197 10 14 0.050
859 92 17 15 0.049
125 374 13 16 0.049
353 314 12 14 0.049
37 94 14 14 0.048
691 397 16 20 0.048
744 348 13 18 0.047
272 92 17 66 0.047
120 244 11 16 0.047
265 92 11 14 0.047
337 419 12 17 0.046
776 252 13 15 0.046
792 59 8 13 0.046
190 268 14 17 0.046
307 228 14 13 0.046
503 215 13 14 0.045
335 54 11 15 0.045
675 175 14 17 0.045
579 416 18 19 0.045
853 121 16 20 0.044
665 76 12 15 0.044
354 311 13 26 0.043
659 281 13 15 0.043
359 81 14 17 0.043
47 95 10 13 0.042
221 115 16 16 0.042
314 104 19 15 0.042
619 211 15 17 0.042
294 302 13 18 0.041
333 100 19 15 0.041
767 282 13 16 0.041
405 92 15 35 0.041
621 122 14 19 0.041
681 241 14 20 0.041
659 466 18 20 0.040
435 89 15 17 0.040
14 274 24 55 0.040
521 102 19 22 0.040
401 103 14 21 0.040
641 106 11 14 0.040
243 166 13 16 0.040
189 42 12 14 0.040
110 75 10 16 0.039
976 125 40 19 0.039
431 167 50 23 0.039
659 365 15 18 0.039
74 73 11 97 0.038
757 256 13 17 0.038
342 99 23 16 0.038
735 61 14 17 0.038
496 105 14 16 0.038
37 81 12 25 0.038
833 203 13 22 0.038
577 253 18 20 0.038
831 94 19 14 0.038
3 137 12 15 0.038
31 87 15 17 0.037
538 88 12 18 0.037
467 224 12 15 0.037
477 404 15 18 0.037
865 91 15 17 0.036
637 435 16 18 0.036
92 93 12 17 0.036
586 362 14 19 0.036
386 204 13 15 0.035
805 210 14 16 0.035
680 248 13 18 0.035
804 232 14 15 0.035
485 169 33 37 0.034
676 69 13 16 0.034
967 94 17 15 0.034
907 171 15 18 0.034
174 287 12 16 0.034
689 420 17 20 0.034
356 500 15 9 0.034
370 276 12 22 0.034
404 257 12 108 0.033
195 275 15 17 0.033
694 347 14 20 0.033
739 234 14 18 0.033
275 78 11 19 0.033
684 236 17 16 0.032
334 180 13 15 0.032
1010 205 12 15 0.032
946 249 13 18 0.032
848 271 13 22 0.032
38 465 17 17 0.032
729 372 15 20 0.032
829 116 13 15 0.031
501 264 14 14 0.031
402 462 13 16 0.031
763 278 15 18 0.031
46 299 13 18 0.031
165 376 13 16 0.031
574 276 17 19 0.031
784 493 15 16 0.030
1005 131 12 16 0.030
394 136 18 17 0.030
380 354 15 23 0.030
387 139 14 49 0.030
414 345 15 21 0.030
572 109 13 16 0.029
203 96 12 15 0.029
91 330 17 16 0.029
586 359 11 14 0.029
528 346 15 25 0.029
372 263 11 22 0.029
746 343 12 17 0.029
802 452 14 17 0.029
724 446 15 18 0.029
742 470 16 21 0.029
839 206 23 18 0.029
192 156 12 20 0.029
370 428 14 21 0.028
653 103 17 24 0.028
565 179 13 16 0.028
362 191 11 16 0.028
24 92 16 15 0.028
690 425 16 24 0.028
447 321 16 21 0.028
651 44 12 19 0.028
925 132 9 15 0.028
434 94 14 22 0.028
739 66 12 15 0.027
700 235 16 16 0.027
551 129 12 14 0.027
456 244 13 16 0.027
278 363 15 17 0.027
231 398 16 40 0.027
175 187 11 15 0.027
170 144 16 15 0.027
851 287 15 21 0.027
805 126 16 16 0.027
454 117 16 20 0.026
948 489 17 17 0.026
529 488 14 14 0.026
89 334 13 17 0.026
370 463 12 15 0.026
251 413 13 15 0.026
249 142 13 16 0.026
468 405 21 18 0.026
636 122 33 45 0.026
152 326 12 17 0.025
365 77 12 16 0.025
704 231 15 17 0.025
550 105 14 17 0.025
1012 140 11 17 0.025
540 185 18 20 0.025
241 294 11 16 0.025
331 176 13 15 0.025
561 438 13 15 0.025
655 279 19 22 0.025
538 85 12 13 0.025
494 288 13 15 0.025
201 446 13 14 0.025
893 78 45 42 0.025
691 436 15 19 0.025
389 160 12 14 0.025
660 343 17 31 0.025
401 136 14 15 0.024
412 328 16 18 0.024
281 440 17 16 0.024
51 132 13 14 0.024
798 448 16 18 0.024
799 84 54 46 0.024
779 454 23 19 0.024
545 86 22 30 0.024
575 255 17 34 0.024
417 404 14 17 0.024
639 494 14 15 0.024
951 260 15 21 0.023
450 335 16 19 0.023
685 370 13 15 0.023
79 127 13 17 0.023
72 160 11 14 0.023
959 82 12 15 0.023
681 421 17 19 0.023
524 234 20 20 0.023
329 104 11 18 0.023
733 59 12 16 0.023
259 68 11 14 0.022
584 452 15 16 0.022
829 282 27 30 0.022
684 410 20 28 0.022
128 79 17 32 0.022
638 107 14 20 0.022
888 170 13 16 0.022
16 414 14 17 0.022
764 150 13 18 0.022
532 335 13 16 0.022
80 287 14 16 0.022
731 428 17 19 0.021
923 286 14 16 0.021
28 146 19 19 0.021
842 123 22 14 0.021
691 393 16 49 0.021
126 273 12 15 0.021
307 110 11 14 0.021
290 497 20 12 0.021
946 176 13 20 0.021
228 126 12 24 0.021
885 85 14 16 0.021
344 477 14 14 0.021
497 443 11 17 0.021
807 128 16 20 0.020
103 85 14 24 0.020
71 122 11 16 0.020
849 277 16 23 0.020
14 320 12 20 0.020
204 501 17 9 0.020
398 119 15 26 0.020
