7_Cheering_Cheering_7_334
26
291 306 45 55 0.873
376 242 47 58 0.873
708 289 43 57 0.865
195 281 48 57 0.863
778 284 44 56 0.861
804 142 43 56 0.859
497 244 43 56 0.859
167 136 46 59 0.858
644 374 45 59 0.857
460 122 43 56 0.856
614 258 43 57 0.855
568 179 42 52 0.854
510 339 47 58 0.852
399 350 45 56 0.848
301 202 42 54 0.842
681 172 45 52 0.839
1017 147 7 17 0.430
841 4 10 14 0.265
886 162 12 15 0.213
386 167 21 25 0.117
752 48 10 12 0.073
884 162 9 14 0.032
719 56 9 10 0.030
118 4 9 12 0.024
892 161 14 17 0.024
894 166 13 19 0.022
