7_Cheering_Cheering_7_195
25
457 472 52 55 0.837
187 593 59 60 0.697
677 618 54 64 0.560
227 894 71 47 0.516
307 519 48 52 0.470
589 872 45 55 0.414
430 976 57 55 0.272
604 477 57 77 0.250
343 771 44 48 0.166
611 467 55 60 0.135
673 773 40 43 0.116
282 906 50 45 0.102
601 508 58 67 0.082
727 743 64 58 0.067
597 894 38 52 0.054
216 901 74 56 0.053
435 995 58 53 0.052
156 773 59 52 0.043
251 903 69 48 0.038
228 921 80 48 0.036
437 1025 61 62 0.036
575 876 41 50 0.034
189 580 48 48 0.031
203 587 49 52 0.028
597 868 34 43 0.021
