8_Election_Campain_Election_Campaign_8_452
24
424 384 52 70 0.861
786 321 87 100 0.857
971 388 50 74 0.829
643 293 75 82 0.827
364 399 41 63 0.816
77 448 44 48 0.797
151 445 44 55 0.779
242 413 41 56 0.747
595 351 51 67 0.577
0 412 27 48 0.486
702 343 47 59 0.202
7 486 39 45 0.125
63 455 27 35 0.087
266 450 50 58 0.081
66 447 37 44 0.063
1 423 36 45 0.042
248 432 44 60 0.041
200 535 47 65 0.032
348 393 41 64 0.031
683 320 61 71 0.030
325 374 48 65 0.025
154 466 36 50 0.021
744 360 21 31 0.020
487 537 61 71 0.020
