8_Election_Campain_Election_Campaign_8_498
39
70 117 91 115 0.881
685 41 125 153 0.876
922 254 102 170 0.875
260 130 90 113 0.859
347 146 57 81 0.848
397 145 47 65 0.848
574 141 70 81 0.848
483 177 48 64 0.838
772 132 61 85 0.805
540 159 40 52 0.804
202 178 64 73 0.775
885 208 38 44 0.747
964 178 48 58 0.572
655 143 31 34 0.542
28 172 51 67 0.376
443 165 33 47 0.314
885 171 21 24 0.207
533 138 32 39 0.180
178 168 18 23 0.176
907 172 29 32 0.162
225 132 36 49 0.146
672 94 21 42 0.111
850 207 36 42 0.107
7 170 26 40 0.105
879 169 53 28 0.091
452 160 28 43 0.082
672 110 18 24 0.054
663 154 34 44 0.046
413 150 56 55 0.030
651 139 24 30 0.029
484 156 44 57 0.028
449 154 25 38 0.028
969 171 42 42 0.028
16 175 42 58 0.026
3 159 23 45 0.024
668 143 33 45 0.022
460 157 22 31 0.022
669 158 42 53 0.021
226 127 28 35 0.020
