8_Election_Campain_Election_Campaign_8_76
27
842 275 40 50 0.847
642 231 33 42 0.839
257 284 37 46 0.837
513 248 37 46 0.835
344 296 36 44 0.834
152 305 39 43 0.830
613 272 34 44 0.830
684 289 32 43 0.829
713 310 31 41 0.827
445 229 34 42 0.825
413 280 35 43 0.824
780 287 35 44 0.823
20 292 42 47 0.817
711 230 27 36 0.814
71 308 38 46 0.812
356 230 33 38 0.801
555 258 29 40 0.790
390 237 28 35 0.751
298 222 30 38 0.747
270 267 29 39 0.410
205 236 26 32 0.262
606 220 28 33 0.244
206 304 36 42 0.193
579 245 26 37 0.136
986 384 14 19 0.121
196 305 31 39 0.100
215 298 32 38 0.021
