8_Election_Campain_Election_Campaign_8_412
753
425 421 34 46 0.811
809 138 29 36 0.804
639 427 37 43 0.803
250 170 27 34 0.791
900 352 33 41 0.790
301 562 42 66 0.789
910 594 43 56 0.787
271 257 32 38 0.787
728 499 34 47 0.782
692 453 40 52 0.761
372 64 20 25 0.756
16 508 30 51 0.750
963 207 32 35 0.750
334 399 38 47 0.747
147 548 42 54 0.741
769 434 32 44 0.741
487 257 33 39 0.739
860 456 40 48 0.738
617 288 30 38 0.734
977 261 28 36 0.731
281 96 18 23 0.730
7 261 30 37 0.730
272 488 36 43 0.730
621 386 33 45 0.725
269 543 43 60 0.721
776 124 22 28 0.715
701 205 25 31 0.715
668 240 27 31 0.714
568 215 28 32 0.711
569 462 32 48 0.708
832 623 39 52 0.705
167 243 26 36 0.703
621 512 40 57 0.702
626 142 22 26 0.701
511 180 24 29 0.700
775 598 42 57 0.696
322 130 20 26 0.687
929 319 31 37 0.687
864 261 25 36 0.682
865 347 27 35 0.678
357 237 29 34 0.678
491 137 22 26 0.677
275 14 16 21 0.675
363 143 20 26 0.673
968 534 37 47 0.673
554 376 36 44 0.673
755 213 32 36 0.671
137 302 30 39 0.668
645 307 30 37 0.666
354 118 19 23 0.663
348 177 23 30 0.663
560 554 45 56 0.660
979 319 28 40 0.660
942 186 24 29 0.650
242 125 22 26 0.646
334 155 22 28 0.646
85 124 23 29 0.645
111 351 33 39 0.641
370 493 37 50 0.637
177 383 29 36 0.635
214 265 24 31 0.630
92 327 27 34 0.629
232 68 18 21 0.625
549 149 29 32 0.624
465 24 18 22 0.616
80 530 33 49 0.610
403 370 26 37 0.610
695 81 16 22 0.605
622 255 24 34 0.604
842 318 30 38 0.603
661 127 19 30 0.600
562 184 21 28 0.598
813 417 31 49 0.593
483 575 34 41 0.591
586 56 14 19 0.572
273 218 22 25 0.571
794 535 37 49 0.569
880 97 17 25 0.568
395 113 16 21 0.567
293 33 16 20 0.566
671 180 22 31 0.563
556 112 18 22 0.562
372 589 32 49 0.560
636 116 18 22 0.559
304 12 13 16 0.557
496 216 25 30 0.554
601 126 19 25 0.544
0 146 17 26 0.543
91 455 26 36 0.541
162 168 21 27 0.541
203 5 16 20 0.538
403 68 16 21 0.535
466 81 17 23 0.528
871 72 16 19 0.519
32 452 25 40 0.519
803 353 30 39 0.518
732 115 18 23 0.515
420 67 16 18 0.513
511 110 20 23 0.509
462 251 28 36 0.506
545 141 27 32 0.500
945 400 33 47 0.493
851 76 17 24 0.492
166 215 22 28 0.484
1000 318 24 42 0.484
115 490 36 46 0.482
372 313 27 39 0.479
783 326 29 36 0.478
790 265 25 28 0.471
609 75 18 22 0.471
780 154 23 28 0.470
855 573 32 42 0.466
537 115 19 22 0.457
191 101 18 25 0.455
495 164 21 24 0.448
661 271 24 28 0.434
370 13 12 16 0.431
226 429 34 46 0.431
948 626 41 55 0.431
153 97 15 20 0.428
482 393 32 44 0.423
527 30 14 19 0.417
181 36 15 19 0.416
334 485 34 48 0.411
998 373 25 31 0.409
718 171 21 29 0.403
522 80 18 21 0.401
700 120 21 25 0.400
761 318 24 36 0.396
401 0 11 12 0.390
303 62 15 20 0.389
104 547 30 45 0.389
243 533 30 42 0.385
861 42 12 14 0.379
582 83 15 18 0.367
105 20 13 15 0.366
166 6 15 18 0.366
235 91 17 22 0.365
1010 182 14 28 0.362
695 27 13 15 0.354
369 43 15 17 0.351
640 72 19 24 0.346
115 2 12 15 0.343
0 105 10 24 0.342
388 94 15 21 0.338
433 137 20 28 0.338
957 426 35 46 0.337
122 84 15 21 0.335
661 209 20 25 0.335
598 165 22 28 0.334
246 32 15 19 0.332
94 417 26 36 0.330
283 35 17 20 0.328
117 220 25 33 0.328
140 412 27 37 0.326
344 71 19 25 0.321
802 236 26 27 0.318
320 83 18 22 0.316
405 31 14 17 0.311
717 421 31 39 0.310
984 663 36 20 0.310
418 236 27 29 0.308
846 38 12 15 0.301
390 159 23 29 0.299
384 149 22 26 0.283
819 24 9 11 0.278
722 273 25 32 0.278
80 192 24 34 0.276
420 92 16 20 0.274
343 23 12 14 0.268
290 112 18 23 0.262
612 100 17 18 0.262
365 93 17 21 0.261
545 3 15 18 0.256
0 194 16 34 0.252
126 44 17 21 0.248
123 403 24 34 0.246
855 15 12 12 0.246
798 499 27 41 0.243
1012 288 12 31 0.242
740 57 16 19 0.239
117 58 16 19 0.238
723 309 28 35 0.237
716 104 17 19 0.236
30 117 17 24 0.233
920 520 33 46 0.232
541 114 25 23 0.230
952 112 21 26 0.225
537 581 28 42 0.225
639 66 16 19 0.218
457 168 24 28 0.216
966 142 19 21 0.214
38 196 22 31 0.213
408 8 15 16 0.213
395 263 27 36 0.212
385 32 13 18 0.210
452 366 30 37 0.203
683 143 25 24 0.201
165 67 16 23 0.200
168 411 32 41 0.197
879 203 23 30 0.196
391 105 18 25 0.194
118 89 16 19 0.194
0 313 11 35 0.193
123 125 19 24 0.191
882 208 25 33 0.191
765 77 13 15 0.191
108 259 23 32 0.190
231 43 14 17 0.189
0 368 14 39 0.189
145 97 19 21 0.188
749 5 11 17 0.185
33 337 25 31 0.185
445 61 14 18 0.181
167 76 15 21 0.180
389 23 12 16 0.178
916 298 26 29 0.177
255 150 19 24 0.172
629 78 16 24 0.171
573 448 27 40 0.171
759 98 16 23 0.170
416 30 16 19 0.170
761 133 20 27 0.169
496 0 13 16 0.168
338 166 25 32 0.166
32 95 16 20 0.166
121 52 16 22 0.166
576 83 20 26 0.164
123 298 19 32 0.162
809 2 12 16 0.162
716 265 22 33 0.162
779 34 13 15 0.161
409 214 28 34 0.159
71 155 22 26 0.156
148 164 17 24 0.155
405 68 26 21 0.152
22 382 32 40 0.151
453 172 23 32 0.151
981 535 41 53 0.151
162 60 18 24 0.150
244 37 16 26 0.149
121 115 20 30 0.149
887 92 17 23 0.149
652 103 17 20 0.147
958 71 13 15 0.147
437 15 13 16 0.146
446 101 19 23 0.143
473 0 11 12 0.143
808 94 17 23 0.140
494 148 21 48 0.140
493 479 30 37 0.139
925 60 13 16 0.139
608 231 21 29 0.138
507 110 47 23 0.136
416 2 13 18 0.132
103 38 14 16 0.132
406 23 18 26 0.130
450 134 22 27 0.129
448 182 26 34 0.129
421 0 12 16 0.128
693 140 23 26 0.128
281 320 30 39 0.128
943 163 19 28 0.125
196 440 28 40 0.124
337 279 24 29 0.123
108 13 13 18 0.123
483 319 31 38 0.122
220 107 16 21 0.122
957 95 18 24 0.121
102 218 23 31 0.121
960 39 11 14 0.121
443 240 23 31 0.121
644 168 21 25 0.120
469 101 16 21 0.118
122 109 18 23 0.117
988 165 18 24 0.117
54 102 14 21 0.116
549 54 15 18 0.116
488 382 31 45 0.115
709 426 33 42 0.113
239 360 30 40 0.113
1016 57 8 17 0.112
820 411 35 50 0.112
140 98 17 21 0.111
151 460 30 39 0.109
429 131 18 24 0.109
402 1 16 17 0.108
431 160 18 24 0.108
134 161 23 24 0.106
493 4 14 15 0.106
991 384 26 36 0.106
389 269 30 41 0.106
75 201 24 34 0.105
155 615 24 38 0.104
792 75 15 18 0.104
700 50 13 17 0.104
526 112 22 28 0.104
978 0 12 11 0.103
663 194 23 31 0.103
403 210 27 34 0.102
534 262 24 31 0.102
941 85 15 19 0.102
576 116 16 21 0.101
647 365 33 37 0.100
104 26 13 25 0.100
599 26 13 15 0.099
867 179 21 26 0.099
187 96 16 22 0.099
152 52 19 21 0.099
702 116 18 21 0.098
954 606 41 55 0.097
894 89 13 19 0.095
71 222 23 29 0.095
907 195 21 31 0.094
624 596 35 43 0.094
243 49 16 23 0.094
116 119 19 24 0.093
795 290 28 34 0.093
129 162 19 24 0.091
379 36 23 17 0.091
112 153 19 26 0.089
525 428 34 43 0.089
622 42 13 16 0.088
770 305 28 35 0.087
532 274 25 44 0.087
378 189 25 32 0.086
38 10 11 13 0.085
237 431 29 39 0.085
369 18 16 60 0.085
789 103 17 21 0.084
558 54 13 18 0.083
351 150 22 70 0.083
812 69 13 16 0.082
770 320 31 38 0.082
123 98 21 60 0.082
293 76 16 21 0.081
245 350 28 39 0.081
896 240 25 33 0.080
569 17 10 12 0.080
860 127 15 21 0.080
785 158 23 28 0.080
73 103 17 19 0.080
628 86 15 21 0.079
349 15 13 15 0.079
248 107 18 22 0.079
441 283 26 34 0.079
446 241 28 41 0.079
260 253 19 28 0.079
941 88 18 25 0.079
912 36 12 14 0.078
755 24 12 16 0.077
496 181 32 28 0.076
136 124 19 25 0.076
629 68 15 24 0.074
163 43 15 21 0.074
424 90 18 25 0.073
349 62 17 21 0.073
427 80 19 22 0.073
720 179 36 30 0.072
378 2 11 11 0.071
194 58 17 21 0.070
166 38 16 17 0.069
1 210 12 32 0.069
25 596 31 40 0.069
968 144 30 28 0.068
462 102 18 22 0.068
438 0 12 12 0.068
989 117 14 21 0.067
428 119 18 26 0.067
791 271 28 34 0.067
606 10 11 12 0.067
377 184 21 28 0.066
320 32 14 18 0.066
634 236 25 33 0.066
201 145 18 22 0.065
923 34 17 16 0.065
0 178 15 27 0.065
865 188 26 30 0.065
57 100 20 21 0.065
114 97 24 58 0.065
52 0 11 10 0.065
14 351 26 36 0.064
661 103 17 23 0.064
495 32 16 21 0.064
911 176 21 27 0.064
32 99 17 30 0.063
670 131 22 28 0.063
304 172 22 26 0.063
367 82 18 24 0.062
625 60 15 17 0.062
205 312 26 34 0.062
236 60 24 26 0.062
762 70 15 62 0.062
539 229 23 29 0.061
310 417 29 38 0.061
278 382 26 36 0.060
330 7 14 17 0.060
381 201 24 29 0.060
547 10 13 18 0.060
325 85 20 24 0.059
854 84 20 25 0.059
499 13 17 17 0.059
1011 252 13 29 0.059
552 38 13 16 0.059
792 240 29 32 0.059
303 16 15 19 0.059
148 0 12 11 0.059
376 5 13 18 0.058
257 244 19 30 0.058
269 55 16 17 0.058
95 203 27 34 0.058
583 636 27 39 0.058
105 94 15 19 0.057
201 148 21 28 0.057
110 149 17 22 0.055
257 5 17 20 0.055
858 115 18 34 0.055
214 431 31 44 0.054
746 189 23 26 0.054
186 1 41 29 0.054
138 468 37 44 0.054
506 12 15 21 0.054
531 293 28 35 0.054
52 63 14 20 0.054
453 258 27 38 0.054
86 275 25 35 0.054
75 20 15 20 0.053
1 472 11 37 0.053
533 34 13 16 0.053
209 45 13 20 0.053
440 198 23 32 0.053
433 205 23 28 0.053
495 225 27 32 0.052
836 400 32 42 0.052
259 239 27 43 0.052
513 104 19 22 0.052
392 46 14 17 0.052
135 35 14 19 0.051
88 191 29 35 0.051
628 191 22 27 0.051
83 69 20 24 0.051
900 10 10 11 0.051
817 13 12 25 0.051
116 281 25 53 0.051
17 392 34 45 0.051
166 381 32 39 0.050
432 101 25 26 0.050
434 5 18 33 0.050
41 95 33 28 0.050
513 57 15 18 0.050
899 45 11 14 0.050
371 189 22 28 0.050
326 240 21 29 0.050
971 239 34 57 0.049
174 10 14 19 0.049
579 44 13 21 0.049
469 4 13 14 0.049
110 156 28 30 0.049
982 47 12 15 0.049
236 373 31 37 0.049
151 14 14 19 0.048
925 39 13 47 0.048
887 224 27 38 0.047
525 89 20 23 0.047
701 93 40 33 0.047
46 183 22 30 0.047
236 9 13 17 0.047
311 66 17 19 0.047
218 509 33 45 0.047
368 241 27 36 0.047
858 179 20 25 0.046
688 368 31 41 0.046
649 23 14 17 0.046
952 69 21 76 0.046
56 227 34 30 0.046
63 220 24 25 0.046
487 213 22 25 0.045
195 537 33 45 0.045
914 199 27 42 0.045
375 296 28 40 0.045
283 310 42 40 0.044
379 262 28 36 0.044
503 370 31 40 0.044
341 85 20 26 0.044
120 339 26 36 0.044
76 40 15 16 0.044
221 490 33 51 0.044
926 36 12 22 0.044
160 198 21 31 0.044
434 5 20 17 0.043
170 141 20 28 0.043
876 18 9 13 0.043
398 73 17 23 0.043
129 399 28 36 0.043
790 98 14 19 0.043
671 579 36 42 0.043
536 121 18 27 0.043
75 24 15 29 0.042
307 85 22 21 0.042
447 192 21 28 0.042
218 96 18 22 0.041
693 151 23 32 0.041
22 340 30 89 0.041
214 44 24 19 0.041
25 219 22 28 0.041
161 117 16 22 0.040
1006 434 18 35 0.040
137 63 14 18 0.040
251 92 18 22 0.040
639 171 23 30 0.040
958 37 18 18 0.040
881 220 26 33 0.040
919 219 23 31 0.040
541 571 35 43 0.040
110 0 17 14 0.040
814 0 11 41 0.040
998 24 14 15 0.039
315 36 15 18 0.039
619 233 30 34 0.039
123 0 19 11 0.039
843 41 12 15 0.038
427 198 37 47 0.038
14 409 34 45 0.038
862 120 16 23 0.038
329 183 22 27 0.038
125 414 28 36 0.038
800 37 11 13 0.038
784 256 24 29 0.038
170 21 25 90 0.038
987 52 18 18 0.038
895 297 23 32 0.038
80 21 13 16 0.038
120 0 19 21 0.038
412 242 25 30 0.038
622 35 16 39 0.037
160 109 19 24 0.037
789 79 15 19 0.037
180 46 18 25 0.037
506 51 17 23 0.037
819 44 12 14 0.037
958 74 15 24 0.037
718 24 11 15 0.037
146 403 22 34 0.036
302 38 22 20 0.036
323 26 12 17 0.036
307 293 29 34 0.036
124 15 14 18 0.036
1009 308 15 41 0.036
474 400 31 39 0.036
432 32 18 21 0.036
634 85 20 21 0.035
76 70 20 22 0.035
44 41 13 17 0.035
993 52 19 24 0.035
130 426 27 39 0.035
474 92 17 23 0.035
81 104 17 19 0.035
77 183 22 28 0.035
1013 268 11 32 0.035
499 3 17 17 0.034
892 419 26 35 0.034
322 358 29 34 0.034
895 195 26 32 0.034
631 122 21 28 0.034
641 17 22 25 0.034
831 77 13 20 0.034
123 11 14 112 0.034
796 506 36 54 0.034
557 70 14 19 0.034
278 10 19 18 0.033
255 2 16 16 0.033
1001 50 23 33 0.033
146 416 35 72 0.033
421 34 15 20 0.033
991 374 22 27 0.033
641 58 15 19 0.033
371 325 20 28 0.032
714 372 36 36 0.032
545 360 32 48 0.032
770 389 26 35 0.032
957 34 12 16 0.032
67 17 15 23 0.032
145 568 32 48 0.032
630 152 24 32 0.032
491 12 13 15 0.032
76 215 21 27 0.032
772 338 31 41 0.032
424 215 24 33 0.032
128 485 38 47 0.032
262 228 27 29 0.031
848 583 37 47 0.031
33 205 19 26 0.031
201 236 23 32 0.031
133 57 25 22 0.031
0 477 17 44 0.031
64 26 15 20 0.031
444 325 28 38 0.031
313 407 35 41 0.031
223 444 31 43 0.031
280 123 16 22 0.031
645 320 30 34 0.031
474 82 16 23 0.030
480 451 31 39 0.030
751 16 13 17 0.030
775 58 13 17 0.030
452 0 34 71 0.030
453 324 51 47 0.030
64 130 17 22 0.030
1013 199 11 33 0.030
493 39 16 19 0.030
224 355 26 33 0.030
914 228 33 41 0.030
725 286 26 34 0.030
707 411 31 43 0.029
271 61 16 25 0.029
1008 191 16 32 0.029
145 0 14 19 0.029
996 66 16 19 0.029
53 113 16 23 0.029
449 265 25 37 0.029
723 22 13 16 0.029
732 271 30 35 0.029
1002 443 22 36 0.028
0 52 9 19 0.028
253 12 16 20 0.028
705 166 25 29 0.028
265 558 32 46 0.028
41 184 19 28 0.028
924 500 35 46 0.028
2 167 17 28 0.028
67 145 20 27 0.028
165 226 24 34 0.028
381 319 34 38 0.028
396 258 22 28 0.028
328 30 25 18 0.028
171 133 19 26 0.028
750 195 31 40 0.028
232 13 15 19 0.027
427 166 18 22 0.027
954 22 11 15 0.027
293 116 20 23 0.027
925 66 13 18 0.027
175 5 18 19 0.027
841 108 15 21 0.027
588 196 23 31 0.027
1005 242 19 33 0.027
577 122 16 21 0.027
936 106 20 25 0.027
629 374 30 45 0.026
387 175 25 32 0.026
267 315 34 38 0.026
345 34 16 23 0.026
905 35 29 20 0.026
1003 184 19 31 0.026
4 332 32 56 0.026
271 21 15 20 0.026
510 412 46 52 0.026
361 182 28 26 0.026
224 32 17 21 0.026
859 191 21 27 0.026
994 42 18 27 0.025
858 100 17 24 0.025
913 127 20 25 0.025
3 302 18 36 0.025
898 94 22 20 0.025
166 174 22 29 0.025
41 35 13 20 0.025
696 325 33 36 0.025
61 123 17 24 0.025
1007 144 17 30 0.025
435 154 21 30 0.025
196 311 27 34 0.025
133 87 17 22 0.025
795 38 15 14 0.025
42 154 16 22 0.025
537 336 31 45 0.025
53 58 14 18 0.025
37 7 13 24 0.025
626 33 15 25 0.025
63 125 23 56 0.025
572 17 11 12 0.025
291 229 20 25 0.025
553 547 38 53 0.025
352 241 23 29 0.025
236 8 23 18 0.024
225 115 22 25 0.024
995 131 21 27 0.024
31 95 47 51 0.024
144 125 17 24 0.024
461 362 27 36 0.024
0 21 8 15 0.024
910 297 23 27 0.024
727 369 28 35 0.024
918 509 33 42 0.024
247 376 53 39 0.024
394 314 37 40 0.024
720 100 20 20 0.024
594 222 23 33 0.024
633 19 15 19 0.024
242 300 19 27 0.024
442 35 15 18 0.023
1 377 24 39 0.023
451 252 20 27 0.023
516 579 47 47 0.023
45 228 26 29 0.023
779 303 30 38 0.023
424 79 46 57 0.023
18 7 12 17 0.023
278 370 24 35 0.023
1004 133 18 25 0.023
728 214 20 28 0.023
441 305 26 50 0.023
287 551 41 64 0.023
411 228 27 33 0.023
203 310 48 39 0.022
0 259 14 26 0.022
914 3 9 10 0.022
31 232 28 30 0.022
361 580 35 55 0.022
151 118 22 24 0.022
701 370 50 53 0.022
582 204 28 38 0.022
802 77 24 30 0.022
484 399 24 29 0.022
688 333 31 35 0.022
568 91 17 18 0.022
211 146 23 23 0.022
275 12 43 44 0.022
900 234 28 36 0.022
69 239 21 30 0.021
371 202 19 25 0.021
995 125 25 53 0.021
737 200 24 31 0.021
366 17 59 48 0.021
887 98 25 30 0.021
200 161 23 27 0.021
226 365 27 34 0.021
85 286 22 33 0.021
381 276 27 35 0.021
636 26 19 20 0.021
277 67 24 22 0.021
126 61 23 24 0.021
243 134 22 24 0.021
797 226 27 31 0.021
798 405 34 46 0.021
579 557 38 47 0.021
148 306 29 38 0.020
107 57 20 19 0.020
170 154 22 29 0.020
241 158 22 25 0.020
54 180 27 30 0.020
242 30 22 28 0.020
491 0 23 51 0.020
