8_Election_Campain_Election_Campaign_8_84
71
123 542 42 55 0.826
35 526 29 35 0.781
210 506 24 38 0.771
128 485 19 24 0.766
880 507 21 28 0.755
76 504 21 28 0.754
536 514 20 26 0.740
310 496 26 32 0.740
490 191 17 22 0.729
922 603 32 58 0.707
290 500 21 29 0.698
977 487 25 28 0.695
632 204 18 21 0.691
445 184 16 21 0.665
674 248 15 19 0.629
185 488 17 21 0.617
256 429 19 24 0.611
525 176 15 21 0.578
10 530 18 27 0.564
95 504 22 31 0.556
166 465 13 17 0.531
777 488 18 30 0.437
564 180 14 18 0.427
446 538 25 32 0.353
216 479 16 20 0.327
847 485 11 13 0.304
197 458 11 15 0.301
175 381 8 9 0.289
221 465 11 13 0.279
228 441 10 15 0.274
292 498 39 30 0.229
156 447 9 12 0.220
34 411 10 12 0.211
219 465 13 25 0.161
57 419 9 12 0.141
604 216 13 15 0.138
289 420 12 16 0.125
225 438 13 27 0.086
206 438 10 14 0.076
226 438 11 15 0.074
141 402 8 9 0.071
157 450 13 20 0.069
181 420 10 10 0.059
547 201 16 23 0.047
24 422 10 12 0.042
452 546 22 28 0.042
287 428 12 18 0.039
228 422 10 14 0.038
98 512 21 29 0.036
28 415 11 23 0.036
831 465 10 12 0.035
227 431 12 17 0.033
567 184 15 21 0.033
25 427 12 16 0.032
178 420 10 12 0.032
781 482 17 27 0.030
280 501 20 27 0.030
600 213 12 17 0.030
882 730 45 33 0.029
198 475 37 71 0.028
17 402 9 10 0.028
121 48 19 26 0.027
184 537 21 30 0.026
669 253 15 21 0.026
549 190 25 30 0.024
668 268 15 21 0.024
206 423 9 12 0.023
622 236 15 19 0.022
303 432 11 14 0.022
22 430 12 16 0.021
57 413 10 13 0.020
