8_Election_Campain_Election_Campaign_8_437
74
570 51 24 29 0.776
682 257 24 28 0.770
582 255 22 26 0.766
730 48 26 30 0.756
649 51 24 29 0.755
697 144 16 21 0.751
251 264 21 25 0.748
365 65 22 26 0.747
586 147 16 21 0.744
438 63 22 27 0.742
369 254 21 24 0.738
641 146 16 20 0.733
259 162 19 24 0.732
754 144 16 20 0.731
215 60 16 20 0.726
132 262 18 22 0.717
150 63 14 18 0.709
89 66 14 18 0.705
22 70 14 17 0.701
282 59 16 20 0.700
215 160 15 20 0.699
477 253 21 25 0.697
89 160 14 17 0.692
521 33 16 21 0.690
150 161 14 17 0.675
26 158 14 17 0.642
525 374 50 52 0.621
454 309 31 56 0.492
702 57 17 23 0.428
784 54 15 22 0.376
620 55 17 22 0.372
303 169 13 20 0.362
412 68 16 21 0.307
256 52 14 18 0.224
732 264 17 23 0.203
630 266 13 16 0.170
125 56 14 17 0.155
63 58 15 17 0.132
127 151 12 15 0.130
524 259 13 19 0.121
389 330 15 25 0.113
172 270 13 18 0.111
375 135 16 19 0.102
191 53 14 20 0.098
189 152 12 15 0.086
0 59 10 18 0.073
3 147 12 17 0.070
129 177 15 20 0.066
790 393 11 12 0.060
11 179 17 20 0.059
511 75 19 24 0.054
66 150 12 16 0.054
518 134 16 20 0.052
771 161 10 14 0.047
786 47 14 23 0.044
764 387 10 12 0.039
483 60 17 24 0.038
704 149 17 20 0.037
446 137 14 19 0.034
497 139 26 24 0.034
313 316 17 20 0.033
68 147 16 18 0.033
301 162 16 22 0.031
295 274 13 16 0.031
0 253 26 36 0.028
523 250 17 23 0.028
258 49 15 17 0.028
3 151 11 19 0.026
713 160 11 14 0.026
509 137 19 22 0.024
413 60 17 22 0.023
496 145 19 23 0.023
629 258 14 19 0.021
504 79 20 23 0.021
