8_Election_Campain_Election_Campaign_8_252
194
140 451 85 96 0.851
295 443 52 67 0.841
491 378 28 33 0.788
923 309 28 37 0.771
885 331 19 22 0.749
415 392 24 31 0.748
877 311 16 19 0.743
897 296 16 19 0.731
367 388 25 28 0.725
88 452 18 24 0.695
670 348 17 20 0.689
790 335 16 19 0.685
755 334 14 16 0.682
826 349 20 29 0.665
651 361 16 21 0.656
109 421 16 19 0.653
988 287 21 25 0.648
854 302 14 17 0.634
845 327 18 21 0.591
608 363 15 18 0.469
574 355 17 19 0.441
726 351 16 21 0.386
161 392 10 12 0.367
709 297 19 17 0.365
78 415 14 21 0.324
379 368 10 15 0.310
76 422 16 23 0.310
715 375 18 23 0.294
188 385 10 12 0.276
208 400 9 12 0.262
117 401 10 12 0.262
674 376 15 18 0.259
179 407 13 15 0.245
661 320 12 14 0.238
707 354 13 16 0.236
39 422 13 18 0.234
912 302 14 18 0.220
61 473 17 32 0.212
262 382 11 14 0.204
1008 324 16 28 0.201
953 314 15 22 0.198
402 349 11 15 0.194
75 429 20 23 0.188
712 320 13 17 0.186
632 341 13 17 0.182
1008 270 15 21 0.176
282 389 14 15 0.170
294 375 11 13 0.159
737 332 11 14 0.158
684 334 11 15 0.156
373 369 16 20 0.155
710 311 17 23 0.154
301 386 15 16 0.147
643 345 15 18 0.145
651 340 17 19 0.144
275 369 10 13 0.137
405 364 11 14 0.137
80 413 12 15 0.133
443 376 15 19 0.131
225 380 10 12 0.130
456 360 15 19 0.125
731 462 40 30 0.118
977 296 13 17 0.118
575 398 24 35 0.103
631 340 23 20 0.103
220 398 18 20 0.102
163 391 11 11 0.102
313 382 14 18 0.100
294 389 21 15 0.097
211 400 24 16 0.095
452 390 18 23 0.092
827 296 8 12 0.091
242 392 11 13 0.089
316 386 13 17 0.087
304 371 14 28 0.086
458 131 24 27 0.084
246 396 9 12 0.082
545 350 11 15 0.082
757 329 16 19 0.080
450 362 18 24 0.080
447 387 18 23 0.080
789 359 14 16 0.079
208 389 10 12 0.079
658 318 16 26 0.078
99 407 10 12 0.077
940 289 11 13 0.076
138 393 12 12 0.075
729 347 17 21 0.074
744 299 11 14 0.073
117 399 18 13 0.069
218 385 16 29 0.069
497 340 12 14 0.069
528 335 11 11 0.068
467 376 15 19 0.068
732 338 15 26 0.067
574 350 13 16 0.067
143 390 10 11 0.067
265 387 16 14 0.066
773 348 14 17 0.064
436 355 11 12 0.064
953 311 27 23 0.064
443 339 10 12 0.062
453 359 18 35 0.060
463 372 15 25 0.056
98 407 19 10 0.056
286 374 20 23 0.054
0 426 15 22 0.054
1008 268 12 15 0.054
778 295 14 14 0.054
220 406 15 16 0.053
842 273 10 14 0.053
1 455 10 20 0.053
296 393 14 15 0.052
893 251 15 118 0.052
281 387 36 18 0.051
1009 315 15 29 0.050
983 317 17 23 0.050
440 338 10 12 0.049
347 381 13 17 0.047
870 292 10 15 0.047
769 317 11 15 0.046
1009 278 15 19 0.046
446 338 11 11 0.046
451 355 20 17 0.046
203 411 12 14 0.044
374 363 14 18 0.044
775 389 27 34 0.044
343 384 16 19 0.042
125 394 20 13 0.041
489 336 12 12 0.041
127 390 9 10 0.040
35 425 15 19 0.040
440 386 15 21 0.040
197 390 30 18 0.040
519 475 28 56 0.039
405 368 14 16 0.038
890 281 21 69 0.038
746 300 13 16 0.037
309 411 18 19 0.037
473 345 13 16 0.036
932 295 22 31 0.036
950 300 13 23 0.036
39 430 16 24 0.035
621 359 15 19 0.035
165 397 27 24 0.034
379 354 10 20 0.034
656 322 15 32 0.034
1 432 14 25 0.032
271 395 10 13 0.032
228 377 11 11 0.031
220 373 12 12 0.031
304 366 14 17 0.031
747 310 11 15 0.031
178 411 16 18 0.031
34 420 16 17 0.031
861 299 18 23 0.031
664 303 13 14 0.031
336 387 17 21 0.030
522 354 14 20 0.030
360 431 24 37 0.030
1014 343 10 25 0.029
186 411 23 15 0.029
814 350 17 21 0.029
227 388 26 17 0.029
182 404 30 16 0.028
472 336 13 13 0.028
778 347 24 37 0.027
750 313 14 15 0.026
339 381 14 18 0.026
563 362 24 19 0.026
669 302 10 14 0.025
643 332 14 16 0.025
238 385 14 16 0.024
772 388 20 30 0.024
805 326 17 16 0.023
257 383 38 22 0.023
723 360 21 27 0.023
319 386 37 22 0.023
555 366 14 16 0.023
471 372 16 20 0.023
933 286 19 18 0.022
498 366 21 24 0.022
719 424 19 33 0.022
724 311 11 17 0.022
236 453 31 40 0.022
435 355 15 30 0.021
373 346 11 14 0.021
420 336 11 13 0.021
810 318 14 16 0.021
536 343 20 17 0.021
845 316 19 28 0.020
611 370 20 27 0.020
697 351 16 19 0.020
825 293 13 21 0.020
