9_Press_Conference_Press_Conference_9_655
42
793 240 50 62 0.836
955 212 33 45 0.835
64 206 23 30 0.830
661 216 42 59 0.827
366 227 30 40 0.823
500 223 36 43 0.818
199 188 25 32 0.811
306 200 25 33 0.803
886 210 29 40 0.798
941 182 29 38 0.797
1010 204 14 40 0.792
162 204 28 31 0.791
758 205 28 40 0.787
135 221 23 33 0.784
579 212 30 36 0.778
421 190 23 30 0.745
847 186 24 32 0.742
465 191 21 23 0.710
394 195 21 27 0.703
545 182 26 28 0.699
233 215 23 28 0.661
651 202 24 32 0.660
727 188 25 30 0.628
343 212 21 29 0.618
138 198 20 25 0.585
709 187 20 28 0.552
488 200 22 31 0.519
116 216 19 25 0.385
124 219 25 30 0.317
644 215 21 31 0.182
112 202 22 29 0.161
643 225 15 22 0.138
625 194 16 27 0.134
111 194 21 24 0.115
352 207 24 30 0.054
1018 233 6 40 0.043
711 184 30 30 0.042
642 219 34 45 0.042
422 183 18 25 0.034
629 192 22 30 0.031
693 188 32 39 0.029
472 196 21 26 0.023
