9_Press_Conference_Press_Conference_9_35
40
687 213 16 19 0.744
623 215 14 18 0.742
188 192 19 23 0.736
401 187 13 17 0.707
304 283 17 26 0.706
854 141 11 15 0.691
267 304 22 38 0.639
602 197 13 15 0.595
198 286 17 23 0.564
954 193 30 46 0.557
288 209 13 16 0.552
309 214 15 17 0.532
370 242 16 18 0.488
375 213 13 17 0.419
369 313 18 34 0.379
298 215 28 18 0.213
955 213 30 37 0.209
329 214 16 20 0.163
361 408 40 66 0.139
220 405 46 37 0.136
575 315 24 23 0.128
315 214 14 18 0.126
293 286 31 33 0.110
178 310 22 26 0.086
493 303 21 26 0.075
528 243 14 15 0.074
645 322 21 28 0.047
268 299 19 30 0.043
566 317 22 22 0.038
351 216 11 13 0.037
169 464 39 53 0.036
956 178 37 53 0.032
44 342 23 25 0.031
1 324 16 23 0.029
413 337 23 32 0.028
341 212 17 17 0.027
603 192 12 15 0.022
561 300 20 28 0.022
22 337 24 25 0.022
385 248 12 16 0.021
