9_Press_Conference_Press_Conference_9_31
64
48 284 13 17 0.705
440 206 17 20 0.703
587 211 15 19 0.686
19 311 14 15 0.618
958 433 16 28 0.614
123 370 14 25 0.600
84 484 18 34 0.569
743 386 16 22 0.521
193 376 18 26 0.485
272 375 16 24 0.485
927 360 15 23 0.484
861 429 17 28 0.475
79 597 21 34 0.446
83 377 15 23 0.436
344 385 17 24 0.410
810 375 15 22 0.332
80 434 13 26 0.330
970 494 16 29 0.298
919 231 15 18 0.265
7 413 22 34 0.262
798 443 14 26 0.252
165 426 17 30 0.238
958 220 14 16 0.235
930 365 15 21 0.196
658 388 15 18 0.186
594 385 17 21 0.176
1016 310 8 23 0.176
876 390 19 24 0.148
0 588 28 57 0.147
0 309 9 17 0.125
612 443 18 22 0.116
979 351 17 23 0.106
0 480 6 34 0.101
360 510 14 26 0.100
975 345 15 21 0.095
403 453 21 25 0.089
877 518 17 29 0.083
409 384 20 25 0.074
216 448 18 31 0.072
5 573 29 55 0.069
875 509 17 32 0.062
396 458 22 20 0.057
74 382 18 24 0.056
1017 403 7 26 0.047
310 596 23 36 0.047
922 235 16 19 0.046
871 388 18 24 0.045
971 486 17 26 0.044
84 336 15 16 0.043
45 637 24 35 0.041
70 599 24 37 0.040
315 448 19 25 0.037
982 360 18 22 0.035
857 364 17 20 0.035
589 392 19 19 0.034
660 391 17 19 0.030
683 536 14 24 0.028
797 435 16 24 0.028
77 423 17 28 0.027
874 502 17 28 0.027
746 380 20 25 0.024
7 426 20 26 0.022
404 385 18 22 0.021
236 512 18 37 0.021
