9_Press_Conference_Press_Conference_9_12
51
107 221 32 38 0.827
932 207 34 50 0.810
390 312 21 27 0.808
803 429 33 55 0.794
616 287 15 20 0.770
317 316 22 26 0.759
263 305 17 21 0.758
674 259 16 19 0.742
568 285 14 17 0.721
513 291 14 18 0.697
183 255 17 20 0.663
203 336 21 31 0.594
831 303 19 21 0.569
52 244 8 11 0.535
470 343 18 29 0.393
189 233 11 12 0.365
19 246 9 11 0.365
320 235 17 21 0.301
324 232 17 21 0.257
117 371 26 44 0.256
251 330 18 24 0.191
703 288 12 15 0.184
1014 222 10 30 0.179
102 332 24 28 0.145
463 492 29 51 0.119
203 315 18 25 0.116
316 239 16 18 0.099
137 270 8 9 0.096
71 261 8 10 0.094
421 347 20 25 0.083
186 236 17 24 0.083
722 284 11 14 0.076
0 252 6 8 0.073
651 596 41 37 0.071
287 425 28 57 0.062
198 238 13 15 0.050
689 309 15 16 0.048
749 298 20 21 0.043
834 308 18 21 0.041
124 385 27 37 0.039
155 274 8 9 0.038
295 347 13 30 0.031
744 651 47 31 0.031
135 392 23 33 0.031
630 485 53 57 0.030
838 324 13 15 0.028
70 242 6 10 0.025
665 599 50 36 0.024
54 243 19 11 0.023
729 361 19 33 0.023
168 273 8 11 0.021
