31_Waiter_Waitress_Waiter_Waitress_31_420
51
465 181 28 43 0.826
917 212 30 40 0.821
652 219 29 34 0.819
582 217 29 36 0.813
333 300 23 30 0.806
374 300 22 27 0.788
239 314 21 26 0.779
535 203 23 30 0.770
691 238 26 30 0.767
490 218 24 30 0.749
41 219 24 28 0.717
280 317 16 20 0.713
552 220 24 33 0.709
696 207 25 30 0.695
868 307 23 30 0.691
147 263 19 22 0.609
194 289 20 22 0.583
410 228 21 30 0.504
413 218 22 34 0.494
122 297 17 21 0.478
536 231 20 26 0.342
386 284 22 26 0.327
889 311 17 28 0.288
381 290 22 32 0.236
184 290 17 25 0.223
203 325 15 22 0.215
540 226 24 29 0.179
303 308 16 21 0.158
208 323 15 21 0.116
165 315 18 19 0.103
869 274 11 15 0.084
166 303 17 25 0.081
234 296 12 14 0.077
876 306 24 31 0.072
1018 236 6 30 0.065
997 294 11 18 0.063
213 319 16 22 0.057
346 219 17 22 0.050
166 292 16 21 0.049
618 209 18 25 0.049
845 283 13 17 0.048
183 286 14 21 0.039
158 315 20 22 0.039
347 281 16 23 0.038
999 293 15 23 0.033
385 277 20 23 0.033
1018 280 6 19 0.031
1012 297 12 27 0.030
145 268 18 25 0.028
1013 286 10 31 0.022
296 299 18 22 0.022
