46_Jockey_Jockey_46_569
48
277 154 41 52 0.839
870 128 42 50 0.831
703 22 35 43 0.793
443 124 40 48 0.700
151 90 32 67 0.657
366 134 11 14 0.647
318 129 14 16 0.644
190 131 12 15 0.618
846 179 13 16 0.595
410 133 13 16 0.595
319 210 19 21 0.581
227 137 13 16 0.564
385 133 12 12 0.551
509 5 8 11 0.534
659 24 8 9 0.494
684 25 9 10 0.462
604 10 8 9 0.441
525 9 8 9 0.427
780 34 7 9 0.402
813 40 7 9 0.322
461 0 9 10 0.282
162 109 24 44 0.282
631 18 8 9 0.208
675 61 9 10 0.185
363 133 33 15 0.169
199 214 9 11 0.158
381 134 34 14 0.102
683 20 14 18 0.098
461 3 8 10 0.090
660 77 9 10 0.077
444 141 32 38 0.063
634 24 6 9 0.057
687 25 10 12 0.054
272 139 13 15 0.047
613 28 7 8 0.047
465 0 7 8 0.045
642 7 7 15 0.043
692 61 11 12 0.039
663 24 8 10 0.033
817 183 10 11 0.031
394 214 10 14 0.031
659 43 8 9 0.031
529 10 7 9 0.029
718 140 32 43 0.028
528 74 39 42 0.027
246 211 15 18 0.024
640 7 7 7 0.024
618 17 14 16 0.021
