48_Parachutist_Paratrooper_Parachutist_Paratrooper_48_72
84
95 325 29 33 0.796
168 291 32 33 0.791
55 321 25 27 0.788
335 281 23 29 0.780
613 326 26 30 0.752
254 276 27 32 0.746
16 306 26 29 0.740
766 305 15 18 0.710
457 305 18 23 0.704
483 296 17 23 0.676
863 300 15 18 0.618
935 295 15 18 0.610
708 285 14 17 0.609
403 288 21 28 0.606
842 298 10 13 0.556
538 289 14 18 0.525
134 326 19 23 0.490
955 307 13 16 0.479
993 317 13 16 0.452
1012 304 11 13 0.451
808 297 13 15 0.420
897 303 11 14 0.418
569 286 13 18 0.418
749 292 13 17 0.407
907 315 15 19 0.400
791 300 14 16 0.365
83 306 21 24 0.320
0 314 14 22 0.287
601 292 15 16 0.286
824 317 13 16 0.285
179 293 33 31 0.284
279 296 18 23 0.283
974 307 13 15 0.283
459 283 11 13 0.257
199 300 22 26 0.243
515 305 9 12 0.218
857 299 18 17 0.211
803 324 11 12 0.204
898 307 14 17 0.203
630 295 15 17 0.189
947 305 22 17 0.180
48 305 16 19 0.169
926 297 15 17 0.159
356 303 14 22 0.156
130 329 18 22 0.155
499 296 12 15 0.134
569 279 14 20 0.129
231 296 22 24 0.111
668 314 10 10 0.111
573 290 13 17 0.108
1001 310 21 18 0.108
568 271 12 14 0.106
208 296 22 27 0.105
433 284 16 19 0.104
341 287 24 30 0.097
794 295 17 22 0.096
419 285 24 24 0.088
456 286 14 17 0.082
0 309 29 26 0.080
959 310 45 18 0.077
214 291 22 26 0.076
613 296 15 17 0.074
1014 282 9 25 0.071
900 302 42 26 0.069
687 300 13 16 0.060
932 324 13 15 0.058
986 299 11 13 0.049
238 291 23 26 0.047
223 290 27 28 0.045
796 310 15 28 0.040
974 300 13 15 0.040
863 329 14 15 0.037
503 296 12 16 0.035
1015 280 9 16 0.034
689 305 15 20 0.029
744 299 26 20 0.029
885 306 14 14 0.028
598 296 14 16 0.028
487 290 21 20 0.027
806 283 40 53 0.027
741 312 12 15 0.023
12 312 21 25 0.023
659 311 16 11 0.023
651 307 13 14 0.022
