48_Parachutist_Paratrooper_Parachutist_Paratrooper_48_1015
59
675 345 46 50 0.816
859 318 54 59 0.809
328 386 34 40 0.796
94 127 43 60 0.793
629 346 37 45 0.791
218 404 32 36 0.764
553 355 39 44 0.762
983 302 39 48 0.758
455 222 24 28 0.751
851 209 23 25 0.744
223 243 21 26 0.734
344 212 25 29 0.732
280 260 20 26 0.730
180 381 27 35 0.710
967 193 21 24 0.691
707 225 20 22 0.690
632 208 21 26 0.680
466 361 34 43 0.677
546 236 22 29 0.670
426 364 25 32 0.664
238 271 22 26 0.663
601 248 16 20 0.582
568 224 21 24 0.570
509 238 21 25 0.567
761 211 21 24 0.546
790 339 39 40 0.531
0 282 20 29 0.486
452 350 27 36 0.439
959 314 27 34 0.414
786 215 16 20 0.384
654 268 21 28 0.375
160 396 20 25 0.240
3 277 19 24 0.236
224 293 17 18 0.229
566 231 36 22 0.172
739 231 16 18 0.162
784 345 40 44 0.126
843 338 25 34 0.112
926 319 31 40 0.106
167 390 32 31 0.098
461 345 30 39 0.087
439 233 17 24 0.083
156 286 16 21 0.071
424 249 14 18 0.051
460 466 29 36 0.045
433 240 17 22 0.044
701 303 30 35 0.037
746 227 17 21 0.032
997 595 26 41 0.031
528 338 27 34 0.029
920 312 30 38 0.027
632 310 26 31 0.026
163 286 18 21 0.025
841 330 41 49 0.024
208 272 17 19 0.024
686 310 42 53 0.021
936 323 30 39 0.021
407 263 16 20 0.021
438 227 16 21 0.020
