17_Ceremony_Ceremony_17_253
70
341 338 8 10 0.255
127 370 9 12 0.220
101 380 11 14 0.219
76 411 10 12 0.215
57 396 9 13 0.198
91 452 12 13 0.195
255 386 9 11 0.195
180 375 8 11 0.181
75 385 9 12 0.173
314 345 8 8 0.157
140 429 11 12 0.137
52 427 11 13 0.132
175 439 12 13 0.125
384 459 7 9 0.123
180 411 9 10 0.117
280 344 8 10 0.104
229 361 8 9 0.101
748 404 12 17 0.099
429 323 8 10 0.077
192 426 11 12 0.070
319 459 11 13 0.065
365 440 9 11 0.064
745 381 10 14 0.060
764 439 10 10 0.060
274 123 7 9 0.059
182 407 11 11 0.056
238 414 9 10 0.055
341 447 11 13 0.053
230 394 8 9 0.051
974 131 14 16 0.051
182 496 11 14 0.051
221 433 8 10 0.051
299 508 9 10 0.051
187 403 10 11 0.045
540 338 8 10 0.043
185 414 11 14 0.043
319 109 7 9 0.042
145 421 11 13 0.042
296 533 9 11 0.040
123 477 12 15 0.039
267 492 10 12 0.039
869 457 10 13 0.038
125 403 9 12 0.037
225 391 10 12 0.035
288 477 11 13 0.035
786 426 9 12 0.033
1003 459 9 10 0.030
191 401 11 11 0.029
180 136 7 9 0.026
779 127 7 8 0.025
145 358 9 12 0.025
100 378 19 15 0.025
661 413 7 9 0.024
99 402 10 14 0.024
100 156 7 9 0.024
257 498 15 13 0.024
317 345 7 8 0.024
139 369 11 14 0.023
255 382 8 12 0.023
702 307 7 9 0.023
221 391 9 10 0.022
772 354 10 14 0.022
218 433 8 12 0.021
316 523 10 12 0.021
143 359 9 13 0.021
308 422 9 9 0.021
873 139 9 10 0.020
307 420 7 9 0.020
230 526 11 17 0.020
354 104 7 8 0.020
