17_Ceremony_Ceremony_17_218
43
856 423 33 40 0.863
390 530 41 50 0.861
39 418 36 43 0.859
11 367 36 44 0.859
765 462 41 57 0.856
513 521 47 61 0.854
47 517 41 49 0.851
55 313 35 42 0.850
640 472 47 58 0.850
325 483 37 45 0.850
549 434 33 39 0.849
135 553 41 50 0.847
253 385 34 41 0.846
891 507 42 51 0.843
155 367 35 40 0.842
940 486 37 42 0.840
963 422 35 38 0.837
723 304 27 33 0.837
705 426 33 39 0.836
292 319 31 39 0.836
1000 363 24 42 0.836
249 500 41 55 0.835
198 431 41 53 0.834
463 460 33 38 0.834
823 327 30 36 0.832
925 351 31 36 0.831
870 375 31 37 0.828
492 400 33 41 0.827
183 312 31 39 0.820
67 458 43 52 0.816
563 331 26 33 0.816
364 411 38 43 0.816
640 325 29 33 0.814
763 363 30 35 0.811
631 436 33 40 0.801
514 332 27 31 0.794
367 363 35 36 0.767
801 460 31 42 0.750
912 672 70 71 0.707
1008 546 16 40 0.650
0 690 67 78 0.114
893 638 46 65 0.036
899 653 60 79 0.023
