17_Ceremony_Ceremony_17_227
30
262 493 12 16 0.700
909 453 11 13 0.662
164 495 12 16 0.656
114 497 12 15 0.621
311 490 13 16 0.611
958 463 12 13 0.607
574 460 12 16 0.588
185 654 11 15 0.107
263 743 16 16 0.097
189 523 11 13 0.073
262 488 12 16 0.062
256 471 10 13 0.052
372 671 13 13 0.050
188 656 12 15 0.049
493 442 7 10 0.049
985 696 10 16 0.046
211 519 13 15 0.037
861 427 7 9 0.036
458 726 11 15 0.033
35 707 13 16 0.032
191 519 12 17 0.031
981 639 10 17 0.031
0 721 13 24 0.030
712 694 11 14 0.029
942 678 12 19 0.026
822 609 12 15 0.025
190 517 24 19 0.023
0 694 7 16 0.023
90 524 9 13 0.023
1014 682 10 19 0.021
