17_Ceremony_Ceremony_17_220
28
378 302 11 14 0.666
582 290 12 13 0.643
484 300 12 15 0.634
652 285 11 16 0.585
427 312 10 13 0.430
901 394 11 19 0.292
211 378 11 18 0.122
164 385 9 14 0.112
955 395 12 14 0.087
552 379 14 16 0.084
56 367 12 17 0.071
349 342 9 11 0.060
448 367 13 17 0.047
457 387 13 22 0.046
904 389 17 22 0.044
106 369 12 16 0.039
714 202 21 24 0.037
342 368 14 18 0.037
645 279 10 13 0.031
339 370 11 14 0.031
52 371 15 21 0.030
443 366 14 17 0.029
309 385 14 22 0.029
458 381 14 20 0.028
59 365 14 13 0.028
184 379 42 18 0.022
382 338 10 13 0.021
920 396 15 19 0.021
