17_Ceremony_Ceremony_17_271
26
732 370 21 30 0.767
572 381 18 27 0.715
601 373 20 29 0.662
517 386 20 27 0.510
254 385 18 25 0.500
516 432 23 32 0.392
966 453 16 18 0.207
181 598 33 51 0.121
75 397 10 12 0.092
470 234 15 19 0.052
484 371 15 20 0.048
880 452 12 16 0.045
475 235 17 20 0.042
535 585 30 37 0.040
465 233 15 19 0.039
56 447 11 14 0.038
878 457 12 17 0.031
606 444 21 19 0.030
482 370 28 23 0.027
171 604 31 51 0.025
575 351 11 15 0.025
481 238 13 17 0.024
546 284 11 12 0.022
747 450 23 36 0.022
67 465 11 13 0.021
530 582 27 35 0.020
