17_Ceremony_Ceremony_17_944
45
841 456 12 17 0.652
472 428 13 16 0.636
516 424 12 16 0.612
173 469 12 16 0.558
199 464 12 17 0.547
813 459 12 16 0.540
758 451 11 16 0.509
707 540 25 29 0.506
0 523 17 30 0.473
153 467 11 15 0.461
275 475 13 17 0.456
233 461 12 16 0.439
955 548 22 40 0.413
636 448 10 16 0.297
11 541 18 21 0.124
877 599 34 50 0.117
149 467 31 16 0.112
161 536 13 20 0.081
877 523 14 24 0.078
829 456 21 18 0.070
497 436 9 12 0.066
226 461 15 16 0.057
163 527 14 24 0.056
703 458 12 17 0.041
207 531 13 24 0.039
279 531 18 19 0.037
126 570 21 29 0.037
6 515 13 21 0.037
273 476 15 28 0.036
520 425 13 17 0.033
146 459 9 12 0.032
166 521 16 20 0.031
242 550 15 23 0.030
244 471 12 15 0.030
717 457 12 16 0.030
471 429 28 14 0.029
543 433 8 11 0.029
1013 548 10 35 0.029
453 434 9 10 0.026
291 525 15 20 0.025
275 532 13 19 0.024
132 562 20 30 0.023
14 548 17 18 0.022
164 526 28 26 0.021
86 541 26 24 0.020
