17_Ceremony_Ceremony_17_592
45
59 308 17 22 0.761
161 251 32 38 0.754
509 287 15 17 0.723
300 281 16 21 0.716
6 370 16 19 0.690
593 320 11 14 0.671
694 185 27 44 0.637
400 283 18 23 0.562
196 337 18 20 0.521
789 340 13 13 0.504
553 303 11 14 0.428
851 127 26 41 0.359
651 291 16 19 0.342
708 349 9 11 0.335
556 322 8 11 0.318
729 322 10 12 0.303
268 342 13 16 0.218
207 309 13 16 0.189
594 286 13 14 0.186
176 250 28 36 0.156
640 401 15 22 0.151
374 204 33 41 0.108
555 306 9 29 0.098
786 337 13 16 0.069
267 403 8 11 0.068
104 321 11 15 0.064
271 338 14 19 0.062
259 402 8 10 0.058
597 285 15 16 0.053
281 286 11 13 0.051
705 343 14 17 0.046
556 263 10 12 0.043
595 252 11 13 0.040
538 329 9 11 0.040
854 120 32 36 0.037
383 172 16 17 0.033
654 294 18 21 0.031
389 256 15 25 0.028
1003 379 9 11 0.027
264 347 15 15 0.024
253 308 14 16 0.023
962 262 15 19 0.022
705 349 8 12 0.021
543 281 10 13 0.021
647 401 16 22 0.020
