17_Ceremony_Ceremony_17_418
153
204 122 24 28 0.785
586 130 17 21 0.772
250 105 21 26 0.771
88 135 26 33 0.768
558 178 24 31 0.765
275 134 21 24 0.755
785 290 32 37 0.745
508 113 23 27 0.745
716 169 25 31 0.743
146 166 24 28 0.739
468 122 18 21 0.737
168 110 21 24 0.733
868 140 16 20 0.729
660 124 17 21 0.723
23 151 28 31 0.722
787 195 22 29 0.720
626 132 18 21 0.718
927 246 24 36 0.716
380 115 18 22 0.708
564 126 13 16 0.683
764 131 17 20 0.682
314 114 21 23 0.682
299 141 24 27 0.678
859 108 11 15 0.641
940 125 12 15 0.640
970 222 18 22 0.637
905 130 12 14 0.632
362 124 19 23 0.628
983 153 16 18 0.619
118 87 12 15 0.618
967 124 11 14 0.618
699 155 19 23 0.608
703 129 17 21 0.602
1006 150 12 15 0.589
12 118 22 25 0.589
582 103 13 16 0.588
686 135 16 21 0.582
949 197 17 22 0.560
298 79 15 20 0.540
62 93 12 16 0.532
183 81 14 17 0.487
354 147 24 29 0.486
892 127 12 14 0.465
992 205 15 19 0.422
933 157 14 16 0.417
787 146 15 20 0.415
1002 174 13 17 0.414
405 100 15 18 0.372
861 204 22 28 0.320
73 78 11 13 0.314
458 106 12 17 0.296
132 127 18 23 0.286
368 116 31 23 0.259
127 68 9 11 0.237
1016 203 8 23 0.234
419 135 19 23 0.231
985 129 12 15 0.213
1003 165 14 26 0.213
811 155 19 24 0.196
959 219 23 21 0.183
951 202 19 24 0.183
877 168 11 15 0.180
82 65 9 10 0.174
112 121 16 22 0.172
651 154 15 19 0.170
953 216 17 19 0.167
152 93 12 15 0.149
462 112 20 19 0.136
455 140 20 23 0.127
1016 124 8 14 0.122
420 142 18 22 0.121
1005 175 15 19 0.108
207 100 20 22 0.107
76 70 11 21 0.104
92 87 14 14 0.104
961 148 14 16 0.103
164 144 19 22 0.094
327 95 17 21 0.091
417 127 19 21 0.090
146 152 24 30 0.087
77 98 11 12 0.086
148 89 11 14 0.082
179 62 15 75 0.077
111 116 16 20 0.072
989 130 11 14 0.071
377 92 16 16 0.071
852 165 14 17 0.070
70 91 14 18 0.068
127 74 14 17 0.066
267 224 24 28 0.065
98 81 13 17 0.063
293 106 16 19 0.063
751 131 14 15 0.062
383 93 15 16 0.061
782 127 12 14 0.059
141 82 13 15 0.059
881 162 14 16 0.056
705 120 15 18 0.055
207 71 11 14 0.054
154 142 24 28 0.050
585 117 15 29 0.049
1 122 16 20 0.049
49 118 17 17 0.048
13 114 19 21 0.048
819 141 15 21 0.048
971 146 18 18 0.047
791 133 14 18 0.046
783 151 17 21 0.046
165 82 14 13 0.046
99 72 12 11 0.046
188 124 16 21 0.045
1008 277 16 37 0.044
753 240 26 29 0.042
755 132 14 18 0.040
161 84 11 14 0.040
962 176 13 17 0.040
98 125 26 35 0.038
205 105 23 31 0.037
954 143 14 17 0.037
927 168 17 20 0.036
878 167 19 20 0.036
360 130 23 30 0.035
635 138 33 36 0.034
391 96 22 19 0.032
461 145 18 22 0.031
124 64 14 33 0.031
86 65 8 10 0.031
40 153 25 31 0.031
977 210 18 22 0.028
445 145 17 20 0.028
206 64 11 13 0.027
847 163 14 18 0.026
110 136 20 29 0.025
165 78 11 13 0.025
492 127 15 18 0.025
223 61 10 11 0.025
142 150 23 24 0.025
710 64 7 8 0.025
894 164 13 17 0.024
449 137 16 19 0.024
921 173 16 19 0.023
244 84 14 18 0.023
182 75 36 30 0.023
341 145 21 26 0.023
60 116 16 18 0.023
131 68 16 15 0.022
165 121 19 29 0.022
181 119 20 23 0.022
374 85 22 41 0.022
689 128 11 15 0.022
144 83 25 15 0.022
54 160 22 26 0.021
206 65 14 18 0.020
