17_Ceremony_Ceremony_17_803
58
652 84 87 121 0.870
319 26 103 131 0.854
942 174 26 32 0.814
605 143 20 26 0.740
172 143 19 24 0.737
91 139 25 31 0.734
575 140 14 18 0.728
0 55 95 271 0.722
627 108 14 18 0.702
598 124 15 18 0.700
527 115 14 19 0.690
441 115 15 19 0.673
150 122 16 19 0.671
633 150 18 26 0.634
417 115 14 17 0.617
125 123 16 21 0.616
505 115 14 17 0.602
162 106 14 16 0.597
567 116 14 17 0.547
89 110 14 18 0.532
480 120 14 18 0.528
492 130 15 19 0.505
195 131 13 18 0.462
161 70 9 11 0.449
485 122 16 22 0.445
114 143 16 22 0.433
211 127 14 16 0.412
205 106 10 12 0.351
558 127 12 18 0.296
540 155 17 23 0.230
204 129 17 17 0.206
219 117 14 15 0.173
240 125 14 20 0.170
156 112 16 27 0.162
478 120 33 20 0.147
197 121 11 16 0.147
187 76 8 9 0.122
548 155 17 23 0.121
122 124 32 20 0.100
230 106 9 12 0.090
599 116 16 41 0.086
394 136 17 19 0.086
160 67 11 22 0.063
109 121 13 15 0.062
210 126 49 18 0.053
601 112 27 77 0.050
216 95 8 10 0.049
87 111 21 27 0.041
636 131 14 23 0.041
244 113 8 11 0.038
557 2 7 8 0.029
461 119 15 17 0.028
463 114 14 15 0.027
569 112 10 12 0.024
208 100 15 15 0.023
225 133 11 13 0.022
210 100 20 19 0.021
529 119 20 16 0.020
