3_Riot_Riot_3_26
110
231 356 37 46 0.839
205 207 32 37 0.824
249 92 26 30 0.814
193 43 22 30 0.800
658 60 27 34 0.799
853 388 27 39 0.798
937 162 28 37 0.794
251 229 31 36 0.790
276 353 31 41 0.790
358 72 28 30 0.786
846 35 28 31 0.786
791 62 25 30 0.786
325 357 31 41 0.786
718 392 30 43 0.783
464 74 27 30 0.782
818 8 24 30 0.779
988 185 31 37 0.777
296 49 26 32 0.771
1002 41 22 34 0.769
899 155 27 32 0.765
645 0 27 20 0.762
467 208 30 33 0.760
894 44 26 30 0.757
784 212 28 33 0.750
15 100 26 28 0.748
357 222 31 36 0.743
422 371 32 45 0.732
258 332 29 35 0.730
940 0 27 26 0.728
337 422 27 40 0.724
938 406 31 43 0.720
675 227 30 33 0.719
94 359 24 36 0.713
415 348 30 38 0.704
556 234 30 33 0.703
975 14 25 31 0.698
725 357 30 36 0.691
762 35 27 32 0.689
53 192 28 34 0.689
536 95 22 27 0.667
647 208 25 30 0.662
678 353 31 36 0.638
891 236 32 37 0.615
207 431 25 40 0.560
784 368 25 35 0.552
428 213 25 31 0.551
275 208 27 34 0.536
955 374 26 36 0.528
58 325 27 36 0.513
149 329 29 37 0.512
508 69 25 32 0.477
865 342 27 34 0.462
957 415 31 42 0.453
897 478 26 40 0.440
791 448 17 33 0.436
51 240 30 36 0.411
733 487 25 38 0.411
656 389 22 33 0.403
792 341 24 28 0.393
533 211 28 33 0.384
917 352 23 35 0.349
779 384 27 40 0.313
876 412 22 36 0.298
644 348 23 34 0.215
129 401 21 33 0.167
859 462 21 32 0.152
211 489 22 34 0.121
820 364 25 31 0.097
976 547 29 52 0.096
527 516 20 37 0.085
728 483 22 39 0.075
1004 302 19 42 0.071
905 524 21 38 0.062
127 357 25 32 0.059
209 413 28 38 0.054
877 5 21 27 0.054
755 429 22 34 0.052
789 523 29 43 0.052
62 560 18 43 0.051
471 435 19 34 0.050
875 352 25 34 0.050
691 50 19 26 0.047
280 215 25 34 0.042
997 459 21 39 0.041
913 337 21 32 0.039
884 329 25 28 0.036
0 257 6 28 0.036
337 205 28 29 0.035
864 432 27 57 0.035
380 523 20 36 0.033
784 396 26 40 0.032
901 491 30 44 0.031
761 369 28 33 0.029
186 386 33 40 0.029
344 213 33 33 0.028
986 415 31 46 0.027
68 321 19 32 0.027
734 311 25 36 0.027
125 408 24 36 0.026
966 562 24 43 0.026
892 246 26 36 0.025
793 365 36 35 0.025
150 342 22 27 0.025
471 255 29 34 0.024
765 383 33 41 0.024
950 378 53 75 0.024
603 47 22 32 0.023
0 556 16 42 0.021
971 419 33 41 0.021
738 494 29 37 0.021
