3_Riot_Riot_3_1037
42
0 681 93 115 0.854
56 497 52 64 0.845
675 413 44 55 0.841
678 139 33 42 0.837
602 182 28 35 0.831
299 156 33 45 0.831
772 176 29 35 0.825
971 211 34 42 0.818
718 156 24 27 0.788
446 453 11 13 0.570
434 444 10 13 0.521
331 443 9 11 0.374
318 447 11 14 0.339
422 456 9 11 0.312
273 445 13 17 0.225
467 427 9 11 0.158
426 449 16 14 0.142
409 458 11 10 0.098
123 193 40 57 0.098
370 451 27 29 0.097
644 583 18 22 0.095
290 461 24 31 0.080
415 457 15 10 0.078
313 447 18 19 0.074
446 445 10 12 0.070
479 434 9 15 0.058
471 440 15 19 0.058
520 211 51 55 0.053
476 426 11 25 0.053
87 165 46 52 0.051
462 446 15 17 0.046
471 449 15 18 0.040
465 426 15 16 0.038
479 428 8 11 0.033
478 442 12 19 0.033
799 567 52 67 0.030
291 440 18 19 0.026
293 438 12 15 0.025
296 456 21 25 0.024
599 170 23 35 0.023
82 148 17 17 0.022
277 449 20 21 0.022
