3_Riot_Riot_3_790
25
207 277 25 30 0.781
787 251 16 21 0.773
244 255 17 21 0.717
930 274 13 17 0.701
812 269 20 23 0.688
484 262 11 14 0.670
987 276 15 17 0.661
327 260 15 18 0.611
432 271 14 17 0.610
513 262 17 18 0.563
261 243 15 16 0.374
142 265 17 21 0.084
514 303 15 17 0.075
996 253 14 15 0.068
835 264 13 21 0.067
1015 251 9 19 0.066
1017 258 7 21 0.050
831 271 15 19 0.048
512 256 16 18 0.036
218 252 15 20 0.035
774 253 12 17 0.027
928 272 12 16 0.026
838 261 10 15 0.025
347 417 42 40 0.024
1016 270 8 25 0.023
