3_Riot_Riot_3_958
64
108 29 27 34 0.823
567 108 54 73 0.823
236 11 27 36 0.809
137 3 27 34 0.804
14 7 37 48 0.794
54 24 26 31 0.777
69 3 26 32 0.759
865 19 38 45 0.756
521 46 26 33 0.751
924 72 27 34 0.748
404 24 36 50 0.729
373 33 26 32 0.726
775 39 30 35 0.718
667 57 20 25 0.717
710 32 21 28 0.710
210 29 22 25 0.708
336 36 22 29 0.703
499 31 21 28 0.673
825 48 22 25 0.668
312 35 21 28 0.646
607 47 16 19 0.637
954 58 29 35 0.621
0 23 9 27 0.428
974 19 19 24 0.427
396 19 20 29 0.397
462 39 19 27 0.388
754 64 20 27 0.382
291 38 17 22 0.381
183 23 16 19 0.376
306 29 18 27 0.323
484 49 17 23 0.284
772 42 21 29 0.210
396 19 28 41 0.208
1014 42 10 30 0.202
575 52 18 21 0.200
961 13 21 28 0.192
491 36 24 26 0.142
640 56 11 13 0.141
579 50 18 21 0.121
178 29 19 20 0.118
832 43 20 28 0.111
636 57 12 14 0.094
763 58 19 27 0.094
950 62 24 35 0.093
845 37 17 28 0.092
185 26 17 23 0.091
704 43 16 24 0.088
650 65 12 17 0.084
309 1 15 13 0.069
647 60 9 13 0.066
172 34 14 19 0.066
633 59 13 14 0.057
456 35 19 28 0.054
479 56 20 27 0.050
638 57 16 18 0.049
944 48 26 29 0.048
0 19 17 34 0.044
1007 52 16 32 0.035
697 48 18 18 0.034
5 27 26 31 0.028
690 45 14 19 0.024
186 46 18 21 0.022
541 32 21 28 0.020
398 37 28 39 0.020
