3_Riot_Riot_3_415
38
842 415 27 38 0.733
517 266 22 29 0.695
390 265 22 31 0.691
138 209 22 26 0.684
978 360 17 26 0.665
798 238 17 26 0.640
714 233 18 28 0.635
654 242 17 27 0.611
442 224 19 30 0.607
289 237 20 30 0.604
554 259 15 26 0.445
905 217 21 29 0.429
659 300 18 32 0.410
867 390 21 26 0.348
894 229 20 29 0.345
309 281 22 26 0.239
746 260 22 28 0.223
510 249 21 30 0.218
514 255 19 33 0.155
153 250 23 28 0.141
1002 277 18 24 0.101
227 270 22 24 0.101
1006 388 18 34 0.100
212 261 21 24 0.098
216 264 30 26 0.078
364 291 21 25 0.076
275 232 21 33 0.061
555 262 20 28 0.057
336 317 23 29 0.056
152 261 23 29 0.051
895 251 19 28 0.030
749 268 23 29 0.027
271 240 18 31 0.027
151 244 22 25 0.026
873 391 24 28 0.025
149 272 21 28 0.025
154 280 21 24 0.023
230 265 19 23 0.020
