3_Riot_Riot_3_354
28
498 176 21 31 0.705
405 160 22 29 0.693
618 97 16 20 0.679
915 110 19 21 0.585
390 243 26 55 0.561
238 154 23 26 0.497
429 121 15 20 0.418
701 103 14 18 0.292
979 145 19 28 0.248
565 133 13 25 0.166
474 126 13 21 0.128
811 103 14 17 0.117
738 73 10 12 0.106
784 91 14 14 0.075
203 249 34 54 0.052
803 120 18 31 0.049
548 94 13 16 0.044
248 155 21 24 0.043
986 145 16 25 0.041
704 105 16 20 0.040
686 141 14 22 0.037
784 89 25 18 0.032
814 97 15 18 0.031
1007 113 10 14 0.030
543 94 16 20 0.029
478 131 20 21 0.027
449 23 16 23 0.026
1007 241 16 27 0.023
