44_Aerobics_Aerobics_44_852
45
387 273 37 43 0.825
699 260 41 47 0.825
439 251 28 34 0.817
237 255 27 34 0.803
487 230 23 29 0.798
120 290 28 37 0.786
92 256 22 25 0.786
328 223 19 23 0.779
223 223 15 19 0.749
946 202 20 23 0.748
266 240 19 27 0.742
349 213 16 20 0.741
190 237 16 19 0.725
0 241 14 19 0.719
170 242 16 20 0.710
908 189 18 20 0.691
493 202 16 18 0.616
847 195 16 19 0.554
675 226 19 20 0.472
685 239 21 28 0.464
290 232 14 20 0.334
560 235 24 30 0.327
715 228 22 22 0.264
276 235 21 22 0.226
635 238 19 22 0.211
612 201 14 19 0.120
834 185 11 13 0.108
531 245 20 25 0.087
120 261 14 16 0.086
549 236 23 26 0.082
649 196 12 16 0.068
285 228 16 20 0.063
269 233 18 19 0.054
712 227 19 18 0.051
534 240 18 23 0.050
876 171 9 12 0.048
724 226 17 20 0.045
844 189 15 17 0.035
704 231 25 28 0.027
0 274 7 26 0.027
625 220 19 22 0.026
618 201 13 16 0.025
1018 222 6 26 0.023
473 223 15 20 0.023
630 224 17 22 0.021
