2_Demonstration_Demonstration_Or_Protest_2_795
96
451 435 138 157 0.846
408 143 12 15 0.480
465 132 11 14 0.450
445 140 11 13 0.401
224 135 9 12 0.400
620 147 13 15 0.382
674 148 13 14 0.381
368 140 12 14 0.372
750 142 14 15 0.353
134 142 10 12 0.351
263 136 10 13 0.350
587 138 12 14 0.332
163 153 11 13 0.293
332 140 12 14 0.281
91 145 10 11 0.274
572 136 12 13 0.273
237 137 9 11 0.247
531 138 10 12 0.212
307 139 13 15 0.180
380 137 13 14 0.166
551 138 11 12 0.166
482 143 13 15 0.154
188 140 11 13 0.137
221 137 18 11 0.135
153 143 9 12 0.132
720 141 11 14 0.131
302 138 13 15 0.126
676 138 12 17 0.118
107 144 8 10 0.116
261 133 10 11 0.110
333 129 11 14 0.107
604 139 12 13 0.106
299 140 12 14 0.102
460 132 20 15 0.101
326 137 20 17 0.095
158 148 14 13 0.094
439 135 38 15 0.092
656 129 10 12 0.091
485 137 15 17 0.090
73 141 8 9 0.089
346 141 11 13 0.089
677 133 10 12 0.082
671 150 11 12 0.081
657 142 12 15 0.076
540 130 11 12 0.075
492 132 11 13 0.070
343 135 14 17 0.067
728 143 14 15 0.065
567 136 33 15 0.063
86 145 12 11 0.063
614 139 17 19 0.060
696 144 12 14 0.058
529 136 25 14 0.058
657 126 9 23 0.055
517 186 19 21 0.054
91 146 26 9 0.052
725 139 14 16 0.051
545 129 11 13 0.050
592 137 29 13 0.050
624 138 13 17 0.050
408 136 13 15 0.050
334 141 16 16 0.047
544 135 16 16 0.047
566 136 15 15 0.046
692 146 15 15 0.044
309 142 13 21 0.043
54 154 10 11 0.041
318 144 26 13 0.041
533 140 18 14 0.041
575 133 39 21 0.040
232 137 12 14 0.039
488 134 13 15 0.037
692 150 11 13 0.036
715 140 38 16 0.036
733 149 10 13 0.035
344 149 12 15 0.034
818 137 8 12 0.031
266 133 10 11 0.031
307 130 10 11 0.031
479 179 18 19 0.029
315 158 11 16 0.029
45 10 7 9 0.027
612 131 12 13 0.027
827 133 9 11 0.024
527 137 42 17 0.024
344 129 12 13 0.023
639 124 11 10 0.023
820 139 10 10 0.023
100 141 54 14 0.022
61 144 16 17 0.022
381 132 12 13 0.021
518 136 11 13 0.021
0 222 10 20 0.021
191 153 12 13 0.021
818 135 18 10 0.021
778 134 11 11 0.020
