2_Demonstration_Political_Rally_2_791
139
650 273 69 87 0.857
544 296 73 91 0.855
396 348 64 82 0.853
206 411 75 89 0.849
593 36 71 90 0.843
778 365 67 86 0.841
403 135 60 85 0.829
331 541 41 37 0.795
20 545 38 34 0.795
490 539 37 37 0.792
42 469 24 30 0.759
993 519 28 33 0.754
322 469 27 32 0.740
860 521 27 34 0.737
957 512 28 29 0.724
826 541 37 37 0.698
588 481 20 29 0.682
399 527 32 38 0.667
924 492 21 27 0.636
59 439 19 24 0.628
938 551 34 27 0.619
963 431 21 26 0.608
655 492 25 30 0.555
312 434 25 29 0.555
1004 411 18 24 0.526
1006 493 18 34 0.475
129 528 23 27 0.470
15 510 22 30 0.447
26 452 19 23 0.386
83 517 26 31 0.374
737 536 41 37 0.365
858 495 19 23 0.360
985 569 35 9 0.352
36 398 16 17 0.343
677 519 38 45 0.338
300 565 32 14 0.297
908 539 33 36 0.294
79 393 21 27 0.289
104 452 18 23 0.286
59 534 29 36 0.267
668 543 39 36 0.261
44 517 27 31 0.255
615 471 17 21 0.247
374 536 26 30 0.238
330 400 22 26 0.237
1014 466 10 28 0.216
160 560 36 18 0.203
474 521 21 26 0.197
344 507 24 28 0.195
85 472 18 25 0.188
653 426 13 15 0.172
624 503 21 27 0.168
61 555 32 24 0.161
690 480 16 23 0.161
948 467 16 23 0.148
1011 469 13 44 0.147
945 327 14 17 0.142
690 515 33 44 0.141
324 399 22 25 0.139
453 486 17 20 0.116
41 428 16 20 0.112
936 350 17 22 0.110
644 461 25 31 0.109
962 339 15 20 0.106
56 526 28 33 0.103
64 565 35 14 0.096
1018 370 6 21 0.094
90 486 24 27 0.093
972 384 17 20 0.091
1005 435 18 26 0.090
669 429 12 16 0.089
371 542 26 34 0.082
681 451 13 18 0.075
653 474 31 53 0.074
715 441 14 16 0.074
920 483 23 57 0.068
1001 404 19 26 0.068
662 503 48 56 0.067
798 536 30 37 0.065
639 468 22 28 0.065
313 387 20 28 0.063
812 322 13 16 0.060
885 513 21 29 0.058
74 520 30 35 0.057
994 344 15 18 0.055
337 404 22 25 0.054
828 481 26 29 0.053
31 366 15 25 0.052
123 518 25 30 0.049
907 287 18 26 0.049
611 468 15 22 0.048
339 457 20 29 0.046
86 476 24 70 0.045
974 358 17 20 0.044
122 531 28 32 0.044
708 464 15 22 0.041
624 446 10 14 0.040
749 534 41 34 0.040
938 320 21 53 0.040
380 493 25 27 0.039
311 396 20 26 0.038
1 499 17 25 0.038
643 496 36 32 0.037
882 303 17 23 0.035
434 504 20 27 0.035
1014 337 10 21 0.035
91 474 21 30 0.034
334 371 16 19 0.034
26 474 19 25 0.032
664 531 34 42 0.031
694 485 19 23 0.031
21 465 24 29 0.031
137 449 15 19 0.031
81 468 19 24 0.030
307 429 22 30 0.030
405 492 25 27 0.030
972 368 18 25 0.030
1010 446 13 31 0.029
493 371 18 25 0.029
832 487 28 28 0.029
78 401 19 24 0.028
381 491 39 33 0.026
973 393 19 21 0.025
981 396 17 20 0.025
557 559 52 19 0.025
310 471 22 29 0.024
997 396 18 23 0.024
342 397 19 22 0.024
957 422 15 20 0.024
34 409 22 36 0.024
846 496 26 27 0.024
56 372 14 17 0.023
315 381 18 22 0.023
998 339 17 21 0.022
823 532 34 42 0.021
685 522 23 29 0.021
671 429 19 39 0.021
104 487 20 26 0.021
996 352 14 20 0.020
