2_Demonstration_Political_Rally_2_741
25
574 480 44 56 0.830
124 498 30 53 0.664
738 475 16 22 0.564
670 434 13 16 0.460
206 475 23 38 0.430
658 441 9 11 0.216
644 441 9 10 0.199
235 412 33 38 0.198
314 333 25 35 0.196
730 447 15 22 0.130
531 441 14 14 0.105
555 428 17 19 0.084
770 472 12 19 0.067
243 431 26 40 0.046
782 435 15 19 0.040
717 448 20 22 0.035
757 448 14 17 0.033
307 325 29 38 0.032
527 441 14 15 0.028
645 441 12 14 0.028
731 447 20 15 0.028
704 446 17 21 0.028
245 413 21 28 0.025
622 440 10 13 0.023
828 454 12 12 0.021
