2_Demonstration_Demonstration_Or_Protest_2_360
299
858 601 62 70 0.876
650 619 50 55 0.842
513 598 43 54 0.820
619 592 28 37 0.787
954 579 56 68 0.770
777 585 27 32 0.767
681 560 27 31 0.759
562 644 52 43 0.755
476 576 27 35 0.730
391 622 49 56 0.715
556 568 22 27 0.696
615 547 23 29 0.696
583 556 24 27 0.690
781 550 23 27 0.681
783 621 39 39 0.673
501 553 20 24 0.666
145 603 28 34 0.655
666 544 16 19 0.646
195 633 43 45 0.645
368 579 17 21 0.627
539 543 17 19 0.625
326 644 40 43 0.611
319 564 19 23 0.606
520 529 10 13 0.592
344 588 21 22 0.577
646 571 18 22 0.572
71 640 42 45 0.565
799 531 15 18 0.517
339 554 14 17 0.463
325 624 28 39 0.420
434 600 23 29 0.420
372 559 14 17 0.407
685 529 12 14 0.386
438 578 16 18 0.382
433 558 11 14 0.358
58 646 46 48 0.347
924 571 29 38 0.345
904 518 12 14 0.341
598 536 12 14 0.338
749 533 11 14 0.337
821 534 17 18 0.333
41 631 30 34 0.330
394 564 13 14 0.330
278 566 10 13 0.316
329 541 10 12 0.313
756 571 20 26 0.295
768 530 13 14 0.293
305 558 12 16 0.292
167 552 13 14 0.271
959 529 16 21 0.266
214 575 25 27 0.266
150 573 18 20 0.263
143 570 16 19 0.262
860 523 18 18 0.260
401 549 11 14 0.251
103 591 24 29 0.240
275 544 11 14 0.216
597 533 12 14 0.213
171 618 28 41 0.211
690 534 16 17 0.206
612 530 10 13 0.194
778 514 9 11 0.191
418 544 11 15 0.191
815 521 11 12 0.189
456 547 14 17 0.184
687 530 16 18 0.179
775 527 10 14 0.174
155 534 10 13 0.173
382 543 11 12 0.171
815 579 32 37 0.171
104 550 13 16 0.170
135 551 14 16 0.168
882 527 11 14 0.166
756 520 11 12 0.166
443 654 42 33 0.160
628 529 12 15 0.158
638 541 14 15 0.153
430 554 17 17 0.152
908 547 23 22 0.147
715 532 14 18 0.146
348 592 26 30 0.144
76 578 16 21 0.141
420 533 9 12 0.139
613 527 8 11 0.138
368 535 8 10 0.135
629 532 18 30 0.134
121 606 22 27 0.129
253 559 14 17 0.128
398 547 12 31 0.127
986 661 38 65 0.126
207 667 43 43 0.124
816 535 21 26 0.122
52 634 32 39 0.120
539 518 10 11 0.111
614 543 18 28 0.110
423 565 13 14 0.107
43 596 26 27 0.106
317 522 9 12 0.100
764 554 17 18 0.099
1 625 26 34 0.098
577 608 33 39 0.096
250 564 15 19 0.095
203 643 55 35 0.095
1006 558 18 33 0.094
715 506 10 11 0.094
66 602 23 23 0.093
566 528 10 15 0.091
650 527 13 14 0.091
312 531 11 14 0.090
812 507 10 12 0.090
191 526 11 12 0.090
40 541 13 14 0.089
712 528 13 18 0.087
578 539 14 15 0.087
982 562 22 27 0.086
989 559 30 36 0.086
32 571 22 26 0.086
487 539 14 14 0.085
447 545 21 18 0.084
811 532 29 22 0.084
691 508 11 21 0.084
463 512 11 15 0.081
35 564 20 26 0.080
97 575 21 22 0.079
813 544 21 23 0.078
469 620 35 42 0.077
478 553 11 15 0.076
347 538 10 12 0.076
10 539 12 15 0.075
692 536 22 18 0.075
1010 546 14 31 0.074
725 556 17 24 0.073
902 520 12 14 0.073
900 515 12 14 0.072
454 543 19 27 0.072
615 569 20 21 0.072
107 546 12 14 0.070
329 628 40 47 0.069
770 516 17 21 0.069
882 514 11 12 0.068
665 525 15 18 0.068
29 572 17 30 0.065
579 522 14 24 0.064
999 563 25 37 0.063
387 514 9 10 0.062
401 551 26 14 0.062
1012 540 12 27 0.062
0 560 10 15 0.062
437 552 15 57 0.061
442 532 12 14 0.060
413 544 19 21 0.059
904 501 14 57 0.059
0 619 20 26 0.059
637 544 14 19 0.058
975 560 33 39 0.058
943 498 14 14 0.058
205 625 39 44 0.058
28 585 16 22 0.057
852 523 15 18 0.057
983 504 12 15 0.057
993 528 20 24 0.056
974 539 14 19 0.055
42 641 31 38 0.055
774 513 9 11 0.054
29 584 26 27 0.054
744 530 24 19 0.053
363 535 13 16 0.053
802 497 9 11 0.053
522 518 11 31 0.053
300 535 10 11 0.052
333 493 6 7 0.052
409 511 9 16 0.052
89 545 12 14 0.051
130 649 21 30 0.051
968 505 11 16 0.051
45 592 27 85 0.051
77 576 27 23 0.049
29 567 19 23 0.049
347 534 11 29 0.049
733 550 19 23 0.049
660 507 9 15 0.048
311 530 11 30 0.047
39 554 17 27 0.047
313 525 16 24 0.047
598 595 21 28 0.046
29 562 30 48 0.045
489 530 11 25 0.044
442 577 16 19 0.044
41 563 17 20 0.044
272 558 36 24 0.043
753 519 11 14 0.043
365 561 14 17 0.043
159 565 15 19 0.043
884 546 14 17 0.042
856 523 43 21 0.041
722 553 16 24 0.041
436 589 21 27 0.041
462 515 20 14 0.041
89 548 18 15 0.041
649 517 13 24 0.040
219 583 21 23 0.040
688 593 35 37 0.039
17 603 17 23 0.039
1011 514 11 13 0.039
581 515 16 26 0.038
434 578 22 28 0.038
653 542 31 19 0.038
719 560 17 24 0.038
566 514 10 29 0.038
884 538 13 21 0.037
32 635 32 40 0.037
997 525 25 40 0.037
3 633 27 39 0.037
686 507 15 13 0.036
413 565 22 14 0.036
960 518 15 24 0.036
93 517 8 14 0.035
252 563 29 25 0.035
795 508 12 27 0.035
538 498 8 9 0.034
629 515 10 29 0.034
495 530 12 20 0.034
160 534 22 12 0.033
847 516 17 17 0.032
725 532 25 15 0.032
42 524 10 11 0.032
609 530 33 15 0.031
481 540 12 21 0.031
540 523 13 33 0.031
223 552 16 18 0.031
218 565 24 25 0.031
720 538 26 17 0.031
797 499 11 27 0.030
119 526 13 15 0.030
37 536 11 20 0.030
552 524 15 25 0.030
929 529 12 14 0.030
490 534 19 26 0.030
713 510 11 32 0.030
693 502 8 10 0.030
53 589 19 22 0.029
756 578 21 29 0.029
40 580 35 47 0.029
440 534 11 33 0.029
805 503 18 19 0.029
13 385 35 36 0.028
433 619 29 38 0.028
994 513 21 43 0.028
186 571 21 25 0.028
713 523 26 40 0.028
175 545 13 19 0.028
704 519 20 19 0.028
220 551 13 13 0.027
135 576 18 18 0.027
855 534 16 19 0.027
257 534 37 68 0.027
632 524 27 30 0.027
188 562 16 24 0.027
392 571 17 22 0.027
360 516 9 24 0.027
699 600 32 40 0.027
423 572 19 20 0.027
56 523 10 25 0.026
1004 623 20 42 0.026
713 498 16 21 0.026
563 531 15 25 0.025
639 499 10 26 0.025
70 567 40 42 0.025
310 527 35 44 0.025
33 554 13 15 0.025
546 510 19 27 0.024
876 545 22 25 0.024
161 519 10 12 0.024
265 570 18 27 0.024
348 505 8 19 0.024
858 514 11 13 0.024
368 536 26 25 0.024
18 652 26 32 0.024
57 526 15 20 0.023
337 519 12 14 0.023
175 637 26 36 0.023
39 537 19 22 0.023
407 508 15 27 0.023
992 612 32 50 0.023
4 526 10 12 0.023
526 504 9 27 0.023
583 599 32 35 0.023
355 597 24 28 0.022
832 517 13 23 0.022
86 571 21 22 0.022
297 615 21 26 0.022
1008 527 15 29 0.021
419 528 13 17 0.021
384 525 15 29 0.021
538 566 17 22 0.021
757 512 11 15 0.021
639 511 16 31 0.020
762 581 21 26 0.020
539 497 7 31 0.020
