2_Demonstration_Demonstration_Or_Protest_2_54
56
323 205 43 50 0.824
445 135 36 45 0.820
240 148 30 42 0.818
732 165 30 38 0.816
983 230 32 38 0.814
775 136 34 40 0.812
861 130 41 52 0.797
106 160 26 31 0.795
668 136 29 32 0.789
567 152 23 28 0.785
196 58 18 23 0.784
170 111 21 24 0.768
638 153 23 26 0.734
505 142 23 26 0.734
532 150 19 24 0.720
613 163 21 26 0.717
402 169 18 23 0.716
318 152 20 26 0.704
182 173 23 33 0.698
267 144 21 26 0.693
171 146 22 30 0.659
373 91 14 18 0.634
104 89 22 25 0.611
575 203 34 44 0.540
359 178 20 23 0.530
240 116 18 24 0.523
125 96 16 21 0.499
269 193 23 31 0.492
489 58 18 29 0.445
1006 193 18 34 0.375
693 159 23 31 0.272
718 155 20 24 0.268
402 116 12 14 0.267
366 113 11 13 0.263
131 155 20 25 0.189
369 100 13 17 0.148
853 131 31 43 0.107
381 164 16 20 0.103
351 157 19 20 0.091
395 65 12 15 0.086
485 167 17 21 0.080
173 155 26 37 0.072
534 125 12 17 0.071
722 144 23 31 0.071
315 14 11 14 0.068
531 127 16 22 0.036
278 172 20 24 0.034
852 138 21 32 0.032
474 110 15 19 0.030
334 39 10 14 0.030
603 160 25 25 0.028
425 147 16 22 0.028
436 28 14 15 0.025
677 144 24 30 0.025
309 39 9 13 0.023
395 103 12 16 0.021
