2_Demonstration_Political_Rally_2_659
39
35 243 107 120 0.895
961 242 63 85 0.840
506 199 131 135 0.835
730 239 51 58 0.827
0 325 31 39 0.799
193 279 33 41 0.785
367 273 22 26 0.780
163 288 27 33 0.779
233 283 25 45 0.724
407 279 16 21 0.705
2 292 21 27 0.560
455 272 49 61 0.477
448 266 16 22 0.266
257 249 29 38 0.226
720 241 15 24 0.156
0 625 18 96 0.151
767 214 37 51 0.127
738 206 8 10 0.115
897 222 26 35 0.107
136 289 24 33 0.084
497 226 29 45 0.075
501 234 19 24 0.073
436 287 15 16 0.070
451 271 33 48 0.070
701 233 12 19 0.065
892 225 22 29 0.062
20 309 26 42 0.061
441 286 22 24 0.056
11 294 30 51 0.049
691 252 18 23 0.048
8 310 31 45 0.047
434 285 22 26 0.042
692 246 26 27 0.035
721 240 34 45 0.034
340 277 15 18 0.030
29 315 23 35 0.027
698 237 17 21 0.024
862 249 38 56 0.024
893 227 28 49 0.021
