2_Demonstration_Political_Rally_2_609
354
123 239 85 132 0.815
158 145 27 38 0.807
807 542 25 30 0.750
964 449 16 20 0.707
767 565 23 28 0.704
691 411 15 18 0.691
997 348 16 20 0.674
321 371 14 17 0.671
750 371 13 16 0.659
636 391 15 18 0.658
756 449 16 19 0.653
969 346 16 20 0.653
941 373 16 19 0.653
740 615 27 32 0.647
712 406 12 15 0.645
759 322 13 17 0.642
677 403 13 17 0.638
510 338 13 15 0.625
729 514 21 23 0.618
409 416 13 17 0.613
491 387 15 17 0.612
383 399 14 18 0.611
908 429 17 22 0.609
461 364 14 15 0.608
391 362 12 15 0.606
992 464 15 21 0.604
966 409 17 21 0.593
771 409 13 16 0.588
744 473 15 20 0.584
610 326 11 14 0.576
740 401 12 15 0.576
784 463 15 19 0.572
886 456 18 22 0.569
441 406 14 15 0.569
555 362 12 15 0.563
888 547 20 26 0.562
665 319 12 15 0.553
980 487 20 23 0.552
922 490 18 22 0.550
745 537 20 24 0.549
721 424 13 17 0.546
449 343 10 13 0.545
769 596 24 30 0.542
850 554 21 27 0.537
304 361 12 14 0.537
419 390 13 16 0.535
641 347 14 16 0.535
997 375 15 20 0.530
850 517 19 22 0.523
801 297 11 14 0.517
354 325 9 11 0.515
790 436 15 19 0.509
814 327 13 18 0.506
617 429 14 16 0.497
344 359 11 14 0.493
588 382 14 16 0.491
903 474 14 18 0.485
261 368 14 16 0.485
532 401 13 15 0.465
912 328 16 20 0.463
536 341 11 13 0.446
642 429 15 18 0.439
773 494 18 21 0.434
709 385 13 15 0.432
852 394 13 18 0.429
414 356 11 14 0.421
771 296 12 15 0.421
649 325 10 13 0.396
394 332 10 13 0.393
470 342 13 16 0.393
477 408 14 17 0.371
351 427 13 17 0.370
718 296 11 15 0.364
455 388 12 13 0.354
412 437 16 17 0.346
597 339 13 16 0.345
1015 476 9 20 0.344
884 389 15 18 0.332
477 322 11 13 0.331
719 461 14 16 0.331
437 430 15 16 0.324
716 476 14 18 0.313
592 413 15 17 0.312
813 453 17 23 0.311
939 464 14 17 0.300
820 402 15 19 0.271
938 572 19 24 0.264
807 355 14 18 0.264
329 334 9 11 0.263
864 475 17 22 0.259
671 348 11 14 0.257
555 344 10 13 0.251
262 287 10 12 0.243
309 440 13 16 0.242
475 522 17 23 0.241
907 505 22 25 0.241
752 503 14 18 0.237
879 359 14 19 0.231
851 483 17 22 0.221
497 306 11 13 0.220
388 442 13 18 0.219
297 291 10 12 0.205
899 653 20 26 0.204
559 320 10 15 0.203
804 279 12 14 0.198
847 605 19 26 0.197
333 291 9 12 0.193
492 343 10 13 0.191
717 464 14 28 0.185
714 407 14 26 0.184
356 382 12 15 0.183
986 565 19 23 0.182
963 618 21 26 0.182
712 328 13 15 0.175
741 289 12 14 0.172
816 293 11 13 0.165
586 386 15 19 0.161
353 403 13 16 0.158
332 354 10 13 0.158
289 354 12 14 0.155
598 317 11 14 0.154
957 477 14 18 0.152
731 519 23 28 0.151
258 274 9 11 0.145
671 452 16 20 0.141
702 282 11 15 0.141
790 384 13 16 0.138
712 395 14 31 0.137
259 277 9 14 0.133
977 658 20 21 0.125
644 435 19 22 0.124
719 552 23 28 0.123
723 548 20 20 0.121
659 318 14 16 0.121
365 310 9 12 0.119
380 457 12 15 0.118
319 281 10 11 0.117
948 527 24 28 0.115
724 315 15 18 0.114
288 328 13 15 0.113
612 366 12 15 0.111
666 296 12 13 0.109
333 354 16 14 0.108
843 424 16 21 0.108
384 450 13 19 0.107
866 594 25 29 0.107
463 345 12 48 0.100
473 328 12 28 0.099
943 523 25 26 0.097
303 324 11 13 0.095
669 338 12 28 0.095
323 300 11 12 0.094
390 292 11 13 0.093
893 645 23 26 0.091
810 447 15 19 0.091
290 331 13 17 0.090
254 330 16 17 0.090
428 291 10 12 0.090
794 648 19 26 0.089
590 403 15 28 0.087
865 646 24 24 0.085
842 639 25 29 0.085
709 429 13 18 0.084
417 307 10 14 0.083
379 399 25 25 0.083
814 319 15 18 0.083
928 645 24 27 0.081
620 296 13 15 0.080
792 635 23 31 0.079
281 382 15 15 0.077
842 479 26 24 0.077
849 609 23 28 0.077
834 476 14 18 0.075
615 389 11 13 0.073
586 437 15 19 0.073
576 394 12 18 0.072
783 434 16 67 0.072
267 306 10 12 0.071
416 435 18 17 0.070
716 560 18 25 0.070
302 477 19 22 0.069
418 375 11 15 0.068
869 414 16 20 0.068
516 297 10 10 0.068
793 320 15 18 0.068
820 433 17 25 0.068
675 371 13 16 0.067
217 335 18 24 0.066
1010 292 13 17 0.066
716 429 15 18 0.066
944 324 17 23 0.064
844 433 15 24 0.064
940 642 28 28 0.063
614 375 12 19 0.061
707 328 13 15 0.061
706 313 12 16 0.060
598 410 14 19 0.060
354 419 13 23 0.059
412 297 10 10 0.057
1014 407 10 20 0.057
790 526 18 21 0.057
575 391 11 15 0.056
383 440 31 23 0.056
844 644 38 28 0.056
264 293 10 15 0.055
475 379 12 15 0.055
345 336 11 45 0.053
281 334 18 15 0.053
247 329 17 18 0.053
820 454 15 20 0.053
614 462 17 19 0.053
745 579 22 26 0.052
1012 664 12 16 0.052
904 503 18 23 0.051
753 276 12 16 0.050
351 283 9 12 0.050
277 253 8 9 0.049
293 289 11 14 0.049
238 395 57 49 0.049
643 354 13 18 0.049
386 437 14 18 0.049
646 331 12 17 0.048
373 283 10 17 0.048
788 459 15 21 0.048
802 275 17 39 0.048
825 431 12 18 0.047
770 521 16 21 0.047
481 385 14 16 0.046
739 429 11 13 0.046
589 419 15 21 0.045
843 391 61 20 0.045
713 499 17 21 0.045
574 403 12 16 0.045
647 442 18 22 0.045
328 408 13 17 0.045
474 272 9 11 0.044
426 229 9 11 0.044
263 389 25 18 0.044
791 626 23 31 0.043
251 383 37 56 0.043
950 326 15 17 0.043
702 637 20 26 0.043
1012 595 12 35 0.042
950 518 21 27 0.042
451 442 15 18 0.042
839 381 12 17 0.041
756 415 12 14 0.041
775 466 17 18 0.041
262 387 16 17 0.040
857 645 47 26 0.040
823 310 11 14 0.040
302 245 7 14 0.040
456 420 12 15 0.040
787 320 14 17 0.039
351 340 11 14 0.039
442 330 10 14 0.039
716 550 19 25 0.039
694 352 14 18 0.039
617 449 16 21 0.039
419 295 12 20 0.039
540 317 15 14 0.039
500 362 12 19 0.039
356 386 13 18 0.038
992 562 15 22 0.037
235 206 7 9 0.037
894 598 21 25 0.036
721 258 11 14 0.036
260 391 30 29 0.036
844 616 21 27 0.036
745 280 14 18 0.036
847 653 28 26 0.035
940 525 18 23 0.035
860 611 21 26 0.035
776 525 23 22 0.035
258 330 16 14 0.034
824 574 20 26 0.034
289 330 16 51 0.034
725 622 32 34 0.034
415 359 13 18 0.034
576 363 12 16 0.033
908 496 21 22 0.033
557 351 12 19 0.032
784 499 18 20 0.032
844 441 15 20 0.032
644 361 11 15 0.031
514 398 13 15 0.031
375 372 12 15 0.030
943 503 19 23 0.030
615 470 13 14 0.030
759 285 16 19 0.030
831 435 20 22 0.030
331 256 8 10 0.030
755 300 14 15 0.029
671 447 13 19 0.029
285 379 22 15 0.029
844 628 22 30 0.029
381 230 8 9 0.029
341 454 12 16 0.029
714 270 20 93 0.028
968 233 9 11 0.028
415 302 14 22 0.028
845 389 19 77 0.028
856 559 21 24 0.028
740 396 13 31 0.028
861 601 28 51 0.027
563 443 19 20 0.027
436 277 11 11 0.027
397 276 10 11 0.027
763 319 13 17 0.027
977 307 13 17 0.027
941 516 17 23 0.026
883 552 22 26 0.025
315 297 13 13 0.025
662 298 13 14 0.025
320 280 20 26 0.025
699 325 12 16 0.025
1008 405 15 29 0.025
993 328 13 15 0.025
1016 544 8 26 0.025
853 664 23 15 0.025
349 359 11 18 0.025
268 375 27 46 0.025
778 597 22 27 0.024
340 302 13 17 0.024
950 581 28 64 0.024
357 262 9 11 0.024
714 484 15 31 0.024
999 283 11 13 0.024
495 348 15 20 0.024
208 302 16 19 0.024
310 229 9 27 0.024
268 345 16 15 0.023
367 302 12 19 0.023
802 349 13 18 0.023
771 517 22 23 0.023
322 251 13 14 0.023
434 278 9 12 0.022
897 355 14 18 0.022
962 415 17 23 0.022
469 338 35 130 0.022
267 334 24 21 0.022
220 263 8 9 0.022
552 122 6 7 0.022
1000 287 16 15 0.022
512 129 6 7 0.022
547 313 16 19 0.021
557 299 11 102 0.021
348 285 18 13 0.021
753 272 11 13 0.021
493 294 10 12 0.020
979 567 20 24 0.020
954 286 14 15 0.020
250 231 8 10 0.020
950 646 21 24 0.020
