2_Demonstration_Demonstration_Or_Protest_2_687
1235
964 631 20 24 0.792
687 532 17 23 0.774
444 527 17 22 0.750
94 600 18 23 0.750
418 508 13 19 0.740
486 512 14 18 0.738
188 506 15 19 0.738
585 506 15 19 0.738
310 502 15 20 0.735
279 533 16 21 0.733
379 564 15 20 0.733
200 471 14 17 0.731
755 510 15 19 0.730
369 433 13 17 0.729
711 524 17 21 0.725
646 519 14 18 0.723
955 609 18 22 0.721
228 497 14 17 0.720
767 574 16 21 0.719
34 491 14 19 0.717
195 440 14 18 0.717
261 445 13 18 0.711
399 449 13 17 0.710
597 457 15 18 0.709
880 374 13 16 0.707
134 546 14 18 0.707
670 386 12 16 0.704
76 398 13 16 0.703
489 459 14 17 0.701
421 483 14 17 0.698
794 456 14 17 0.695
176 402 12 15 0.694
162 482 14 19 0.691
358 464 14 18 0.686
361 529 16 21 0.685
702 483 15 18 0.684
740 414 14 19 0.683
779 433 13 17 0.681
535 512 13 17 0.681
155 358 10 14 0.677
91 506 15 19 0.676
83 452 13 17 0.676
818 354 11 15 0.676
765 541 16 21 0.676
481 488 13 17 0.675
440 454 14 17 0.673
251 546 15 21 0.672
386 358 11 13 0.670
519 467 14 18 0.665
100 360 10 13 0.662
739 452 15 18 0.660
650 349 13 15 0.659
868 456 11 17 0.658
813 475 14 19 0.657
957 464 15 17 0.656
843 327 13 16 0.653
258 400 13 16 0.653
828 291 10 13 0.653
789 419 12 16 0.653
77 325 11 15 0.652
162 443 12 15 0.651
825 373 11 15 0.650
736 669 18 16 0.650
617 527 15 18 0.649
529 357 12 16 0.649
275 286 10 13 0.647
945 293 10 14 0.646
407 364 12 15 0.645
721 459 13 17 0.643
577 420 12 16 0.636
502 406 13 17 0.633
337 416 11 15 0.632
147 275 10 12 0.632
679 412 12 16 0.631
947 369 11 15 0.630
304 317 10 12 0.626
675 328 10 13 0.623
911 320 12 15 0.623
359 358 11 13 0.622
28 327 11 14 0.622
258 421 13 15 0.622
927 427 12 17 0.618
411 400 12 16 0.618
873 309 11 14 0.618
144 477 12 16 0.618
810 412 12 16 0.616
504 341 11 14 0.615
236 416 11 15 0.613
880 435 14 18 0.613
117 339 11 13 0.612
23 420 12 16 0.612
209 347 10 12 0.610
100 292 11 13 0.610
156 335 11 12 0.608
712 370 13 17 0.607
751 324 10 14 0.607
899 416 11 14 0.607
827 451 12 16 0.605
437 287 11 13 0.601
593 213 9 11 0.598
768 411 11 14 0.598
607 490 14 17 0.595
509 187 9 10 0.592
65 291 10 13 0.592
488 352 11 15 0.589
637 400 12 16 0.589
379 330 11 15 0.587
148 204 9 12 0.584
823 402 12 15 0.583
450 276 10 12 0.582
581 251 8 11 0.580
771 270 10 12 0.577
151 453 13 15 0.576
463 303 10 13 0.572
584 369 12 15 0.571
463 395 12 16 0.570
211 412 12 15 0.570
474 346 10 13 0.570
309 336 11 13 0.569
448 313 11 13 0.568
386 393 11 15 0.562
695 418 13 17 0.561
763 498 15 19 0.558
54 249 9 11 0.558
791 382 12 14 0.557
536 382 12 14 0.557
797 327 11 13 0.555
161 234 9 10 0.554
992 409 12 15 0.554
739 341 11 13 0.553
279 369 9 12 0.553
9 333 10 13 0.553
345 379 9 13 0.552
182 292 10 12 0.551
859 350 12 15 0.548
669 305 11 14 0.547
214 466 13 17 0.546
536 433 13 17 0.546
601 185 9 11 0.545
615 402 13 15 0.544
314 357 11 13 0.540
109 311 10 12 0.538
335 348 10 13 0.538
233 358 11 14 0.537
248 315 10 13 0.537
568 405 12 15 0.535
807 154 8 10 0.532
924 400 13 16 0.531
577 311 11 13 0.531
623 354 11 15 0.531
669 361 12 14 0.531
692 153 7 10 0.530
473 263 9 11 0.528
522 397 11 14 0.528
654 319 12 13 0.527
868 180 7 9 0.526
870 245 10 12 0.526
928 234 9 12 0.526
727 205 8 10 0.525
454 219 8 11 0.524
328 332 10 13 0.521
142 187 8 10 0.518
271 326 11 15 0.517
419 539 15 19 0.517
335 312 10 12 0.517
222 373 10 14 0.516
835 530 12 16 0.516
937 350 11 15 0.516
230 280 8 11 0.515
920 264 9 10 0.513
220 187 8 9 0.512
929 293 11 14 0.511
733 131 8 9 0.510
295 380 11 14 0.509
835 250 9 11 0.508
902 332 11 16 0.506
558 381 11 15 0.506
32 227 7 9 0.504
404 185 8 10 0.503
702 311 11 13 0.502
582 175 8 10 0.496
76 268 8 11 0.496
774 136 7 9 0.495
90 217 8 9 0.495
591 292 10 13 0.494
708 232 9 11 0.494
679 220 8 11 0.492
182 166 8 9 0.492
619 232 8 11 0.492
529 231 9 11 0.491
669 273 9 11 0.490
285 268 8 11 0.490
92 179 8 9 0.489
452 172 8 9 0.487
577 226 9 11 0.487
782 264 9 12 0.487
432 321 9 13 0.486
895 263 10 11 0.486
252 264 8 9 0.486
158 186 8 10 0.481
1010 462 14 21 0.479
85 233 9 10 0.479
793 192 8 10 0.475
738 297 9 11 0.473
764 345 12 15 0.473
437 425 12 14 0.470
235 522 12 15 0.470
339 294 10 12 0.470
563 484 13 16 0.468
647 204 8 11 0.468
1010 121 7 8 0.468
800 305 10 12 0.468
659 220 8 11 0.467
110 149 7 9 0.467
211 134 6 8 0.466
242 158 8 8 0.465
920 277 10 12 0.464
407 128 6 8 0.464
781 179 8 10 0.463
46 325 11 13 0.463
362 299 9 12 0.463
36 181 7 10 0.462
396 140 7 9 0.461
253 286 8 11 0.460
741 268 10 12 0.460
768 160 7 9 0.459
376 220 7 11 0.459
747 193 8 9 0.458
794 177 8 9 0.456
501 157 8 10 0.456
690 337 11 14 0.455
842 209 8 9 0.454
258 382 10 13 0.454
789 352 9 12 0.454
597 269 8 11 0.454
384 290 10 12 0.452
940 145 8 9 0.451
458 255 9 13 0.451
535 339 12 14 0.450
10 260 9 12 0.449
491 238 10 12 0.447
61 178 7 8 0.447
721 218 9 11 0.446
948 203 7 9 0.443
687 282 10 12 0.442
767 244 10 11 0.442
480 209 7 10 0.442
693 244 8 9 0.440
428 401 13 17 0.439
312 438 12 15 0.439
428 269 10 11 0.439
193 136 7 9 0.438
813 176 7 10 0.437
120 118 6 8 0.436
466 232 9 11 0.436
519 375 11 13 0.435
688 258 8 10 0.435
392 198 8 11 0.434
444 391 11 13 0.433
149 161 7 8 0.433
973 110 7 9 0.433
860 261 10 13 0.431
190 370 9 11 0.430
724 284 11 13 0.430
300 426 11 14 0.430
640 189 8 10 0.429
549 226 9 11 0.429
572 294 9 11 0.429
872 207 9 11 0.429
442 194 7 10 0.429
820 220 9 11 0.428
90 270 8 11 0.428
641 264 10 12 0.427
380 255 8 10 0.426
500 276 10 12 0.426
956 231 8 10 0.425
947 246 9 12 0.425
977 228 9 10 0.424
1 204 7 11 0.424
185 82 6 7 0.423
767 382 14 17 0.422
777 366 10 12 0.421
759 501 17 22 0.420
367 264 9 11 0.420
380 408 11 13 0.419
786 95 6 8 0.419
281 386 9 12 0.419
116 167 8 9 0.417
766 307 11 14 0.415
491 318 10 12 0.414
689 125 7 9 0.412
760 157 7 10 0.412
403 161 7 9 0.411
204 332 10 12 0.409
678 475 14 16 0.409
437 139 7 9 0.408
790 314 9 12 0.408
559 237 8 11 0.407
458 359 11 12 0.406
637 160 7 9 0.406
58 57 7 8 0.404
947 324 11 14 0.403
411 249 9 11 0.403
836 174 7 10 0.402
224 162 8 10 0.401
855 236 10 12 0.401
605 131 7 9 0.401
694 220 9 11 0.399
1 192 6 10 0.398
921 116 7 9 0.398
742 112 7 9 0.397
307 413 11 13 0.397
387 237 8 10 0.397
933 336 12 13 0.396
921 181 8 9 0.396
870 221 8 9 0.394
969 145 7 9 0.393
534 281 9 11 0.393
306 139 7 9 0.391
97 119 6 7 0.389
363 318 10 12 0.386
710 327 11 13 0.386
287 166 8 10 0.385
654 76 6 9 0.385
522 288 10 12 0.385
421 301 10 13 0.382
346 330 9 11 0.382
94 333 8 11 0.381
228 204 7 10 0.379
473 101 7 9 0.379
629 285 10 13 0.379
703 169 7 9 0.378
974 179 8 10 0.378
237 112 7 9 0.378
728 253 7 9 0.377
525 262 10 12 0.376
128 234 9 12 0.375
832 89 6 8 0.375
884 272 10 12 0.373
608 60 7 9 0.372
355 521 14 17 0.371
889 131 7 9 0.367
120 62 6 7 0.367
407 308 9 11 0.366
545 345 12 15 0.366
718 262 9 11 0.365
897 166 8 11 0.365
576 353 11 14 0.364
559 310 10 12 0.364
756 269 9 11 0.362
158 445 13 17 0.362
740 316 10 13 0.361
1006 196 9 11 0.360
502 316 10 12 0.359
541 59 7 7 0.358
572 133 7 9 0.357
556 289 9 12 0.356
616 148 8 9 0.356
542 190 7 9 0.355
760 210 9 12 0.355
507 300 9 11 0.354
595 165 7 10 0.354
620 255 8 11 0.353
965 78 7 8 0.351
607 311 11 14 0.351
172 104 6 8 0.350
351 183 9 10 0.349
478 299 11 14 0.348
414 81 7 9 0.346
694 389 12 14 0.346
907 224 8 10 0.345
360 161 7 8 0.344
441 402 11 15 0.343
633 69 7 8 0.342
936 271 10 13 0.342
389 104 6 8 0.341
415 265 9 14 0.340
952 270 10 12 0.340
728 327 9 11 0.339
605 437 12 14 0.337
544 473 13 17 0.334
1002 274 9 12 0.334
566 264 8 10 0.334
652 112 8 9 0.330
173 271 8 10 0.330
276 177 7 9 0.329
263 145 7 8 0.329
122 80 6 7 0.328
396 405 12 15 0.327
158 260 9 12 0.326
1010 62 7 10 0.325
471 151 8 9 0.325
556 39 6 8 0.321
836 151 8 9 0.320
969 246 9 11 0.319
59 116 7 8 0.318
224 306 9 12 0.317
903 140 7 8 0.317
356 522 18 22 0.316
683 85 7 9 0.316
231 344 9 11 0.315
637 378 10 12 0.314
763 158 9 9 0.313
693 101 7 8 0.311
775 70 7 9 0.311
150 116 6 9 0.310
319 414 10 14 0.309
120 252 8 11 0.308
619 115 8 9 0.308
484 486 14 46 0.307
657 150 8 10 0.307
754 254 10 12 0.307
101 59 6 8 0.307
678 183 10 11 0.306
403 281 10 12 0.305
45 127 7 10 0.305
343 78 6 8 0.304
538 340 14 16 0.303
345 263 9 10 0.300
568 160 7 9 0.300
234 330 10 13 0.299
823 360 13 27 0.298
1006 409 14 15 0.297
392 315 9 11 0.296
551 140 7 8 0.293
216 321 9 11 0.293
524 145 8 10 0.292
534 464 11 14 0.290
536 302 10 12 0.290
887 108 6 7 0.289
979 77 7 8 0.288
56 83 6 8 0.285
763 296 11 12 0.282
498 225 8 11 0.282
870 72 6 8 0.282
915 86 7 9 0.281
791 80 7 8 0.280
571 83 7 9 0.280
750 244 9 11 0.277
660 130 8 9 0.276
392 424 12 15 0.275
174 270 11 11 0.275
773 112 7 9 0.275
442 101 8 9 0.273
1008 263 10 12 0.271
720 457 24 17 0.269
378 131 7 8 0.268
672 473 15 16 0.267
407 282 10 12 0.266
494 41 7 8 0.265
672 270 10 12 0.264
504 260 9 11 0.263
101 44 5 7 0.262
314 275 11 12 0.259
862 115 7 8 0.258
152 72 7 8 0.256
938 252 9 10 0.256
644 390 12 15 0.253
287 98 7 8 0.252
152 75 6 8 0.251
721 104 8 8 0.249
444 156 8 10 0.249
617 344 12 14 0.248
586 131 7 8 0.248
846 315 9 11 0.247
603 47 6 8 0.247
687 77 6 7 0.247
815 80 6 8 0.246
133 95 7 8 0.246
619 268 10 12 0.246
714 89 6 8 0.244
301 296 9 12 0.242
338 209 8 9 0.239
704 278 10 13 0.238
575 305 11 19 0.238
486 274 8 11 0.236
347 304 12 13 0.235
723 103 7 8 0.235
877 121 6 9 0.233
247 59 6 7 0.232
615 300 11 15 0.231
424 163 8 10 0.231
663 252 10 12 0.231
315 194 8 10 0.230
345 225 9 11 0.229
965 146 9 9 0.229
285 327 9 11 0.228
659 252 10 11 0.227
789 295 9 13 0.227
52 185 9 9 0.225
373 283 10 15 0.225
475 3 6 7 0.225
529 60 6 8 0.225
139 140 7 8 0.223
421 42 6 8 0.222
305 174 6 8 0.221
852 98 7 8 0.220
948 89 8 8 0.219
997 408 19 17 0.217
521 376 16 15 0.217
208 166 7 8 0.216
107 299 11 25 0.215
325 151 8 9 0.214
666 172 8 10 0.213
272 327 17 13 0.213
383 393 12 22 0.213
701 344 11 14 0.213
580 151 9 10 0.212
935 337 11 24 0.212
813 109 8 11 0.209
607 404 16 14 0.208
517 131 8 8 0.206
979 42 6 8 0.205
966 322 10 13 0.203
406 312 17 12 0.202
654 129 11 10 0.201
530 411 11 14 0.201
695 392 13 17 0.199
1005 265 10 17 0.198
603 420 14 16 0.198
291 308 10 12 0.198
877 85 6 8 0.197
535 262 9 12 0.196
621 92 7 8 0.195
268 95 6 8 0.195
426 320 17 13 0.195
184 270 10 12 0.194
554 272 11 13 0.194
544 151 9 10 0.194
10 240 8 10 0.194
786 401 11 14 0.193
459 39 7 8 0.190
632 250 10 11 0.189
273 148 7 9 0.189
57 180 10 10 0.189
499 142 8 9 0.189
337 170 8 10 0.188
650 275 10 13 0.188
893 78 7 8 0.188
440 388 12 26 0.186
502 59 6 7 0.185
653 79 10 9 0.184
826 264 9 12 0.184
584 154 9 10 0.183
521 27 8 9 0.183
206 466 17 21 0.183
558 274 9 11 0.183
19 301 8 10 0.181
1008 299 10 12 0.180
563 331 10 13 0.180
319 71 6 7 0.179
787 352 9 19 0.178
588 103 7 8 0.178
711 103 7 9 0.178
664 308 15 16 0.177
805 136 8 9 0.176
654 163 8 9 0.175
747 322 15 20 0.175
381 404 16 18 0.175
384 417 17 22 0.175
437 254 8 10 0.175
260 177 7 9 0.174
86 330 17 13 0.174
370 77 6 7 0.173
280 379 13 19 0.172
684 82 6 10 0.171
788 409 12 17 0.170
649 65 6 10 0.170
321 98 7 8 0.168
650 292 10 15 0.168
914 71 7 8 0.168
319 274 10 12 0.168
125 242 9 13 0.168
438 75 7 9 0.168
253 366 9 12 0.168
375 257 11 11 0.167
398 278 10 10 0.165
950 45 6 8 0.164
934 44 5 7 0.164
781 177 15 10 0.163
33 182 7 8 0.163
586 83 6 8 0.163
505 97 7 9 0.163
738 296 9 25 0.162
464 300 24 14 0.162
1005 46 7 9 0.162
557 378 10 14 0.161
720 316 12 14 0.161
223 303 9 11 0.158
502 375 10 14 0.156
383 268 9 15 0.155
473 238 10 11 0.155
123 268 9 11 0.155
552 311 15 12 0.155
600 406 11 14 0.154
338 341 12 16 0.153
118 270 10 10 0.152
270 80 7 8 0.152
503 332 12 27 0.151
501 269 9 24 0.151
871 210 9 21 0.150
678 139 8 9 0.150
587 128 6 14 0.149
887 266 19 13 0.149
480 293 12 14 0.148
347 97 7 8 0.148
335 301 10 24 0.147
527 88 8 8 0.146
187 246 8 11 0.146
684 285 11 13 0.145
753 247 9 21 0.144
681 372 10 13 0.144
675 368 16 14 0.144
929 292 27 13 0.143
216 314 10 20 0.142
653 249 11 13 0.141
269 146 7 9 0.141
379 161 6 8 0.140
376 236 10 11 0.140
702 402 13 15 0.139
589 54 7 9 0.138
606 56 7 11 0.138
464 232 17 11 0.138
778 396 14 16 0.138
485 26 6 11 0.136
866 218 13 12 0.136
713 102 7 12 0.136
659 219 15 11 0.135
540 192 8 9 0.135
731 293 18 14 0.135
658 300 13 43 0.135
317 330 18 21 0.135
528 317 13 12 0.134
470 149 16 9 0.133
479 128 6 8 0.133
576 48 7 9 0.132
550 479 19 18 0.132
247 82 7 9 0.132
728 203 7 9 0.132
477 348 21 17 0.132
424 62 6 13 0.130
887 71 6 8 0.128
385 316 18 13 0.128
787 97 8 9 0.128
997 243 8 10 0.128
421 40 6 15 0.127
617 277 10 17 0.127
542 92 8 9 0.127
646 129 17 10 0.126
524 29 10 9 0.125
790 295 14 14 0.125
944 326 19 16 0.125
589 269 16 13 0.124
659 491 13 15 0.123
443 198 9 11 0.123
638 151 7 23 0.123
689 152 12 15 0.123
869 156 8 10 0.122
634 282 24 12 0.121
486 348 23 17 0.121
713 311 13 14 0.121
380 163 8 10 0.120
635 141 8 17 0.120
555 21 7 7 0.120
859 240 19 12 0.120
659 21 7 10 0.120
537 189 8 11 0.119
27 270 9 10 0.119
342 310 15 21 0.119
925 57 7 9 0.118
667 474 15 18 0.118
505 301 10 27 0.117
713 262 13 16 0.117
209 166 7 10 0.116
362 270 9 14 0.116
152 78 6 8 0.115
648 232 8 11 0.115
885 152 10 14 0.114
211 302 8 11 0.114
642 299 10 23 0.113
618 281 9 33 0.113
554 155 7 8 0.111
948 59 6 11 0.110
232 327 9 13 0.109
977 178 7 9 0.109
927 118 6 8 0.109
821 433 11 14 0.109
521 283 22 13 0.109
554 545 13 16 0.109
19 146 7 8 0.109
750 361 12 15 0.109
203 80 8 8 0.108
824 215 21 11 0.108
102 74 7 10 0.108
258 384 19 13 0.108
809 28 6 7 0.108
906 225 9 13 0.108
499 200 8 10 0.108
734 2 8 9 0.108
741 31 6 8 0.108
311 339 12 31 0.107
561 264 15 17 0.107
410 269 31 12 0.106
157 298 9 11 0.106
485 148 14 9 0.106
319 177 10 8 0.105
888 110 6 7 0.105
524 68 7 16 0.105
574 49 10 9 0.104
908 46 6 7 0.104
377 130 12 10 0.104
838 181 7 10 0.104
426 168 7 8 0.104
230 347 14 39 0.103
500 149 10 20 0.103
412 250 12 12 0.103
6 333 10 13 0.102
575 141 10 19 0.102
1000 151 7 9 0.102
563 334 11 13 0.102
686 75 7 8 0.102
711 81 7 11 0.101
462 33 6 16 0.101
707 286 8 25 0.101
362 319 24 14 0.100
665 173 15 13 0.100
829 219 9 11 0.100
808 274 8 11 0.100
617 402 35 15 0.099
528 344 11 38 0.099
638 283 15 19 0.099
759 347 14 19 0.098
791 82 7 11 0.098
959 323 18 13 0.097
621 254 22 11 0.096
652 148 19 10 0.096
329 280 11 12 0.096
1009 85 7 9 0.096
389 74 8 8 0.095
940 77 15 8 0.095
806 225 8 10 0.095
519 71 13 10 0.094
788 295 8 19 0.094
507 239 9 12 0.094
690 99 9 12 0.094
231 408 23 27 0.094
600 12 7 8 0.093
529 208 8 11 0.093
351 119 7 8 0.092
566 69 7 9 0.092
525 158 7 9 0.091
662 87 12 11 0.091
502 274 15 16 0.090
771 244 9 11 0.090
102 48 6 23 0.089
586 53 15 8 0.089
787 34 8 7 0.089
461 61 6 21 0.089
271 320 17 25 0.089
113 268 10 11 0.088
923 139 7 10 0.088
371 72 7 8 0.088
812 586 14 17 0.087
323 243 9 11 0.087
693 0 8 9 0.087
932 244 26 13 0.086
767 549 15 20 0.086
741 345 13 16 0.085
684 186 7 10 0.085
679 132 6 29 0.085
482 392 16 14 0.085
535 423 13 21 0.084
616 266 28 12 0.084
219 310 12 17 0.084
298 298 12 26 0.084
637 313 11 12 0.083
314 292 9 11 0.083
459 66 9 9 0.083
306 396 10 13 0.083
427 23 7 15 0.082
832 154 10 10 0.082
949 54 6 24 0.082
640 315 20 14 0.082
184 328 8 11 0.081
557 23 6 8 0.081
713 85 6 8 0.081
752 245 23 11 0.081
109 233 6 9 0.081
277 206 9 12 0.080
597 264 12 19 0.080
132 230 7 10 0.080
685 78 6 24 0.080
259 385 11 56 0.080
306 289 10 57 0.080
522 228 34 11 0.080
872 69 6 20 0.079
0 187 9 12 0.079
841 165 7 11 0.079
417 228 8 11 0.079
650 288 10 33 0.078
529 219 9 22 0.078
486 409 10 14 0.078
293 251 9 10 0.078
845 265 19 13 0.077
387 73 8 16 0.077
644 190 8 9 0.077
278 159 8 11 0.076
199 158 8 8 0.076
557 273 8 30 0.075
650 328 12 64 0.075
239 336 9 12 0.074
423 34 5 24 0.074
1017 18 7 10 0.074
474 136 7 28 0.074
386 103 7 9 0.074
274 269 11 45 0.073
300 279 10 18 0.073
925 53 7 19 0.073
711 104 25 8 0.073
766 290 11 42 0.072
824 264 21 12 0.072
120 160 7 16 0.072
520 25 13 14 0.072
314 340 12 39 0.071
145 121 8 16 0.071
18 421 12 15 0.071
713 329 12 89 0.071
896 237 9 11 0.070
332 398 12 15 0.070
439 273 11 38 0.070
531 262 22 15 0.070
956 169 9 10 0.070
896 2 9 9 0.070
483 142 16 17 0.070
180 264 11 17 0.070
411 320 10 11 0.070
526 57 6 29 0.070
639 133 6 28 0.069
487 356 12 15 0.069
1008 45 6 20 0.069
874 84 18 11 0.069
386 81 5 24 0.069
978 72 6 23 0.068
474 316 10 17 0.067
644 260 13 24 0.067
344 74 6 7 0.067
502 53 6 25 0.067
948 148 21 9 0.067
550 92 8 9 0.067
899 144 7 29 0.067
613 113 9 12 0.066
429 379 9 20 0.066
42 120 8 17 0.066
294 79 15 7 0.065
78 268 11 14 0.065
725 272 11 39 0.065
285 97 12 9 0.065
195 308 9 12 0.065
569 131 22 8 0.065
633 66 25 8 0.065
702 308 12 13 0.064
898 0 6 16 0.064
205 319 10 45 0.064
858 115 25 11 0.064
131 152 9 12 0.064
383 177 8 15 0.063
690 132 6 30 0.063
271 73 6 28 0.063
775 260 13 20 0.063
27 262 9 11 0.063
548 618 12 18 0.063
233 78 10 9 0.062
100 45 5 15 0.062
843 269 9 12 0.062
321 87 7 25 0.062
293 76 9 9 0.062
638 26 9 9 0.062
833 109 9 14 0.062
434 248 8 12 0.062
523 160 9 10 0.062
438 387 16 17 0.062
672 382 11 17 0.062
577 80 12 13 0.061
796 299 15 27 0.061
403 59 7 7 0.061
662 479 21 18 0.061
636 140 7 32 0.060
621 19 7 19 0.060
416 384 23 54 0.060
871 227 10 41 0.060
378 409 11 25 0.060
846 130 8 11 0.059
153 331 11 14 0.059
573 50 21 10 0.059
998 241 8 22 0.058
933 39 7 21 0.058
319 564 14 17 0.058
249 301 8 14 0.058
771 1 8 6 0.057
248 287 10 62 0.057
602 391 12 27 0.057
862 343 11 16 0.057
890 68 8 26 0.057
341 76 7 7 0.056
287 228 7 8 0.056
851 216 9 26 0.056
584 21 7 13 0.056
180 274 12 33 0.056
386 289 9 29 0.056
538 74 12 17 0.056
979 101 5 7 0.056
803 225 19 9 0.056
857 88 7 15 0.056
147 318 12 12 0.055
474 0 11 19 0.055
345 380 10 28 0.055
576 265 20 18 0.055
426 108 8 10 0.054
503 85 11 23 0.054
854 91 8 27 0.054
236 430 12 17 0.054
383 258 10 67 0.054
51 243 10 13 0.054
205 78 8 11 0.054
743 257 15 33 0.053
635 53 5 13 0.053
866 180 6 9 0.053
611 230 10 12 0.053
372 80 17 8 0.052
372 220 9 11 0.051
725 314 24 22 0.051
621 27 7 9 0.051
854 228 11 26 0.051
344 403 18 16 0.051
811 26 6 8 0.051
660 83 6 8 0.051
548 87 11 17 0.050
870 152 7 20 0.050
603 383 12 16 0.050
416 224 7 10 0.050
415 265 15 17 0.050
769 361 11 97 0.050
769 360 12 51 0.050
180 82 21 7 0.050
235 394 9 14 0.050
642 236 9 27 0.050
476 429 12 15 0.050
814 98 9 15 0.050
529 316 25 13 0.050
337 169 25 10 0.049
353 405 15 16 0.049
680 180 17 15 0.049
488 388 13 15 0.049
678 1 8 9 0.049
319 63 5 26 0.048
188 275 10 11 0.047
148 320 21 12 0.047
203 337 13 38 0.047
528 1 8 11 0.047
783 407 32 42 0.047
112 190 8 13 0.047
946 321 10 14 0.047
641 257 11 24 0.047
531 187 9 10 0.046
574 275 17 23 0.046
944 70 12 25 0.046
539 83 11 21 0.046
519 222 9 11 0.046
1018 544 6 18 0.046
59 175 7 10 0.045
851 18 6 9 0.045
683 401 27 31 0.045
342 261 10 11 0.045
289 251 15 9 0.045
808 287 10 18 0.045
559 376 13 16 0.045
884 273 17 13 0.045
205 344 10 14 0.044
821 365 13 103 0.044
507 148 25 9 0.044
542 151 31 11 0.044
630 410 11 16 0.044
454 219 11 16 0.044
486 81 12 23 0.043
950 43 6 30 0.043
474 78 6 30 0.043
235 80 7 13 0.043
866 72 7 8 0.043
508 462 60 29 0.043
613 114 18 18 0.043
872 217 14 12 0.043
275 174 7 24 0.043
882 255 16 40 0.043
483 336 29 40 0.042
739 21 8 22 0.042
657 108 9 17 0.042
344 75 6 30 0.042
809 270 9 27 0.041
18 299 11 10 0.041
658 221 10 16 0.041
272 331 10 13 0.040
922 158 9 20 0.040
19 151 9 10 0.040
137 95 8 15 0.040
164 319 11 12 0.040
105 234 8 11 0.040
767 321 11 22 0.040
426 378 9 12 0.040
618 99 8 29 0.040
38 224 8 11 0.040
746 191 11 13 0.040
499 159 9 11 0.039
832 81 6 31 0.039
556 15 5 30 0.039
112 196 8 11 0.039
372 20 6 11 0.039
258 176 7 8 0.039
457 40 7 13 0.039
296 75 8 8 0.039
964 65 8 26 0.039
847 316 12 12 0.039
959 77 33 7 0.038
1012 451 11 20 0.038
922 319 30 41 0.038
381 271 18 37 0.038
313 98 18 8 0.038
152 115 6 11 0.038
780 259 13 22 0.038
577 356 24 18 0.038
505 290 12 55 0.038
1006 77 8 18 0.038
550 71 14 22 0.038
458 81 22 9 0.038
357 409 12 15 0.037
649 389 14 14 0.037
754 211 11 13 0.037
772 492 13 17 0.037
160 230 10 23 0.037
43 443 11 16 0.037
504 96 20 12 0.037
922 229 15 14 0.037
523 89 8 20 0.036
884 239 17 13 0.036
607 52 6 10 0.036
883 105 8 11 0.036
677 3 17 6 0.036
488 93 12 11 0.036
490 66 12 29 0.036
352 97 6 10 0.036
793 109 8 22 0.035
113 180 8 21 0.035
527 375 47 27 0.035
348 115 11 20 0.035
681 0 7 19 0.035
316 459 12 14 0.035
235 418 12 23 0.035
743 168 6 23 0.034
328 292 12 88 0.034
407 82 9 10 0.034
442 307 15 15 0.034
376 380 12 14 0.033
475 423 12 18 0.033
365 342 41 45 0.033
232 437 13 23 0.033
330 397 11 14 0.033
242 299 14 53 0.033
307 252 14 12 0.033
686 116 6 21 0.033
475 389 13 14 0.033
261 180 9 12 0.033
559 147 22 22 0.033
735 16 8 24 0.033
916 67 5 31 0.032
573 393 13 22 0.032
486 28 14 29 0.032
620 357 11 16 0.032
724 244 10 81 0.032
170 292 19 14 0.032
753 313 25 73 0.032
944 423 12 17 0.032
528 1 7 30 0.031
475 318 12 23 0.031
137 178 9 12 0.031
1010 70 6 30 0.031
734 0 7 26 0.031
529 321 16 21 0.031
189 82 17 8 0.031
616 382 21 14 0.031
844 123 7 18 0.031
699 256 24 13 0.031
100 119 7 8 0.031
742 169 10 13 0.031
630 1 6 30 0.030
891 56 6 28 0.030
505 133 13 11 0.030
615 336 12 19 0.030
598 95 12 19 0.030
29 111 16 12 0.030
210 97 8 9 0.030
388 233 8 9 0.030
132 453 12 15 0.030
59 494 11 16 0.029
25 110 6 9 0.029
513 318 12 22 0.029
323 307 19 15 0.029
848 438 11 15 0.029
906 188 8 12 0.029
534 30 20 15 0.029
495 53 13 29 0.029
474 45 8 29 0.029
520 260 13 70 0.029
282 210 8 24 0.028
617 0 16 12 0.028
388 34 7 18 0.028
371 11 7 27 0.028
148 64 9 19 0.028
515 429 15 19 0.028
375 217 11 14 0.028
997 240 7 10 0.028
691 307 25 77 0.028
622 253 17 74 0.028
474 68 8 32 0.028
581 219 10 71 0.028
93 217 8 10 0.027
924 151 7 22 0.027
905 185 16 13 0.027
538 219 14 17 0.027
5 238 9 11 0.027
952 170 10 11 0.027
455 232 9 26 0.027
1017 238 7 15 0.027
643 321 10 13 0.027
588 96 7 25 0.027
465 16 6 31 0.027
412 68 18 29 0.026
781 92 9 9 0.026
697 29 6 8 0.026
13 21 6 7 0.026
474 403 21 16 0.026
622 0 21 14 0.026
426 0 8 4 0.026
475 0 9 6 0.026
914 86 7 18 0.026
370 235 8 10 0.026
821 269 13 33 0.026
721 173 8 10 0.026
337 121 10 17 0.026
318 240 13 24 0.026
360 401 11 14 0.026
539 54 23 20 0.025
41 19 9 7 0.025
46 224 13 19 0.025
819 219 19 14 0.025
832 162 7 19 0.025
894 49 5 18 0.025
1010 176 8 14 0.025
179 79 9 9 0.025
276 368 8 11 0.025
477 53 7 31 0.025
932 406 14 18 0.025
511 129 12 34 0.024
501 0 10 21 0.024
628 494 11 13 0.024
372 376 13 15 0.024
597 360 12 14 0.024
424 0 9 19 0.024
223 352 19 15 0.024
899 165 21 12 0.024
337 122 11 9 0.024
769 251 20 45 0.024
494 250 15 61 0.024
910 283 12 13 0.024
801 308 9 25 0.024
573 308 57 20 0.024
627 116 17 27 0.024
602 93 13 11 0.024
55 8 7 7 0.024
578 15 15 19 0.023
708 74 7 8 0.023
370 67 10 13 0.023
669 330 12 23 0.023
927 237 14 112 0.023
973 3 7 10 0.023
114 508 12 15 0.023
436 135 17 17 0.023
1000 137 6 26 0.023
631 101 9 25 0.023
215 553 13 18 0.023
908 322 11 15 0.023
444 14 9 30 0.023
874 2 18 9 0.023
184 366 9 12 0.022
242 118 10 10 0.022
450 74 9 31 0.022
735 29 12 8 0.022
405 547 13 16 0.022
709 164 15 13 0.022
442 69 27 23 0.022
689 72 7 11 0.022
827 414 12 14 0.022
533 364 14 26 0.022
61 116 7 13 0.022
781 222 7 10 0.022
530 128 7 14 0.022
25 104 6 8 0.022
461 60 7 38 0.022
309 378 22 107 0.022
431 412 13 22 0.022
408 198 11 12 0.022
648 208 10 14 0.022
728 220 12 15 0.021
466 135 10 28 0.021
1006 150 9 11 0.021
951 221 17 38 0.021
465 5 8 31 0.021
532 18 12 28 0.021
1012 92 10 13 0.021
357 157 11 10 0.021
595 391 15 17 0.021
578 48 14 29 0.021
868 147 21 23 0.021
249 57 4 6 0.021
554 486 13 15 0.021
438 83 9 31 0.021
547 412 17 15 0.021
845 109 17 17 0.021
956 310 15 14 0.021
504 0 8 30 0.021
672 274 11 102 0.021
385 246 11 101 0.021
777 489 12 16 0.021
515 81 23 22 0.021
35 104 11 15 0.020
348 131 10 12 0.020
259 394 22 17 0.020
