2_Demonstration_Political_Rally_2_301
86
676 319 18 21 0.587
419 309 11 13 0.339
50 234 10 13 0.309
456 260 12 15 0.223
176 237 11 12 0.220
344 250 11 13 0.216
371 256 12 14 0.199
405 247 10 13 0.186
643 271 13 15 0.184
312 317 12 13 0.180
520 260 14 15 0.178
335 282 12 14 0.152
503 269 12 14 0.148
208 248 11 13 0.138
593 273 14 15 0.131
628 271 12 14 0.131
480 265 13 14 0.131
314 252 12 13 0.127
688 286 13 16 0.108
542 274 13 17 0.107
28 264 10 11 0.102
431 258 11 14 0.095
183 269 8 9 0.091
162 274 11 12 0.086
498 266 15 16 0.086
26 264 8 10 0.084
470 244 9 15 0.082
488 264 16 16 0.075
312 255 10 12 0.074
478 266 11 11 0.074
32 267 8 9 0.070
140 271 9 11 0.069
553 265 12 14 0.067
485 265 13 14 0.067
320 248 13 13 0.062
384 259 12 13 0.060
128 232 10 14 0.059
184 268 11 11 0.057
519 284 13 15 0.057
410 290 12 15 0.055
159 272 10 12 0.053
146 240 8 11 0.052
145 243 8 10 0.050
505 272 17 17 0.049
231 250 11 12 0.049
473 305 12 13 0.048
570 277 12 15 0.048
318 254 12 13 0.047
338 240 11 14 0.047
255 242 13 15 0.047
430 256 10 22 0.046
486 244 10 12 0.045
294 250 14 13 0.045
538 268 21 28 0.044
602 265 15 14 0.043
605 263 11 12 0.042
355 234 10 13 0.042
380 254 17 17 0.041
412 294 13 16 0.040
442 259 28 16 0.040
689 260 11 14 0.036
624 273 13 14 0.036
465 284 11 14 0.036
478 266 42 16 0.033
498 255 12 12 0.033
310 250 12 12 0.031
547 281 14 16 0.030
684 275 15 54 0.030
108 265 9 13 0.029
387 261 12 12 0.028
173 237 10 12 0.027
348 252 43 18 0.027
487 239 10 31 0.027
125 229 10 15 0.026
54 235 9 12 0.026
179 240 11 16 0.026
251 243 13 14 0.026
644 279 14 15 0.025
24 233 9 12 0.025
131 270 15 12 0.024
517 248 22 47 0.024
519 277 18 21 0.023
370 250 12 13 0.021
285 247 14 14 0.021
411 266 13 16 0.021
652 281 14 17 0.020
