2_Demonstration_Demonstration_Or_Protest_2_304
23
429 378 46 56 0.844
191 278 53 68 0.833
374 364 35 45 0.818
78 381 36 50 0.810
301 385 36 46 0.805
682 403 43 53 0.799
763 296 106 110 0.791
523 346 46 66 0.775
916 377 35 56 0.772
259 381 40 58 0.764
549 347 44 63 0.712
725 395 28 37 0.604
34 395 31 44 0.583
607 368 31 38 0.100
26 399 29 35 0.098
210 358 35 49 0.098
0 401 9 19 0.081
656 392 28 38 0.053
570 365 56 44 0.033
37 406 24 30 0.030
26 406 20 25 0.022
1010 501 14 95 0.021
245 239 8 10 0.020
