2_Demonstration_Demonstration_Or_Protest_2_578
127
569 307 27 33 0.828
668 295 28 34 0.816
941 320 27 36 0.809
854 332 29 35 0.804
503 303 23 29 0.792
255 331 23 28 0.784
148 321 21 26 0.762
424 306 23 28 0.762
71 307 21 27 0.761
881 248 18 21 0.757
323 319 24 30 0.757
212 355 22 25 0.745
749 252 16 20 0.744
579 277 19 23 0.743
960 224 16 19 0.737
811 231 15 19 0.702
1 309 21 24 0.692
982 230 16 20 0.662
231 274 12 15 0.643
697 244 16 21 0.632
94 269 11 14 0.632
574 215 12 14 0.631
385 251 13 17 0.630
705 212 11 13 0.628
780 346 26 32 0.620
614 223 11 14 0.619
906 224 12 14 0.609
548 220 10 12 0.564
586 249 15 19 0.554
295 221 9 10 0.493
497 258 14 19 0.489
305 249 11 13 0.460
813 211 10 12 0.443
167 235 8 11 0.373
667 189 7 9 0.350
884 208 9 11 0.279
958 202 10 12 0.277
543 204 9 11 0.276
803 201 9 11 0.267
184 248 9 13 0.264
317 222 9 12 0.261
471 333 15 17 0.251
733 183 9 10 0.208
655 209 10 12 0.205
282 223 8 10 0.195
581 172 8 8 0.181
546 201 9 11 0.175
519 189 8 10 0.163
628 184 10 12 0.163
6 202 10 12 0.162
494 281 14 16 0.160
559 189 8 9 0.141
488 189 8 9 0.135
749 185 8 10 0.133
771 194 8 10 0.119
4 224 11 15 0.111
361 267 12 15 0.105
671 201 8 11 0.104
958 206 11 12 0.102
805 204 13 15 0.098
556 192 9 10 0.098
49 302 13 21 0.093
455 214 7 9 0.090
456 327 13 15 0.089
971 180 7 9 0.085
812 180 8 10 0.085
741 215 10 14 0.083
812 200 12 52 0.073
663 204 17 11 0.066
4 202 13 23 0.065
587 243 13 16 0.064
329 251 9 11 0.064
529 199 8 10 0.060
476 292 15 19 0.058
382 226 9 11 0.056
736 185 24 10 0.053
750 227 12 15 0.051
169 240 20 14 0.047
362 255 11 13 0.046
179 246 17 17 0.046
655 204 11 22 0.045
133 317 12 20 0.043
754 231 14 15 0.042
698 252 18 20 0.042
171 209 8 9 0.042
583 173 7 10 0.041
516 199 8 10 0.039
710 175 6 8 0.039
626 252 12 16 0.039
498 251 11 14 0.039
734 186 9 11 0.038
998 195 7 8 0.037
502 251 9 11 0.037
494 270 15 20 0.036
0 241 9 16 0.035
744 224 21 19 0.035
530 166 7 9 0.035
438 227 11 12 0.035
520 192 17 18 0.035
553 264 12 17 0.033
612 160 8 10 0.033
435 226 8 10 0.032
750 241 18 27 0.032
467 228 9 11 0.031
594 169 8 10 0.030
314 220 8 11 0.030
487 273 24 45 0.030
385 233 8 29 0.028
760 235 11 14 0.027
982 240 15 19 0.026
749 181 8 12 0.025
401 303 11 16 0.024
133 310 13 19 0.024
671 205 7 9 0.024
536 305 13 24 0.024
439 264 11 14 0.023
326 255 10 13 0.023
494 289 17 24 0.023
490 189 11 10 0.022
627 195 8 12 0.022
440 204 10 11 0.022
670 188 6 8 0.022
627 203 10 14 0.021
326 271 10 12 0.021
836 180 8 9 0.020
492 202 7 9 0.020
308 235 11 21 0.020
