2_Demonstration_Demonstration_Or_Protest_2_140
488
954 639 26 30 0.807
203 538 17 21 0.782
138 585 19 23 0.769
803 643 18 22 0.760
764 622 17 23 0.759
956 589 18 21 0.759
333 607 18 22 0.754
786 560 16 20 0.753
331 518 16 20 0.748
742 547 16 20 0.747
523 575 18 22 0.747
414 562 16 21 0.746
302 606 15 20 0.746
232 463 15 19 0.743
769 541 17 21 0.741
494 474 13 18 0.740
249 561 15 20 0.735
807 568 15 21 0.734
842 629 26 31 0.732
157 545 15 19 0.731
281 524 15 19 0.730
549 475 14 17 0.730
616 525 17 21 0.726
180 616 19 20 0.722
532 491 15 18 0.720
637 485 14 18 0.718
757 578 15 19 0.717
305 557 15 20 0.712
762 596 16 19 0.711
456 395 11 15 0.708
724 474 14 17 0.705
450 484 14 18 0.705
702 462 14 18 0.705
687 413 12 17 0.705
559 502 14 18 0.703
524 526 14 18 0.697
833 542 15 19 0.697
548 395 11 14 0.697
513 385 11 14 0.696
431 620 17 20 0.695
245 606 16 21 0.692
513 502 13 18 0.689
548 526 15 18 0.688
639 384 12 15 0.687
383 475 12 15 0.686
779 523 14 17 0.682
565 465 13 16 0.680
452 642 17 21 0.677
376 510 13 16 0.676
739 394 12 15 0.674
722 628 17 21 0.672
682 475 13 17 0.672
601 380 12 14 0.671
560 354 11 13 0.664
183 651 21 20 0.661
378 571 15 18 0.649
416 477 13 17 0.649
586 314 8 10 0.649
722 313 10 12 0.648
414 653 19 18 0.645
644 461 12 16 0.643
159 592 17 19 0.640
592 457 13 15 0.636
624 375 10 14 0.635
711 572 14 18 0.633
859 598 18 19 0.630
300 519 15 18 0.628
751 286 10 13 0.628
571 536 15 19 0.622
609 433 12 16 0.621
897 282 10 12 0.615
578 329 10 13 0.614
528 618 20 24 0.611
232 486 15 19 0.608
687 505 14 17 0.606
661 639 20 22 0.603
674 369 10 13 0.603
609 655 22 16 0.599
854 263 9 12 0.598
906 644 24 26 0.597
915 601 17 20 0.594
823 275 10 13 0.594
364 603 17 20 0.585
448 609 13 18 0.585
712 391 10 13 0.584
569 287 9 11 0.584
493 630 16 19 0.582
626 627 18 22 0.575
569 431 11 15 0.573
691 271 10 12 0.573
862 324 10 13 0.573
911 577 15 19 0.570
656 331 10 12 0.569
594 343 9 13 0.568
654 272 10 12 0.565
597 245 7 9 0.563
928 308 10 13 0.560
859 289 10 12 0.560
929 643 18 22 0.555
389 617 15 19 0.554
679 298 8 11 0.551
375 632 18 22 0.550
935 280 9 10 0.543
553 419 11 13 0.541
804 303 9 12 0.538
999 216 9 11 0.530
649 528 15 16 0.523
629 466 14 17 0.522
703 216 6 8 0.519
871 236 9 11 0.517
785 261 10 12 0.509
673 542 13 19 0.504
542 257 8 10 0.495
698 588 16 20 0.494
564 247 8 9 0.492
743 241 8 10 0.480
963 231 8 10 0.475
669 250 8 10 0.475
761 257 9 12 0.475
653 558 15 19 0.475
558 386 10 12 0.471
605 314 9 10 0.470
930 325 10 12 0.469
534 298 9 12 0.462
736 268 7 9 0.460
888 227 8 11 0.455
596 288 8 11 0.455
433 589 13 19 0.455
616 285 9 10 0.447
798 240 9 11 0.442
671 318 10 14 0.434
718 184 8 9 0.430
769 234 9 11 0.420
938 226 9 10 0.410
933 245 8 10 0.406
494 430 10 13 0.404
970 263 8 10 0.401
821 320 10 11 0.400
484 637 15 18 0.395
835 246 9 11 0.384
685 242 7 9 0.338
511 576 18 20 0.327
759 209 9 11 0.325
913 177 9 11 0.325
685 256 8 10 0.323
653 597 16 20 0.321
889 269 9 11 0.320
628 214 6 8 0.320
610 249 8 9 0.318
523 277 9 11 0.312
972 215 9 11 0.310
220 619 17 21 0.304
600 276 7 7 0.303
863 179 7 9 0.300
976 247 7 9 0.297
726 251 8 11 0.295
841 221 8 9 0.292
627 505 11 13 0.281
529 375 9 12 0.280
640 236 8 10 0.273
818 185 7 9 0.272
817 200 8 10 0.269
837 244 9 11 0.268
730 168 7 8 0.264
704 577 17 19 0.258
793 173 8 9 0.258
686 310 9 11 0.257
704 200 7 8 0.256
907 323 9 11 0.254
633 184 7 9 0.254
985 262 9 11 0.250
584 230 7 10 0.249
723 255 9 10 0.238
924 235 7 9 0.235
1001 246 9 10 0.235
670 392 9 12 0.234
761 297 9 11 0.230
838 180 8 9 0.223
701 237 9 11 0.219
754 292 12 13 0.218
142 588 24 21 0.213
774 185 8 11 0.212
622 225 6 8 0.211
511 578 12 15 0.210
630 463 10 13 0.209
513 498 22 19 0.208
845 161 7 9 0.200
162 574 15 41 0.196
679 145 7 9 0.194
366 548 15 19 0.192
812 158 6 10 0.190
935 206 7 9 0.189
681 350 11 12 0.187
626 611 16 23 0.185
891 190 8 8 0.183
742 649 21 23 0.181
772 188 10 12 0.181
741 220 7 11 0.181
744 173 8 10 0.178
698 463 31 18 0.175
824 235 8 12 0.175
691 360 11 13 0.174
787 318 9 12 0.171
566 425 13 15 0.167
644 214 9 9 0.164
729 230 10 12 0.161
741 196 8 16 0.160
597 547 15 18 0.158
841 298 9 12 0.158
947 189 7 8 0.158
821 148 7 8 0.157
694 140 6 7 0.157
518 627 15 20 0.154
505 241 8 10 0.154
784 286 9 11 0.150
855 216 8 10 0.145
973 196 8 9 0.145
749 156 7 8 0.145
206 635 14 18 0.144
1001 250 8 10 0.142
750 157 6 10 0.142
626 215 7 10 0.142
732 186 14 9 0.139
675 389 16 14 0.137
687 196 8 13 0.134
527 254 8 9 0.134
828 262 10 12 0.134
818 195 8 20 0.131
760 172 11 12 0.129
426 582 21 30 0.129
594 381 16 14 0.129
822 218 9 15 0.128
497 468 17 41 0.127
711 136 6 9 0.126
864 287 22 12 0.125
33 662 19 10 0.124
805 218 10 12 0.123
633 282 8 10 0.119
1017 198 7 11 0.117
373 602 17 60 0.114
832 253 9 16 0.112
693 163 9 10 0.110
968 264 8 10 0.109
683 385 10 13 0.108
665 545 17 22 0.108
450 623 20 49 0.107
940 298 9 12 0.107
853 248 10 38 0.106
765 657 14 14 0.105
946 208 12 12 0.105
572 446 11 15 0.105
696 238 17 10 0.104
795 166 6 27 0.102
470 386 11 12 0.101
789 278 9 13 0.101
731 257 8 20 0.101
657 195 8 20 0.101
844 219 13 11 0.100
520 279 9 12 0.099
788 194 9 17 0.098
845 156 6 23 0.097
694 359 11 13 0.095
741 209 8 12 0.093
771 147 8 16 0.093
269 660 17 11 0.093
790 152 10 20 0.092
652 219 12 10 0.092
1017 240 7 14 0.091
595 211 7 10 0.091
933 207 19 9 0.091
668 654 21 17 0.091
844 228 8 25 0.090
838 301 8 10 0.088
747 319 9 12 0.088
365 599 18 18 0.087
794 211 9 19 0.087
665 453 11 15 0.087
855 213 16 10 0.087
671 208 16 14 0.086
698 653 14 18 0.084
673 363 16 25 0.083
609 650 23 21 0.083
934 301 11 13 0.082
552 391 10 53 0.082
202 588 15 20 0.081
667 168 9 10 0.081
798 143 8 8 0.080
167 508 12 14 0.080
894 656 23 15 0.078
929 301 10 38 0.078
951 246 9 11 0.078
856 142 7 9 0.077
800 263 9 11 0.077
888 183 10 23 0.077
722 346 9 12 0.076
757 208 20 15 0.075
759 194 8 30 0.074
670 660 19 11 0.073
781 202 8 25 0.073
965 246 18 11 0.073
585 227 8 14 0.073
666 209 17 11 0.072
305 662 20 10 0.072
862 180 14 14 0.072
730 160 6 26 0.072
672 208 8 24 0.071
589 384 10 12 0.071
779 213 15 15 0.071
990 640 17 20 0.069
973 170 7 9 0.069
891 246 8 11 0.069
630 245 9 10 0.068
652 509 13 86 0.068
871 221 16 15 0.067
655 525 30 39 0.067
923 227 11 17 0.066
489 603 15 18 0.065
914 498 12 15 0.065
793 147 7 32 0.065
909 180 23 10 0.065
689 192 8 14 0.065
875 283 10 11 0.064
688 296 10 18 0.064
782 288 9 13 0.063
630 271 8 10 0.063
743 169 6 29 0.062
863 208 16 13 0.062
561 524 28 36 0.062
967 195 15 12 0.062
735 655 24 16 0.061
929 318 12 15 0.061
835 187 9 26 0.060
758 257 9 31 0.060
656 321 15 29 0.059
493 535 13 18 0.059
748 549 23 50 0.058
617 284 23 9 0.058
673 355 12 49 0.058
808 618 16 21 0.058
837 191 14 19 0.058
836 160 18 10 0.057
749 151 9 22 0.056
914 232 15 10 0.056
581 315 11 20 0.055
686 192 8 14 0.055
231 494 15 19 0.054
449 648 19 21 0.054
938 282 8 11 0.054
686 198 23 10 0.053
864 189 8 22 0.053
973 190 8 18 0.053
284 597 16 22 0.053
686 357 19 14 0.053
681 238 11 29 0.053
861 289 18 12 0.053
687 614 18 22 0.052
822 162 8 28 0.052
676 306 21 17 0.051
899 198 7 27 0.050
884 156 8 8 0.050
1006 243 18 17 0.050
687 525 18 21 0.049
769 217 9 34 0.049
693 152 9 27 0.049
842 136 8 9 0.048
409 533 13 16 0.048
784 233 19 16 0.047
472 584 13 15 0.047
673 300 10 42 0.047
692 594 18 23 0.046
804 274 9 21 0.046
511 260 9 17 0.046
766 232 15 27 0.046
492 530 13 17 0.045
878 578 13 17 0.045
894 185 9 27 0.045
818 315 14 21 0.045
778 287 11 13 0.045
677 215 14 22 0.044
304 580 12 16 0.044
780 240 11 26 0.044
705 462 15 20 0.044
835 203 9 30 0.043
742 196 9 31 0.043
497 432 13 17 0.043
690 532 17 23 0.042
567 247 8 9 0.042
744 598 13 18 0.042
999 216 16 12 0.042
469 588 15 18 0.042
796 137 9 30 0.041
758 302 11 12 0.041
456 647 19 21 0.041
737 390 12 15 0.041
582 539 21 19 0.041
868 234 20 14 0.040
947 193 7 31 0.040
423 504 15 19 0.040
911 215 11 23 0.040
627 464 12 15 0.039
405 351 9 11 0.039
512 262 7 11 0.039
909 205 16 20 0.038
882 604 15 18 0.038
851 243 7 16 0.038
771 145 15 18 0.037
325 644 16 15 0.037
1016 253 8 16 0.036
149 662 15 10 0.036
803 272 20 14 0.036
694 131 6 31 0.036
692 548 15 17 0.036
658 193 13 23 0.036
761 165 7 46 0.035
650 555 15 20 0.033
656 182 8 22 0.033
611 181 7 15 0.032
319 586 14 17 0.032
828 229 21 27 0.032
650 592 16 19 0.032
133 568 14 19 0.031
649 202 17 27 0.031
680 263 10 68 0.031
620 566 14 17 0.031
606 183 9 11 0.031
762 163 18 29 0.031
819 145 7 7 0.031
391 643 16 19 0.030
790 212 22 26 0.030
491 434 12 15 0.030
670 240 8 22 0.030
503 438 11 14 0.030
771 146 6 32 0.029
734 266 21 10 0.029
633 179 7 30 0.029
869 184 18 28 0.029
977 247 24 13 0.029
658 440 11 15 0.029
841 136 13 11 0.028
733 431 12 15 0.028
514 663 19 9 0.028
509 585 15 18 0.027
701 147 12 29 0.027
954 207 23 19 0.027
557 341 10 74 0.027
834 241 11 23 0.027
497 544 12 15 0.027
850 282 64 20 0.027
588 662 17 10 0.027
273 654 20 17 0.027
442 607 20 24 0.026
177 476 14 17 0.026
891 264 8 15 0.026
664 147 7 10 0.026
491 619 15 21 0.026
886 323 11 12 0.025
793 264 15 26 0.025
893 601 19 19 0.025
924 185 11 28 0.025
608 379 17 15 0.025
994 197 8 12 0.025
973 481 12 17 0.025
631 629 18 22 0.025
482 641 15 19 0.024
470 594 15 17 0.024
688 269 8 32 0.023
284 609 16 21 0.023
881 198 16 30 0.023
719 623 16 20 0.023
864 599 30 23 0.023
204 586 17 37 0.023
760 239 11 44 0.023
436 588 16 21 0.023
540 255 12 14 0.022
747 654 20 17 0.022
686 477 15 15 0.022
986 202 19 22 0.022
600 554 18 20 0.022
207 588 16 20 0.022
709 131 6 31 0.021
955 307 10 14 0.021
22 653 21 18 0.021
732 659 19 12 0.021
955 159 8 11 0.021
535 643 18 21 0.021
391 657 19 14 0.021
557 315 36 69 0.020
936 224 12 15 0.020
