2_Demonstration_Demonstration_Or_Protest_2_816
53
678 202 44 55 0.857
141 283 50 63 0.848
814 79 40 49 0.843
14 171 42 49 0.840
862 170 42 56 0.839
94 65 39 45 0.835
349 268 48 62 0.834
496 156 42 52 0.831
721 2 41 50 0.828
575 122 42 49 0.818
219 260 47 64 0.809
319 210 42 47 0.804
356 396 49 61 0.803
792 226 41 50 0.796
303 148 43 50 0.795
180 195 49 59 0.791
685 68 34 42 0.781
447 62 36 50 0.766
435 199 32 50 0.762
305 0 42 40 0.755
461 221 46 55 0.752
639 16 36 45 0.741
779 280 51 61 0.733
631 170 37 54 0.728
490 0 30 32 0.722
605 235 45 54 0.712
971 146 41 47 0.666
107 0 36 25 0.654
0 33 23 54 0.631
356 0 32 36 0.587
1003 84 21 51 0.570
189 159 35 44 0.531
882 0 33 34 0.419
158 0 40 25 0.368
645 143 36 42 0.167
864 336 55 63 0.155
51 0 37 25 0.126
1010 0 14 32 0.122
314 493 73 86 0.115
219 123 36 47 0.113
983 82 37 57 0.103
642 235 38 49 0.095
1 0 32 28 0.089
391 0 23 26 0.081
674 360 42 60 0.067
0 60 18 42 0.058
409 12 25 29 0.051
252 0 36 39 0.042
622 238 50 52 0.040
725 124 33 43 0.038
174 0 29 21 0.034
842 29 35 42 0.031
488 0 33 10 0.024
