2_Demonstration_Political_Rally_2_637
28
0 384 36 50 0.831
736 96 48 79 0.817
725 404 33 43 0.804
279 353 36 46 0.756
454 362 32 58 0.734
159 387 39 60 0.722
616 345 31 41 0.685
659 398 26 37 0.680
905 400 25 32 0.668
845 368 27 40 0.487
614 281 24 31 0.390
368 406 26 34 0.293
593 343 40 45 0.111
788 381 27 35 0.086
372 401 21 23 0.075
848 382 29 35 0.056
949 651 13 18 0.048
885 552 17 22 0.034
844 352 28 41 0.028
0 327 9 50 0.026
928 652 19 18 0.026
279 418 33 50 0.025
553 353 44 41 0.024
271 428 39 55 0.023
937 651 26 18 0.023
584 342 35 41 0.021
551 361 31 35 0.021
0 318 16 53 0.020
