2_Demonstration_Demonstration_Or_Protest_2_604
39
403 135 59 73 0.853
285 38 83 116 0.851
656 118 62 112 0.826
96 164 44 62 0.817
538 137 22 25 0.669
468 150 15 20 0.641
73 134 13 17 0.511
519 95 12 15 0.484
42 128 14 17 0.453
169 170 25 31 0.435
16 174 24 35 0.435
15 134 11 13 0.367
105 131 13 17 0.348
821 409 134 161 0.204
86 120 11 14 0.195
566 95 9 12 0.185
482 96 12 16 0.133
346 163 27 36 0.130
37 206 20 28 0.120
320 155 30 37 0.105
79 127 13 21 0.103
159 168 19 28 0.102
153 155 16 20 0.098
24 170 19 27 0.066
473 187 17 21 0.053
562 145 15 18 0.052
802 165 25 30 0.047
155 158 22 23 0.043
326 160 41 37 0.042
173 163 20 23 0.041
484 96 39 16 0.040
176 174 24 30 0.034
147 147 15 21 0.032
4 225 23 35 0.029
316 164 24 29 0.028
145 144 12 15 0.026
89 140 13 15 0.023
25 168 14 22 0.022
11 220 18 28 0.021
