2_Demonstration_Demonstration_Or_Protest_2_162
26
244 103 143 209 0.869
685 116 151 183 0.857
441 140 51 59 0.849
525 180 30 40 0.792
607 153 32 42 0.789
1 221 29 33 0.773
94 222 26 31 0.729
554 182 21 30 0.592
484 196 23 29 0.510
152 221 26 30 0.472
70 241 17 23 0.204
153 216 22 25 0.148
63 235 48 25 0.066
184 266 31 31 0.066
964 193 18 20 0.055
868 190 17 21 0.043
844 197 26 34 0.041
413 307 23 26 0.041
0 156 20 32 0.040
932 194 13 17 0.039
386 199 32 36 0.036
919 195 12 15 0.034
475 182 35 46 0.030
849 194 28 27 0.030
190 206 15 17 0.030
918 196 21 16 0.021
