2_Demonstration_Demonstration_Or_Protest_2_615
27
1 267 36 40 0.832
116 252 36 41 0.824
558 244 27 32 0.815
36 250 33 41 0.810
897 245 30 32 0.805
287 221 33 39 0.804
760 256 26 32 0.796
507 270 25 30 0.792
827 252 28 31 0.787
430 251 31 37 0.784
610 258 26 31 0.768
943 247 30 32 0.758
176 248 33 35 0.705
678 256 21 26 0.672
719 271 21 24 0.629
381 218 29 37 0.245
735 270 17 21 0.080
658 260 19 24 0.076
538 285 24 23 0.071
653 267 21 26 0.055
684 254 19 26 0.032
359 273 20 27 0.025
619 259 21 27 0.025
592 295 21 21 0.025
588 258 18 21 0.022
394 219 21 30 0.021
979 253 18 22 0.021
