2_Demonstration_Demonstrators_2_181
60
882 591 48 62 0.843
76 531 58 74 0.828
662 521 38 50 0.822
941 542 35 45 0.821
849 501 23 31 0.787
412 532 24 31 0.765
718 512 23 29 0.751
530 563 23 31 0.702
465 533 15 18 0.610
546 513 14 17 0.585
231 542 22 25 0.578
338 534 13 17 0.576
280 529 17 23 0.554
260 529 14 16 0.553
783 500 20 25 0.442
188 553 20 27 0.426
379 520 12 16 0.211
761 564 26 32 0.210
559 542 21 24 0.154
422 512 13 15 0.126
400 512 13 15 0.119
451 515 15 13 0.111
309 519 13 18 0.108
313 516 12 15 0.104
437 509 12 14 0.101
467 528 16 21 0.099
336 535 24 17 0.092
631 506 11 13 0.092
648 505 13 15 0.078
364 540 14 15 0.078
508 514 13 15 0.077
483 501 13 13 0.071
437 515 26 12 0.067
525 524 13 16 0.066
552 542 22 21 0.059
331 528 17 21 0.059
424 513 28 13 0.054
502 517 14 23 0.054
159 526 15 19 0.051
340 524 16 26 0.049
307 529 12 16 0.039
502 529 12 16 0.039
400 510 13 13 0.037
420 512 23 18 0.034
156 561 16 25 0.033
377 535 15 18 0.032
630 508 33 13 0.031
777 505 20 26 0.031
454 515 29 13 0.031
434 515 13 16 0.030
548 470 8 9 0.026
474 504 14 14 0.025
478 498 19 33 0.024
355 512 41 43 0.023
765 523 18 18 0.023
663 485 12 13 0.022
198 580 26 35 0.021
150 564 17 22 0.020
189 516 16 21 0.020
503 519 30 22 0.020
