2_Demonstration_Demonstration_Or_Protest_2_617
27
54 415 57 64 0.859
590 486 61 67 0.839
6 401 42 43 0.827
732 81 67 82 0.792
154 393 48 59 0.784
313 438 48 60 0.769
541 439 42 47 0.762
646 460 44 50 0.734
263 463 60 72 0.720
801 494 180 120 0.707
416 453 41 47 0.669
365 430 26 33 0.611
230 413 31 36 0.591
507 414 26 29 0.234
289 431 24 29 0.232
714 522 34 42 0.081
309 436 27 37 0.078
474 443 36 44 0.073
427 460 46 51 0.054
783 498 32 49 0.046
147 392 39 53 0.045
358 333 20 24 0.040
999 100 25 65 0.038
411 459 32 37 0.034
476 432 28 41 0.030
218 406 39 47 0.023
482 424 20 28 0.022
