2_Demonstration_Political_Rally_2_319
154
617 455 35 46 0.819
715 528 32 52 0.766
392 465 24 34 0.729
668 442 24 35 0.723
158 485 24 34 0.722
118 444 24 30 0.712
856 428 16 28 0.640
840 568 40 63 0.616
276 457 21 37 0.609
873 385 13 17 0.539
137 685 26 39 0.535
458 435 18 27 0.491
53 458 22 30 0.438
952 399 12 15 0.426
0 395 11 18 0.375
111 368 8 10 0.362
537 446 18 28 0.337
48 562 24 51 0.330
313 518 20 35 0.328
844 394 13 15 0.299
722 476 27 31 0.267
36 388 11 14 0.261
782 416 12 16 0.254
287 375 9 11 0.204
233 359 8 9 0.187
248 369 9 11 0.180
298 471 23 33 0.179
38 456 33 31 0.168
205 440 27 29 0.156
926 377 9 10 0.150
34 454 23 31 0.149
964 364 8 9 0.147
748 407 10 13 0.146
78 385 11 15 0.142
56 371 10 14 0.136
141 407 16 18 0.132
344 364 9 12 0.132
132 367 8 11 0.127
176 417 16 21 0.122
38 436 21 24 0.121
116 391 13 15 0.121
580 518 35 53 0.118
3 371 10 11 0.104
239 399 16 23 0.100
222 371 10 12 0.096
895 392 13 16 0.094
241 401 19 27 0.092
21 357 8 10 0.091
182 385 12 15 0.090
315 378 10 13 0.090
73 353 7 10 0.089
194 414 17 22 0.089
895 398 14 17 0.089
220 394 13 17 0.088
867 366 8 9 0.086
172 411 13 17 0.085
30 456 19 28 0.085
311 420 13 17 0.076
89 355 9 10 0.075
228 356 10 11 0.074
493 381 13 15 0.073
808 450 21 25 0.069
813 391 10 11 0.069
335 412 11 15 0.068
58 370 12 13 0.068
170 407 11 15 0.066
1012 385 11 13 0.064
130 404 19 20 0.064
170 370 13 13 0.063
532 390 13 16 0.062
308 358 11 11 0.061
24 369 11 16 0.060
2 392 17 19 0.059
173 410 36 32 0.056
240 379 12 14 0.056
364 414 13 21 0.054
896 405 13 17 0.052
994 490 18 23 0.051
103 348 8 10 0.051
131 369 10 12 0.051
16 355 14 10 0.051
10 352 10 11 0.050
711 416 12 16 0.050
288 371 11 12 0.049
222 350 9 10 0.049
344 368 11 13 0.049
829 430 16 19 0.047
145 365 13 15 0.046
262 377 10 13 0.046
244 372 13 15 0.046
244 408 19 26 0.045
133 366 7 9 0.045
454 372 9 12 0.045
322 388 13 14 0.044
21 374 11 13 0.044
195 439 29 34 0.044
80 387 15 16 0.043
363 477 28 31 0.043
321 343 8 8 0.042
467 390 19 22 0.040
891 402 15 17 0.040
685 400 12 16 0.040
575 443 18 24 0.040
722 397 11 14 0.040
241 383 12 31 0.039
401 364 9 12 0.039
237 374 18 65 0.039
407 381 12 14 0.039
200 378 13 13 0.039
70 355 20 9 0.037
233 402 15 23 0.037
381 359 9 10 0.036
35 390 12 22 0.036
178 378 15 29 0.036
969 522 30 35 0.036
140 370 14 14 0.035
574 524 29 49 0.034
968 376 9 12 0.034
113 364 9 26 0.034
106 450 20 30 0.034
191 379 19 13 0.033
144 365 10 11 0.033
104 347 8 20 0.033
683 398 10 15 0.032
871 409 15 18 0.032
66 407 12 18 0.031
1 332 7 11 0.029
986 362 9 13 0.029
208 363 10 24 0.027
135 366 21 17 0.027
511 476 17 25 0.027
113 365 12 47 0.027
707 418 14 17 0.027
690 406 13 17 0.027
525 430 22 36 0.026
19 333 8 9 0.025
1003 483 15 26 0.025
422 363 12 14 0.024
174 364 12 21 0.024
843 385 14 49 0.024
986 359 11 23 0.024
843 393 23 14 0.023
155 370 14 21 0.023
849 398 15 15 0.023
187 356 15 11 0.023
995 398 11 15 0.022
44 383 13 16 0.022
230 359 27 9 0.022
187 402 43 38 0.022
989 372 11 14 0.022
373 403 10 20 0.021
113 449 23 30 0.020
356 367 13 15 0.020
3 363 25 19 0.020
