2_Demonstration_Political_Rally_2_264
346
441 501 16 22 0.736
613 470 13 17 0.695
988 521 14 20 0.687
334 456 16 19 0.679
679 589 17 22 0.676
583 463 13 17 0.669
652 467 14 18 0.657
531 512 15 18 0.656
388 548 19 23 0.634
602 517 15 18 0.618
280 348 11 13 0.591
624 566 16 20 0.583
907 405 12 16 0.580
236 574 19 25 0.576
340 359 12 15 0.575
600 367 10 13 0.560
395 425 14 17 0.559
709 504 15 19 0.552
731 440 11 13 0.541
313 510 18 21 0.527
799 406 12 14 0.524
139 483 16 19 0.500
512 410 13 16 0.489
457 454 14 19 0.481
964 452 16 20 0.456
42 363 12 14 0.454
489 574 17 21 0.424
786 455 13 17 0.398
501 510 14 18 0.396
334 396 14 16 0.395
331 313 9 11 0.393
55 345 11 14 0.392
96 501 19 22 0.381
360 528 14 18 0.378
465 348 12 15 0.375
447 349 11 14 0.362
693 372 9 11 0.358
239 388 13 17 0.347
527 477 13 17 0.338
861 410 12 16 0.323
792 366 9 11 0.321
616 421 14 15 0.318
364 401 12 16 0.303
408 318 10 12 0.300
308 330 10 13 0.299
1005 396 12 16 0.299
723 422 11 13 0.295
335 416 15 18 0.290
215 364 13 16 0.276
219 547 18 22 0.268
619 366 9 11 0.268
234 352 11 14 0.265
94 358 11 13 0.259
667 406 14 17 0.252
639 354 10 11 0.247
496 330 11 13 0.245
156 335 10 13 0.245
27 460 16 18 0.237
524 330 10 12 0.235
269 460 15 19 0.234
584 599 18 20 0.232
212 330 11 13 0.228
192 364 13 15 0.222
58 292 9 10 0.217
417 399 11 16 0.214
0 363 9 14 0.209
752 359 10 12 0.209
453 424 12 16 0.208
282 411 15 18 0.192
960 387 11 13 0.181
355 429 13 16 0.180
182 433 14 16 0.180
393 380 13 15 0.179
33 432 16 21 0.178
604 419 15 16 0.177
648 578 14 17 0.172
273 602 15 19 0.172
48 377 13 15 0.169
488 401 13 16 0.163
69 465 17 19 0.163
385 344 9 13 0.162
737 603 18 19 0.162
112 346 10 12 0.161
417 345 12 14 0.159
321 390 11 14 0.156
43 360 13 23 0.155
567 405 12 16 0.154
551 335 10 13 0.153
97 415 15 19 0.148
956 418 15 17 0.146
420 333 11 13 0.145
767 500 14 17 0.145
476 482 14 20 0.143
311 308 8 11 0.142
687 462 16 19 0.137
278 305 8 10 0.136
456 302 9 11 0.132
938 469 16 21 0.132
726 423 11 22 0.130
126 324 10 11 0.129
278 413 15 17 0.129
417 333 12 17 0.127
456 448 15 18 0.120
245 267 8 10 0.119
411 496 14 18 0.119
670 364 9 12 0.119
238 396 13 16 0.116
863 346 8 9 0.115
363 396 13 29 0.111
511 489 15 17 0.111
841 417 10 13 0.109
513 447 14 19 0.107
417 393 14 17 0.106
117 367 11 13 0.105
858 506 16 23 0.104
593 490 15 19 0.103
742 339 11 13 0.103
85 473 17 21 0.101
919 385 10 13 0.100
205 304 8 9 0.099
453 348 29 15 0.098
444 348 26 16 0.094
141 393 15 18 0.093
334 388 14 17 0.091
1 362 9 26 0.090
537 497 15 19 0.089
98 289 8 10 0.088
73 469 25 22 0.088
425 362 12 13 0.084
574 301 8 10 0.080
878 376 11 13 0.080
102 499 18 22 0.078
206 363 24 18 0.078
23 299 8 10 0.078
668 367 10 13 0.078
362 344 12 13 0.075
106 343 12 15 0.075
327 383 17 17 0.074
1006 427 15 21 0.074
309 483 15 18 0.073
228 423 15 18 0.073
222 373 11 15 0.071
249 303 10 12 0.071
740 419 14 16 0.071
600 322 8 11 0.071
533 285 8 9 0.070
777 396 12 16 0.070
481 518 15 20 0.069
103 317 11 13 0.069
814 537 14 17 0.069
787 329 8 11 0.067
371 432 15 18 0.066
208 369 17 17 0.066
931 596 20 23 0.065
90 396 14 16 0.065
8 380 12 16 0.064
389 318 10 11 0.064
2 380 13 15 0.064
494 354 12 14 0.063
447 431 16 20 0.063
812 334 7 9 0.063
459 304 10 12 0.062
212 370 18 17 0.061
289 406 13 17 0.060
504 498 17 21 0.059
275 307 9 20 0.059
294 423 15 18 0.058
310 328 10 14 0.056
555 314 10 12 0.056
265 463 15 19 0.055
296 446 15 18 0.055
235 546 14 20 0.055
485 582 17 23 0.055
929 360 10 12 0.054
8 279 8 9 0.054
417 326 13 42 0.054
276 303 11 17 0.054
860 373 11 12 0.054
79 525 19 23 0.053
40 355 11 20 0.053
402 301 10 11 0.052
154 409 15 17 0.052
414 402 13 17 0.051
32 410 12 15 0.051
461 411 13 18 0.051
344 323 10 12 0.049
169 531 14 19 0.048
142 447 15 19 0.048
169 474 17 22 0.048
489 351 14 14 0.048
373 346 16 13 0.047
724 420 16 13 0.047
912 400 12 18 0.047
677 338 9 11 0.047
723 310 8 10 0.047
497 358 11 14 0.046
561 579 15 18 0.046
551 355 12 16 0.046
1002 401 13 16 0.046
642 368 12 15 0.045
502 516 13 17 0.045
0 360 11 20 0.045
623 297 10 12 0.045
371 427 13 17 0.045
37 322 10 14 0.045
670 360 9 12 0.045
32 443 15 24 0.044
1 366 14 29 0.043
592 596 19 20 0.043
756 438 13 17 0.042
418 402 13 17 0.042
515 328 20 13 0.042
742 374 11 16 0.042
882 418 11 14 0.042
528 450 15 99 0.041
193 372 14 17 0.041
554 334 10 12 0.041
229 568 19 25 0.041
69 412 13 16 0.040
615 363 24 14 0.039
272 317 12 21 0.039
485 314 12 13 0.039
696 409 10 14 0.039
863 387 12 15 0.038
154 357 12 15 0.038
480 289 9 11 0.038
415 472 14 19 0.038
441 435 14 18 0.038
165 542 18 25 0.037
282 566 15 23 0.037
23 493 15 17 0.037
93 397 17 21 0.037
103 290 7 9 0.037
412 317 16 32 0.037
466 382 12 15 0.037
340 364 14 16 0.036
361 395 13 17 0.036
621 361 9 11 0.036
216 357 13 19 0.035
141 396 20 23 0.035
273 450 16 20 0.034
950 368 11 12 0.034
4 330 9 12 0.033
919 378 13 23 0.032
165 481 18 20 0.032
303 328 15 13 0.032
1003 392 15 16 0.032
925 324 9 10 0.032
1017 343 7 12 0.032
724 311 8 11 0.032
964 423 14 18 0.031
437 364 11 15 0.031
550 341 11 29 0.031
212 263 9 11 0.031
94 388 15 52 0.031
88 351 31 24 0.031
595 339 9 12 0.031
247 265 11 11 0.031
265 391 12 15 0.031
231 394 17 47 0.030
563 409 15 18 0.030
150 360 12 13 0.030
943 472 15 23 0.030
308 488 16 22 0.030
646 361 11 15 0.030
134 395 14 18 0.030
934 463 15 20 0.030
413 494 49 29 0.030
90 236 7 9 0.030
73 535 18 21 0.030
460 296 9 11 0.029
109 339 16 30 0.029
813 350 8 12 0.029
814 424 9 12 0.029
808 458 13 16 0.029
464 368 12 26 0.029
35 523 20 24 0.029
108 507 15 21 0.028
187 441 19 22 0.028
3 315 11 14 0.028
836 350 10 11 0.028
858 495 14 19 0.028
147 585 25 23 0.028
336 372 13 21 0.028
276 320 16 15 0.028
361 534 14 19 0.028
742 336 10 12 0.028
697 303 8 9 0.028
366 407 13 21 0.028
962 446 17 21 0.027
141 592 16 21 0.027
759 433 14 23 0.027
479 295 8 21 0.027
155 582 18 22 0.027
96 291 8 10 0.027
765 324 9 11 0.027
71 359 12 14 0.026
465 360 17 16 0.026
358 525 22 26 0.026
151 402 23 32 0.026
225 342 14 17 0.026
164 550 17 23 0.026
87 389 12 16 0.025
709 361 8 11 0.025
482 596 18 20 0.025
479 305 11 16 0.025
376 524 15 18 0.025
1008 402 14 18 0.025
600 595 16 18 0.025
749 351 12 24 0.025
90 381 13 17 0.025
702 337 9 13 0.025
233 504 18 23 0.025
406 312 13 16 0.024
484 357 19 19 0.024
5 314 12 13 0.024
326 533 15 22 0.024
3 317 10 28 0.024
384 280 10 12 0.023
732 355 11 12 0.023
347 537 28 24 0.023
195 377 13 15 0.023
252 304 10 18 0.023
480 591 16 19 0.023
477 331 12 14 0.023
556 319 11 17 0.023
682 297 8 9 0.023
553 310 10 11 0.023
822 366 10 11 0.022
391 487 13 17 0.022
667 380 12 15 0.022
262 434 13 18 0.022
286 423 25 53 0.022
148 408 15 19 0.022
32 421 24 26 0.022
30 401 13 24 0.021
98 316 14 13 0.021
382 326 9 13 0.021
679 324 12 18 0.021
31 385 17 19 0.021
629 366 15 12 0.021
657 520 13 15 0.021
514 406 13 16 0.021
38 329 9 21 0.020
484 365 11 13 0.020
586 606 14 17 0.020
