2_Demonstration_Political_Rally_2_690
42
815 398 66 85 0.818
535 398 86 125 0.760
645 393 25 39 0.718
754 370 10 12 0.602
948 370 12 16 0.480
181 351 9 10 0.438
109 392 8 9 0.415
12 443 9 11 0.383
80 357 8 10 0.381
63 364 9 11 0.377
1005 416 10 12 0.358
94 412 8 10 0.356
115 355 8 9 0.276
43 364 8 9 0.266
1 363 8 11 0.217
1009 396 8 10 0.133
195 357 9 8 0.097
649 376 10 12 0.087
223 359 7 9 0.085
183 351 11 11 0.085
692 365 10 10 0.078
180 353 8 9 0.069
55 361 19 12 0.067
55 348 7 9 0.064
221 354 7 9 0.063
698 367 9 11 0.061
688 367 8 10 0.055
79 360 8 9 0.049
688 364 7 9 0.046
223 362 6 7 0.046
222 353 7 18 0.045
945 376 11 16 0.043
82 441 7 8 0.043
39 362 7 10 0.041
116 366 8 9 0.041
3 362 8 11 0.035
194 361 7 8 0.031
1007 399 11 17 0.028
115 352 7 9 0.024
758 370 9 12 0.022
0 361 12 17 0.021
734 427 9 11 0.020
