2_Demonstration_Political_Rally_2_114
205
648 317 27 36 0.791
952 344 26 43 0.748
824 271 15 23 0.493
679 233 10 11 0.394
364 166 9 10 0.357
276 172 10 12 0.330
382 99 7 9 0.329
829 245 10 15 0.315
310 93 6 8 0.310
358 96 6 8 0.301
973 236 11 14 0.300
6 350 27 51 0.281
733 236 11 14 0.279
286 89 7 8 0.271
96 315 24 44 0.270
431 180 7 8 0.257
94 266 13 15 0.253
686 263 16 18 0.239
475 178 8 10 0.234
597 282 16 22 0.231
880 240 9 13 0.227
292 167 9 12 0.209
259 172 8 10 0.198
996 251 11 16 0.193
272 95 7 8 0.191
508 326 17 30 0.186
863 221 8 13 0.181
959 215 8 11 0.171
716 162 8 10 0.168
888 181 8 10 0.168
242 416 50 70 0.160
100 210 8 8 0.158
335 77 8 10 0.157
762 224 8 10 0.157
795 281 15 23 0.149
987 209 8 9 0.143
853 238 9 13 0.142
344 91 7 9 0.135
705 217 8 11 0.134
342 64 5 7 0.134
651 236 9 11 0.133
79 214 9 10 0.131
53 251 18 30 0.130
609 260 10 11 0.128
963 195 8 9 0.125
773 165 8 9 0.119
334 102 7 8 0.119
310 223 12 17 0.111
421 97 7 9 0.111
122 210 8 8 0.110
978 285 17 27 0.105
455 180 8 8 0.103
566 232 7 8 0.102
66 211 8 9 0.100
353 95 13 9 0.100
948 208 8 10 0.096
752 164 7 9 0.092
593 228 8 9 0.091
948 455 35 49 0.089
627 214 8 9 0.087
471 152 6 8 0.086
999 167 8 8 0.085
14 341 19 46 0.085
951 256 14 19 0.085
150 270 18 21 0.081
142 211 7 9 0.080
985 210 9 11 0.080
807 274 35 22 0.079
285 167 13 14 0.078
521 226 8 11 0.078
644 165 8 10 0.077
878 222 11 13 0.077
270 96 7 9 0.077
955 258 18 18 0.077
508 269 14 20 0.074
678 229 9 12 0.073
65 212 12 11 0.072
648 214 9 10 0.072
549 252 9 11 0.071
829 243 18 17 0.067
331 175 8 9 0.067
230 165 9 10 0.066
274 175 10 12 0.066
963 173 7 8 0.065
985 167 7 8 0.062
791 162 7 8 0.061
585 238 8 10 0.061
807 237 11 14 0.061
419 395 28 44 0.061
730 236 10 14 0.061
507 266 13 16 0.058
672 253 12 14 0.058
1004 201 9 13 0.058
772 230 8 11 0.057
801 281 13 20 0.057
646 216 7 10 0.056
126 210 6 8 0.055
531 208 8 9 0.055
887 262 16 22 0.054
247 235 10 12 0.054
778 367 23 34 0.053
516 281 16 23 0.052
334 74 9 22 0.052
1010 170 9 11 0.051
964 196 9 11 0.051
949 212 19 10 0.051
423 149 6 7 0.051
625 240 12 14 0.050
10 148 9 12 0.050
59 252 14 25 0.050
824 193 8 10 0.050
683 266 15 15 0.049
933 215 9 12 0.049
859 222 25 12 0.049
1013 169 7 10 0.048
289 250 11 15 0.048
878 295 21 28 0.048
225 288 16 21 0.048
418 95 6 8 0.048
523 230 8 9 0.048
824 177 8 9 0.047
604 234 14 12 0.046
754 165 7 8 0.046
944 284 16 21 0.045
342 240 10 13 0.044
981 281 16 19 0.044
330 93 7 17 0.044
964 255 13 21 0.042
862 188 7 9 0.042
806 176 9 12 0.040
849 232 19 23 0.040
765 224 7 9 0.039
570 209 8 8 0.039
869 208 9 11 0.038
98 211 7 9 0.038
415 235 8 12 0.038
792 283 13 20 0.037
960 172 7 9 0.036
99 228 8 11 0.036
509 272 16 26 0.036
760 228 8 11 0.036
424 100 8 8 0.036
983 164 7 12 0.035
511 210 7 9 0.035
332 91 10 26 0.035
608 211 7 9 0.034
868 167 6 8 0.033
887 265 20 28 0.033
477 245 9 10 0.033
822 235 16 21 0.033
783 240 12 15 0.033
625 243 10 18 0.033
505 131 7 9 0.032
838 218 8 11 0.032
792 188 9 10 0.032
590 279 17 24 0.031
883 261 16 68 0.031
692 262 14 17 0.030
292 251 11 15 0.028
878 169 7 6 0.028
593 209 7 9 0.028
1006 223 12 11 0.028
950 267 13 27 0.028
870 168 17 7 0.027
443 268 12 17 0.027
920 198 8 11 0.027
995 233 16 21 0.026
79 213 8 9 0.026
981 296 23 30 0.026
649 241 9 17 0.026
78 240 13 16 0.026
499 219 7 9 0.025
607 251 12 34 0.025
803 241 13 15 0.025
607 233 20 17 0.024
929 213 26 10 0.024
906 220 10 12 0.024
1015 199 8 27 0.024
692 157 7 9 0.024
690 328 19 31 0.023
279 249 19 20 0.023
914 196 13 15 0.023
462 313 19 33 0.023
794 191 9 12 0.023
341 61 7 21 0.023
793 158 8 12 0.023
530 200 8 28 0.023
437 267 15 20 0.023
750 165 8 13 0.023
473 174 12 15 0.022
472 146 6 28 0.022
794 242 16 16 0.022
631 268 10 14 0.022
186 297 17 26 0.022
866 205 15 24 0.022
586 229 17 20 0.022
629 264 11 14 0.021
1010 194 13 25 0.021
671 276 10 13 0.021
787 236 25 17 0.021
806 210 10 23 0.020
572 206 8 16 0.020
606 210 10 13 0.020
471 179 25 8 0.020
557 210 9 22 0.020
