2_Demonstration_Demonstration_Or_Protest_2_606
45
902 264 59 64 0.866
765 258 62 67 0.863
217 293 45 63 0.855
334 281 79 96 0.837
46 252 46 51 0.816
1000 277 24 57 0.809
545 301 84 108 0.800
187 247 30 38 0.800
712 259 34 43 0.794
218 239 39 45 0.793
636 245 53 59 0.791
828 236 35 45 0.785
107 305 47 47 0.773
506 239 38 63 0.770
7 283 39 44 0.749
746 272 37 50 0.747
709 219 22 29 0.718
446 223 33 50 0.679
282 238 28 33 0.678
149 256 24 27 0.676
309 233 36 41 0.646
115 239 21 26 0.422
98 236 28 32 0.415
615 203 12 16 0.279
87 232 32 36 0.267
293 235 34 37 0.236
697 231 14 20 0.212
959 238 18 23 0.163
0 251 11 26 0.090
122 243 16 22 0.090
1008 228 16 27 0.083
887 234 23 29 0.074
694 226 23 28 0.061
11 297 37 49 0.056
266 163 12 14 0.054
260 206 17 24 0.049
729 236 25 29 0.048
78 232 30 34 0.039
148 245 19 26 0.028
697 214 11 32 0.025
425 215 10 12 0.024
921 234 31 31 0.022
258 243 19 26 0.022
517 252 33 53 0.021
315 240 38 45 0.020
