2_Demonstration_Protesters_2_476
39
411 378 44 57 0.837
276 385 40 54 0.802
686 382 22 30 0.774
769 359 23 28 0.761
22 337 23 47 0.760
196 356 31 41 0.751
920 374 23 28 0.750
187 412 28 37 0.726
112 381 47 56 0.724
101 316 35 38 0.643
331 376 27 32 0.637
586 405 26 31 0.293
594 372 13 17 0.289
437 376 35 46 0.218
532 454 18 21 0.162
787 468 21 28 0.113
618 400 17 23 0.113
883 386 20 24 0.112
880 375 21 31 0.106
65 318 9 10 0.105
868 439 23 32 0.100
450 379 26 36 0.087
877 363 19 25 0.080
390 419 20 25 0.074
951 466 30 42 0.067
257 356 29 36 0.063
167 334 7 8 0.056
621 396 20 24 0.052
614 410 22 33 0.042
194 333 10 10 0.041
851 398 27 30 0.038
340 414 24 32 0.037
490 402 23 26 0.035
635 393 14 18 0.031
261 367 28 37 0.031
947 472 23 33 0.027
321 380 26 31 0.024
228 362 25 32 0.024
952 363 18 27 0.021
