2_Demonstration_Protesters_2_796
25
403 238 154 188 0.864
608 136 34 38 0.768
492 129 31 39 0.745
358 74 30 38 0.737
352 126 30 33 0.709
524 98 25 32 0.677
600 60 28 33 0.644
682 78 39 46 0.412
567 91 25 31 0.383
384 20 29 36 0.164
482 68 22 28 0.131
687 67 34 37 0.120
478 188 36 42 0.095
522 83 26 30 0.073
581 138 26 32 0.064
278 67 32 39 0.060
364 169 33 40 0.039
276 116 32 43 0.036
250 107 33 35 0.033
569 98 25 40 0.032
259 165 30 39 0.031
304 163 32 36 0.030
272 47 33 50 0.025
434 68 37 33 0.022
339 82 29 34 0.020
