2_Demonstration_Demonstrators_2_314
60
414 257 27 32 0.762
113 261 25 30 0.651
261 272 26 29 0.639
205 269 29 34 0.614
69 329 30 39 0.585
381 279 23 34 0.569
240 389 34 48 0.540
1 319 23 34 0.521
533 248 25 31 0.447
138 362 36 53 0.420
525 304 19 41 0.394
131 301 29 36 0.391
747 352 32 42 0.390
607 354 36 63 0.376
53 290 30 31 0.351
69 231 21 28 0.341
16 387 36 53 0.339
221 685 38 64 0.331
879 400 32 52 0.307
657 274 29 42 0.305
65 492 54 63 0.304
485 300 23 40 0.295
573 307 29 36 0.288
762 297 34 40 0.227
142 262 18 24 0.218
88 482 41 64 0.217
193 715 52 53 0.188
335 294 21 27 0.161
0 251 13 19 0.113
26 395 32 57 0.106
172 396 28 42 0.095
479 308 21 32 0.085
64 288 28 29 0.076
542 246 21 32 0.071
8 397 43 62 0.070
0 255 18 26 0.069
527 251 21 29 0.065
4 477 40 68 0.065
303 338 30 34 0.053
62 224 26 30 0.052
187 331 30 40 0.052
3 413 48 80 0.047
0 270 16 23 0.042
127 490 41 48 0.035
0 338 11 28 0.032
260 425 30 49 0.030
758 296 26 33 0.029
280 302 27 31 0.029
52 225 20 24 0.026
2 272 21 25 0.026
869 396 32 54 0.026
56 299 29 31 0.026
565 45 13 15 0.025
263 403 29 42 0.025
154 373 31 51 0.024
648 284 29 36 0.024
2 266 20 62 0.024
274 276 23 28 0.022
268 412 31 48 0.021
93 310 24 25 0.020
