2_Demonstration_Demonstration_Or_Protest_2_32
91
523 1153 62 89 0.838
242 1241 83 109 0.834
728 1102 59 71 0.827
455 1063 51 67 0.786
168 1084 55 75 0.762
629 1064 28 37 0.749
49 1046 42 53 0.743
893 1021 26 31 0.732
428 1032 33 45 0.714
517 1061 30 36 0.713
290 1077 43 62 0.673
308 1095 54 78 0.673
338 1033 28 34 0.669
867 1106 29 37 0.667
0 1261 56 94 0.645
700 1099 33 50 0.584
368 1033 23 27 0.577
527 1113 42 53 0.568
575 1078 24 31 0.440
293 1082 56 78 0.425
830 1100 24 36 0.400
274 1063 41 52 0.367
749 1077 22 26 0.351
298 1032 24 29 0.347
936 1079 20 26 0.341
550 1023 12 15 0.328
251 1035 22 26 0.235
0 1090 17 60 0.218
689 1043 17 23 0.213
193 1040 33 39 0.198
906 1142 33 47 0.191
388 1053 27 35 0.176
545 1060 19 28 0.175
629 1032 15 19 0.155
3 1016 33 50 0.147
964 1110 28 38 0.144
773 1058 20 23 0.134
490 1020 16 20 0.123
373 1041 39 37 0.121
524 1032 19 22 0.114
724 1054 18 21 0.113
989 1043 24 33 0.111
115 1026 26 38 0.105
576 1024 14 16 0.102
252 1043 44 59 0.080
288 1026 26 30 0.078
247 1044 30 41 0.077
276 1027 43 67 0.075
599 1043 19 22 0.072
115 1073 33 41 0.071
859 1027 18 22 0.068
252 1036 32 34 0.062
988 1037 20 26 0.058
816 1098 33 40 0.058
601 1015 14 17 0.057
607 1040 18 23 0.055
583 1037 21 22 0.054
960 1059 20 27 0.053
976 1045 26 32 0.053
398 1033 22 33 0.048
232 1068 31 44 0.048
705 1095 26 36 0.047
995 1057 21 28 0.046
556 1024 35 18 0.046
533 1024 26 21 0.045
551 1020 21 17 0.045
862 1078 23 24 0.044
819 1051 17 20 0.043
974 1057 23 25 0.042
969 1098 27 34 0.042
543 1020 16 17 0.041
805 1054 20 21 0.037
1012 989 12 21 0.034
121 1271 63 68 0.033
692 1048 18 22 0.033
924 1019 20 25 0.032
178 1045 42 42 0.031
702 1086 25 28 0.029
976 1038 21 23 0.029
941 1050 19 28 0.028
578 1069 20 30 0.028
792 1046 23 24 0.027
709 1080 26 34 0.025
266 1027 38 29 0.025
27 199 43 53 0.025
1008 1097 15 29 0.025
196 1034 27 32 0.024
242 1056 28 42 0.024
680 1022 18 20 0.021
996 1065 23 28 0.020
801 1047 27 24 0.020
