2_Demonstration_Political_Rally_2_985
34
552 476 60 71 0.858
788 550 148 193 0.857
361 403 23 31 0.766
119 449 30 36 0.718
310 407 52 105 0.717
18 444 26 39 0.706
393 396 17 25 0.677
76 539 17 21 0.668
93 424 20 26 0.598
113 554 17 20 0.586
982 377 36 40 0.572
79 464 33 39 0.447
0 509 24 36 0.406
95 549 16 20 0.300
190 436 23 26 0.280
69 427 18 20 0.188
129 425 12 14 0.158
273 212 10 12 0.101
6 413 15 17 0.100
400 400 17 25 0.089
126 422 17 21 0.087
194 437 30 36 0.076
413 414 16 21 0.063
882 387 17 29 0.049
183 440 21 24 0.048
786 294 18 21 0.040
121 431 25 42 0.037
624 287 13 16 0.031
364 467 34 49 0.031
338 397 22 30 0.028
657 297 13 16 0.028
398 394 16 23 0.024
32 410 14 20 0.020
65 425 24 31 0.020
