2_Demonstration_Protesters_2_822
36
719 382 87 111 0.862
301 341 50 76 0.839
678 362 40 49 0.824
940 384 33 40 0.816
30 365 40 54 0.797
583 430 60 80 0.785
206 384 46 58 0.778
96 423 58 74 0.754
1002 367 19 24 0.735
138 368 25 31 0.568
979 365 15 19 0.558
519 396 37 48 0.286
719 329 15 22 0.232
80 391 23 28 0.219
838 474 57 64 0.216
267 388 33 47 0.215
369 389 43 54 0.210
449 399 41 45 0.145
427 397 49 45 0.117
190 369 21 30 0.116
0 359 25 58 0.111
1012 404 12 22 0.083
686 342 17 18 0.081
276 397 33 42 0.047
189 369 15 20 0.041
381 398 44 50 0.030
84 394 32 39 0.029
186 397 23 35 0.027
128 374 34 38 0.027
954 369 15 17 0.027
415 394 40 46 0.026
1 372 27 67 0.024
1010 361 14 21 0.023
976 371 16 16 0.021
119 382 34 38 0.021
976 359 16 19 0.020
