2_Demonstration_Protesters_2_24
24
662 1051 78 105 0.864
372 266 101 160 0.855
155 808 84 96 0.855
11 396 107 139 0.841
814 652 65 88 0.840
501 663 65 79 0.839
479 752 72 111 0.838
452 1121 72 98 0.837
549 256 95 154 0.829
601 631 67 77 0.829
890 1124 98 118 0.823
371 583 63 77 0.803
626 114 107 130 0.760
582 865 46 59 0.757
665 472 64 84 0.755
388 808 67 71 0.750
637 688 67 76 0.635
212 142 92 123 0.628
675 856 38 54 0.552
24 835 56 73 0.379
244 801 58 74 0.321
867 1029 44 52 0.293
742 0 43 20 0.181
166 451 64 90 0.029
