2_Demonstration_Demonstration_Or_Protest_2_895
172
485 351 54 67 0.807
675 332 30 40 0.790
24 285 19 25 0.755
276 305 22 31 0.748
804 305 23 28 0.714
632 337 30 40 0.714
69 283 16 20 0.674
375 318 21 29 0.669
139 272 14 19 0.613
208 370 24 38 0.574
300 310 16 22 0.556
609 280 13 17 0.550
114 285 17 20 0.542
200 273 12 16 0.525
967 306 15 18 0.514
417 280 12 15 0.496
523 292 13 17 0.430
993 325 20 22 0.429
386 273 12 13 0.352
531 276 11 13 0.344
138 314 20 24 0.338
207 300 17 20 0.338
299 293 15 19 0.324
677 276 12 13 0.305
746 298 19 22 0.303
256 267 10 11 0.294
342 280 13 16 0.284
425 313 16 25 0.272
463 303 19 27 0.267
0 283 9 17 0.266
48 297 19 23 0.262
618 334 19 28 0.260
869 324 14 17 0.259
1015 298 9 13 0.239
925 307 14 16 0.210
451 305 14 20 0.206
834 295 14 16 0.199
708 283 11 13 0.191
56 269 13 15 0.186
369 268 8 11 0.185
412 281 15 15 0.181
215 282 13 15 0.176
729 277 10 13 0.175
456 303 17 21 0.162
836 342 29 34 0.160
303 274 12 14 0.140
142 358 30 44 0.137
153 286 12 15 0.136
331 289 17 16 0.128
855 287 12 14 0.128
779 262 8 10 0.126
565 280 14 16 0.126
830 256 9 11 0.125
121 260 10 13 0.121
667 257 10 12 0.120
509 267 10 11 0.117
144 273 16 20 0.114
977 272 9 10 0.112
550 251 8 10 0.109
67 311 15 19 0.109
749 396 44 77 0.102
827 366 32 40 0.093
210 305 18 21 0.089
329 291 15 17 0.088
924 299 15 20 0.088
276 290 14 17 0.088
523 245 8 8 0.080
924 286 14 16 0.080
613 259 12 14 0.079
467 296 20 26 0.076
228 315 16 20 0.075
493 260 8 11 0.072
812 255 12 13 0.071
27 407 41 67 0.068
305 336 18 24 0.067
619 264 11 13 0.066
572 265 11 13 0.066
668 295 13 18 0.066
212 294 18 30 0.065
206 288 16 28 0.065
802 277 10 12 0.064
58 300 20 23 0.063
2 256 9 15 0.062
688 258 11 17 0.062
832 351 31 43 0.060
583 354 32 35 0.059
543 289 12 16 0.058
674 279 14 17 0.056
551 304 16 20 0.056
792 255 8 11 0.056
748 262 9 11 0.056
468 293 15 20 0.056
707 286 15 14 0.055
300 276 15 27 0.055
430 311 11 17 0.054
465 313 20 27 0.054
415 317 17 27 0.054
194 256 9 11 0.053
866 329 17 24 0.052
825 291 23 29 0.051
455 290 11 15 0.051
135 236 18 100 0.050
471 261 10 11 0.049
880 268 14 12 0.049
858 255 14 16 0.047
611 260 11 14 0.045
300 270 12 16 0.044
534 290 17 17 0.044
569 348 28 32 0.044
459 291 22 26 0.042
579 344 47 41 0.042
690 308 21 26 0.039
700 314 21 26 0.038
469 288 17 20 0.038
153 265 13 16 0.038
151 283 17 22 0.037
53 414 81 94 0.037
853 333 25 32 0.037
812 304 21 25 0.036
147 283 16 18 0.035
228 310 15 18 0.034
136 314 27 36 0.033
577 348 30 34 0.033
821 306 17 21 0.032
0 401 14 25 0.032
884 268 13 19 0.031
612 256 9 12 0.030
258 292 11 15 0.030
694 317 20 29 0.029
944 296 11 13 0.029
228 319 20 26 0.029
406 286 13 13 0.029
808 336 22 32 0.029
303 254 10 11 0.028
484 280 11 13 0.028
202 300 16 19 0.027
626 292 15 15 0.027
274 291 18 26 0.027
948 268 10 11 0.027
1013 291 11 18 0.027
793 255 10 12 0.027
730 281 37 45 0.027
992 315 16 20 0.026
788 301 13 16 0.026
457 276 9 12 0.026
468 264 11 13 0.026
342 276 11 14 0.025
913 274 12 15 0.025
759 300 13 17 0.024
559 276 14 15 0.024
707 312 17 20 0.024
557 262 10 13 0.024
455 280 11 14 0.024
847 343 21 27 0.023
174 289 15 19 0.023
172 279 11 14 0.023
166 280 15 15 0.023
703 264 15 70 0.022
641 269 13 15 0.022
888 280 11 14 0.022
255 263 9 11 0.022
887 268 10 12 0.022
836 338 22 26 0.022
67 265 11 14 0.022
855 260 11 14 0.021
223 312 24 28 0.021
943 268 9 11 0.021
481 304 20 23 0.021
954 266 11 12 0.021
822 268 10 12 0.020
689 300 18 23 0.020
784 348 27 31 0.020
