2_Demonstration_Demonstrators_2_378
134
103 461 66 76 0.875
809 489 60 71 0.867
217 496 68 80 0.852
199 402 63 68 0.851
596 417 51 56 0.846
942 399 54 65 0.845
155 266 40 46 0.844
674 334 47 53 0.844
499 520 72 56 0.829
324 465 49 59 0.824
609 330 47 58 0.821
263 356 57 59 0.820
0 307 31 66 0.820
645 434 50 63 0.816
501 298 50 53 0.815
508 360 44 55 0.815
307 276 39 45 0.812
493 416 50 65 0.809
88 295 48 49 0.808
222 244 35 45 0.804
551 375 40 51 0.802
482 208 33 41 0.799
536 256 35 45 0.797
397 238 34 38 0.792
647 263 38 40 0.786
756 421 42 51 0.784
209 136 24 27 0.773
436 464 60 64 0.768
434 307 40 50 0.765
415 193 35 37 0.765
570 238 33 35 0.761
192 190 27 33 0.761
711 404 39 49 0.761
101 208 31 33 0.760
765 319 39 42 0.757
647 494 56 71 0.754
104 138 26 29 0.754
893 207 19 26 0.753
13 208 35 39 0.750
361 224 31 38 0.746
371 291 37 44 0.745
753 367 45 47 0.742
737 285 29 38 0.726
331 219 26 38 0.725
961 154 19 24 0.720
904 353 39 45 0.718
949 226 26 34 0.715
93 251 35 37 0.711
600 268 36 39 0.710
903 403 39 56 0.709
282 290 29 42 0.692
867 335 32 37 0.687
926 207 26 29 0.685
155 203 31 36 0.681
269 224 32 39 0.681
727 454 40 51 0.667
310 171 22 25 0.665
159 169 25 29 0.660
346 192 24 29 0.653
390 330 41 54 0.647
925 174 23 27 0.638
186 375 41 50 0.617
696 495 51 63 0.617
1012 131 12 24 0.608
613 556 62 19 0.602
645 296 35 44 0.569
137 198 21 28 0.546
838 394 44 50 0.504
255 424 50 61 0.486
1003 216 21 29 0.471
1003 552 21 24 0.455
9 276 33 46 0.455
293 194 23 28 0.442
818 276 24 30 0.412
861 450 44 56 0.392
138 304 26 45 0.390
911 134 16 21 0.332
848 554 52 21 0.303
45 181 27 34 0.200
998 198 21 27 0.187
615 242 29 29 0.183
0 199 11 30 0.175
905 143 18 27 0.166
706 355 34 41 0.137
687 0 36 28 0.137
571 475 36 45 0.137
425 298 34 45 0.122
482 294 27 37 0.119
264 221 27 35 0.104
921 103 14 13 0.099
998 205 23 30 0.097
287 286 41 42 0.094
744 296 35 39 0.091
485 325 30 35 0.086
937 330 32 35 0.085
823 279 32 27 0.079
140 154 22 27 0.071
839 280 20 24 0.070
901 152 16 25 0.067
900 363 41 57 0.063
485 440 48 53 0.062
556 325 25 32 0.054
604 252 35 35 0.052
13 145 21 33 0.046
940 221 27 33 0.045
925 100 11 14 0.044
1005 235 18 31 0.042
0 114 20 28 0.041
15 129 20 28 0.040
429 271 32 36 0.040
897 165 15 23 0.036
836 409 51 51 0.036
911 84 12 16 0.034
421 293 30 38 0.033
432 483 67 67 0.033
942 111 17 20 0.032
602 297 43 58 0.031
9 122 25 50 0.028
912 129 15 19 0.027
1016 282 8 41 0.026
273 431 38 51 0.026
218 173 20 23 0.026
740 491 41 51 0.025
689 348 42 45 0.025
912 84 16 21 0.024
405 358 41 51 0.024
46 174 26 29 0.024
932 262 21 27 0.024
164 175 23 28 0.024
1010 136 13 26 0.023
334 193 27 30 0.023
929 303 31 49 0.021
1017 101 7 18 0.021
1017 294 7 47 0.020
