2_Demonstration_Demonstration_Or_Protest_2_813
28
835 374 21 26 0.699
255 330 24 33 0.642
538 356 20 28 0.623
472 364 16 23 0.416
701 391 14 18 0.368
495 367 18 29 0.355
333 346 19 29 0.348
91 349 9 10 0.272
347 356 18 24 0.242
890 381 19 30 0.219
660 445 16 20 0.216
482 555 7 8 0.166
717 473 15 18 0.143
343 350 16 26 0.118
696 457 13 19 0.107
455 580 6 8 0.094
484 554 6 8 0.093
335 338 18 27 0.087
889 375 15 29 0.072
700 453 17 23 0.046
697 459 18 22 0.039
333 355 20 26 0.038
384 570 10 13 0.027
656 447 16 20 0.025
158 470 8 10 0.024
671 451 14 19 0.021
673 325 8 9 0.021
352 362 16 24 0.020
