2_Demonstration_Political_Rally_2_339
41
786 491 69 97 0.790
619 290 35 59 0.768
888 456 28 37 0.756
725 425 21 23 0.362
624 417 19 36 0.348
58 415 21 44 0.299
832 442 26 39 0.195
986 416 38 73 0.166
884 423 18 22 0.152
973 413 31 58 0.147
206 422 7 9 0.124
562 459 22 47 0.093
156 433 9 11 0.067
858 418 10 15 0.065
627 306 30 52 0.065
281 444 19 25 0.062
263 453 30 52 0.058
959 428 35 48 0.053
885 414 20 24 0.052
274 444 24 39 0.046
780 435 13 16 0.046
447 423 21 38 0.046
50 407 25 47 0.045
779 415 8 10 0.043
621 411 19 33 0.041
920 473 17 23 0.037
946 426 18 29 0.033
292 426 11 15 0.032
488 420 54 66 0.031
661 328 10 21 0.031
254 420 8 11 0.030
189 429 8 12 0.030
702 362 7 8 0.027
189 431 7 7 0.027
944 425 44 41 0.025
932 436 30 34 0.024
284 436 19 27 0.022
915 466 24 33 0.021
551 450 26 56 0.021
889 406 19 23 0.021
678 358 8 9 0.021
