2_Demonstration_Political_Rally_2_64
26
633 457 32 36 0.803
852 382 28 34 0.727
791 260 22 30 0.695
585 393 30 34 0.666
635 294 9 12 0.603
702 334 20 23 0.519
520 353 29 29 0.301
638 394 19 29 0.256
198 260 8 9 0.213
516 352 23 27 0.152
677 342 17 18 0.129
297 419 14 16 0.055
552 286 10 12 0.050
531 357 22 25 0.046
923 182 14 15 0.044
902 241 17 23 0.044
511 354 19 24 0.042
710 336 21 23 0.041
628 413 19 24 0.030
294 350 9 11 0.028
953 288 25 27 0.027
546 285 13 14 0.023
961 293 29 25 0.021
525 284 14 16 0.021
322 314 9 9 0.020
887 272 18 26 0.020
