2_Demonstration_Demonstration_Or_Protest_2_158
52
516 184 45 57 0.830
987 219 32 37 0.776
857 240 19 22 0.749
473 233 26 33 0.584
678 256 11 12 0.579
8 191 28 43 0.550
694 258 10 11 0.534
183 219 28 42 0.506
62 264 14 16 0.504
807 247 11 14 0.399
637 252 9 13 0.378
745 269 57 63 0.322
34 246 10 14 0.321
103 254 13 15 0.298
182 252 25 41 0.265
499 234 17 21 0.172
119 240 15 17 0.136
723 226 9 11 0.128
378 237 12 16 0.128
828 238 9 12 0.126
399 254 11 16 0.115
24 232 20 33 0.110
617 253 10 12 0.088
116 243 16 19 0.085
278 253 14 16 0.065
29 242 14 20 0.063
256 268 12 14 0.060
728 247 16 21 0.059
31 248 12 17 0.053
246 266 15 13 0.047
262 267 10 12 0.043
171 237 33 53 0.043
269 258 15 14 0.041
273 255 13 15 0.041
254 262 15 21 0.040
307 256 9 11 0.039
176 227 28 44 0.039
244 262 19 16 0.034
100 256 14 16 0.033
502 214 23 26 0.030
192 228 20 28 0.030
598 239 9 12 0.029
64 251 11 16 0.027
618 252 23 14 0.026
241 263 9 14 0.025
355 235 9 16 0.024
651 257 13 12 0.023
877 246 14 16 0.021
727 256 13 15 0.021
819 231 11 13 0.020
394 255 13 19 0.020
651 253 20 12 0.020
