2_Demonstration_Demonstration_Or_Protest_2_430
33
108 238 53 71 0.851
350 180 49 64 0.841
490 131 60 94 0.834
606 121 51 73 0.833
286 205 53 74 0.827
857 219 53 64 0.812
677 114 60 92 0.798
760 143 50 63 0.759
857 165 46 59 0.721
654 103 43 68 0.679
0 135 19 73 0.635
20 368 51 71 0.634
238 216 37 44 0.507
61 215 16 20 0.400
813 118 30 46 0.367
968 514 39 59 0.316
113 208 34 33 0.300
633 108 54 72 0.282
342 511 69 64 0.272
496 94 41 46 0.126
467 95 42 53 0.095
964 505 32 51 0.077
184 391 61 70 0.051
483 102 48 52 0.042
37 300 40 48 0.038
16 179 16 40 0.037
374 505 48 70 0.035
154 241 29 51 0.034
936 565 33 11 0.027
6 162 20 56 0.026
490 108 46 67 0.025
478 181 36 53 0.023
111 210 42 53 0.022
