2_Demonstration_Demonstrators_2_518
24
942 420 60 82 0.841
391 143 50 59 0.840
86 257 64 76 0.837
475 150 45 55 0.816
982 260 42 63 0.816
618 414 58 68 0.796
234 193 38 68 0.740
936 46 31 40 0.740
698 143 35 46 0.740
760 53 27 43 0.707
341 153 35 63 0.619
556 138 35 45 0.616
190 0 30 32 0.616
835 84 33 41 0.599
194 290 30 59 0.561
750 129 29 40 0.556
1006 82 18 30 0.381
606 138 32 44 0.146
496 3 23 24 0.138
736 228 32 50 0.102
567 138 66 47 0.091
189 473 45 80 0.046
818 84 32 40 0.042
0 57 14 23 0.022
