2_Demonstration_Demonstration_Or_Protest_2_79
46
901 624 28 37 0.766
604 563 13 15 0.688
691 508 11 13 0.641
818 521 12 14 0.635
702 537 13 15 0.630
641 574 12 15 0.610
865 569 16 20 0.607
649 520 9 11 0.513
554 591 8 11 0.478
661 568 11 15 0.414
572 584 11 11 0.401
754 497 9 13 0.374
738 552 13 16 0.369
991 656 21 20 0.357
537 596 11 12 0.335
859 472 10 12 0.264
762 562 15 18 0.234
760 641 23 30 0.189
730 550 10 14 0.182
650 569 21 15 0.182
701 562 11 13 0.165
636 624 13 15 0.155
744 609 17 19 0.097
733 554 36 18 0.079
942 590 21 25 0.073
675 555 12 16 0.054
733 552 14 17 0.051
636 612 14 28 0.046
837 554 15 17 0.039
757 519 10 12 0.038
646 519 11 13 0.037
961 616 34 36 0.037
630 626 15 16 0.035
570 583 9 11 0.035
731 606 19 20 0.034
672 563 13 16 0.033
690 554 21 18 0.032
639 577 12 14 0.029
683 551 16 13 0.029
779 31 30 30 0.028
950 500 9 10 0.025
944 592 27 30 0.022
946 599 28 34 0.021
763 647 25 28 0.020
834 549 14 18 0.020
778 45 29 29 0.020
