2_Demonstration_Demonstration_Or_Protest_2_102
63
671 542 22 27 0.723
425 606 24 34 0.717
76 602 28 30 0.710
980 511 18 24 0.700
265 581 22 27 0.695
238 581 21 29 0.681
759 574 18 23 0.676
951 488 19 22 0.651
842 581 20 24 0.419
773 539 15 19 0.373
1004 500 14 17 0.306
798 525 14 19 0.298
602 586 17 21 0.258
636 583 15 23 0.242
388 608 30 29 0.234
402 606 19 28 0.225
717 547 17 24 0.194
755 531 14 18 0.151
440 575 20 26 0.128
972 489 12 15 0.123
864 544 12 16 0.118
703 536 13 22 0.113
281 642 19 27 0.099
841 523 12 15 0.099
452 588 18 23 0.094
631 584 15 23 0.093
0 630 7 22 0.091
383 610 22 27 0.080
825 551 19 24 0.080
899 515 16 24 0.074
229 509 16 20 0.074
1016 529 8 23 0.064
437 573 17 23 0.058
897 520 14 22 0.058
778 514 11 14 0.052
597 588 17 23 0.051
282 613 15 24 0.049
595 650 21 26 0.048
0 635 9 22 0.046
632 565 15 23 0.045
222 510 18 21 0.036
759 512 25 65 0.034
887 504 13 17 0.033
702 546 17 22 0.032
831 582 22 23 0.032
866 539 12 17 0.032
890 506 18 21 0.031
5 654 16 26 0.031
599 584 30 28 0.030
790 524 43 21 0.030
864 501 9 15 0.029
1003 474 9 13 0.029
903 511 15 20 0.028
311 576 14 19 0.026
1005 572 17 32 0.025
288 643 20 27 0.022
706 512 12 13 0.022
378 583 17 21 0.021
289 636 17 25 0.021
838 521 29 24 0.021
1004 534 12 20 0.021
398 660 35 23 0.020
793 532 16 19 0.020
