2_Demonstration_Demonstrators_2_413
49
130 240 27 32 0.743
384 186 19 22 0.738
280 223 20 25 0.735
0 258 14 28 0.675
494 177 15 20 0.658
361 190 14 18 0.609
108 235 15 23 0.473
21 235 16 23 0.456
46 251 29 38 0.390
425 194 22 32 0.349
342 197 12 14 0.326
561 169 16 25 0.276
466 156 15 19 0.263
523 165 14 15 0.239
144 224 19 21 0.236
632 83 53 73 0.153
959 96 13 16 0.131
565 164 17 26 0.120
244 212 13 15 0.088
291 203 11 13 0.079
180 257 16 21 0.077
534 183 14 18 0.074
316 209 15 17 0.072
343 201 16 18 0.069
419 200 14 19 0.068
166 251 17 21 0.065
635 155 14 20 0.058
319 204 15 19 0.051
84 269 15 19 0.050
487 169 55 24 0.047
20 228 16 24 0.044
569 162 19 27 0.044
56 259 36 29 0.038
76 266 19 23 0.037
53 247 21 28 0.037
239 211 20 26 0.037
225 232 21 24 0.032
510 166 10 13 0.032
431 192 27 36 0.029
510 165 17 15 0.028
714 320 140 175 0.027
237 211 15 16 0.025
632 105 38 67 0.024
252 237 13 19 0.022
352 205 14 16 0.022
329 204 22 19 0.022
274 206 19 26 0.021
982 102 18 30 0.021
57 244 18 23 0.020
