2_Demonstration_Protesters_2_178
29
264 496 68 81 0.856
63 535 71 96 0.841
550 542 67 75 0.832
632 518 59 68 0.822
740 510 67 65 0.808
913 574 71 71 0.782
680 26 40 43 0.779
766 109 50 55 0.727
595 108 45 54 0.690
0 79 35 52 0.681
364 59 39 51 0.587
471 61 41 47 0.528
66 80 47 52 0.392
876 277 25 56 0.378
243 629 56 41 0.295
146 60 30 31 0.284
448 155 48 52 0.245
431 163 47 47 0.150
10 157 30 36 0.137
234 80 54 62 0.131
277 397 45 52 0.067
377 54 35 44 0.065
5 189 24 31 0.058
460 144 40 54 0.047
56 72 46 50 0.044
291 17 22 25 0.034
469 80 41 43 0.028
151 161 24 27 0.022
861 283 29 61 0.021
