2_Demonstration_Demonstration_Or_Protest_2_173
138
848 290 51 70 0.863
110 249 37 53 0.845
362 293 39 58 0.841
0 301 23 51 0.837
870 210 40 56 0.832
584 234 39 53 0.831
167 314 47 58 0.831
272 276 36 47 0.816
672 276 47 65 0.816
776 188 31 46 0.806
506 215 37 58 0.802
52 355 46 54 0.801
653 207 35 47 0.798
458 229 34 45 0.794
353 228 27 39 0.789
742 161 20 27 0.760
672 155 19 24 0.756
256 252 29 38 0.752
176 225 19 26 0.743
207 240 21 26 0.720
360 192 17 20 0.716
320 208 17 24 0.714
574 186 19 23 0.708
830 165 19 28 0.707
549 168 12 17 0.662
252 223 19 21 0.652
5 216 12 17 0.651
492 162 13 15 0.621
642 168 17 24 0.619
288 197 12 16 0.614
16 241 16 18 0.606
439 194 15 19 0.605
187 274 26 30 0.598
225 206 15 19 0.587
103 219 16 20 0.550
518 156 11 14 0.549
135 210 13 17 0.536
515 192 24 26 0.495
453 209 20 25 0.473
157 195 8 9 0.445
439 174 11 12 0.440
115 203 12 13 0.415
384 198 17 20 0.408
470 191 15 19 0.345
214 198 12 15 0.342
893 178 22 24 0.341
39 217 10 12 0.339
173 191 8 10 0.307
49 261 22 27 0.274
375 174 11 12 0.264
166 215 13 16 0.261
93 217 15 18 0.258
720 155 10 12 0.246
51 203 8 10 0.223
235 186 8 10 0.223
331 183 11 12 0.218
112 219 16 17 0.206
327 183 11 13 0.201
884 145 8 9 0.201
63 221 12 13 0.191
264 182 8 11 0.191
3 246 15 20 0.190
398 181 12 14 0.179
39 200 9 10 0.170
338 178 9 13 0.155
180 206 11 13 0.152
67 205 9 12 0.148
586 159 10 12 0.142
190 191 10 10 0.142
175 210 18 27 0.130
429 167 8 13 0.130
378 198 18 21 0.130
390 193 14 18 0.127
717 150 13 18 0.110
165 192 19 12 0.107
130 195 9 14 0.106
169 198 11 29 0.104
68 217 12 15 0.104
239 206 12 16 0.102
416 193 11 15 0.097
872 161 10 14 0.090
177 190 9 9 0.082
456 218 29 40 0.081
404 179 16 13 0.081
663 147 12 15 0.075
304 195 13 18 0.069
266 184 8 10 0.066
150 197 15 16 0.065
561 151 10 13 0.060
302 182 10 12 0.059
48 219 26 14 0.059
370 171 9 10 0.058
556 164 14 16 0.056
409 161 7 8 0.056
75 189 10 11 0.055
432 151 9 17 0.055
33 213 32 20 0.055
70 192 10 23 0.054
711 136 11 19 0.053
325 178 9 11 0.052
64 205 22 12 0.051
480 165 9 12 0.050
437 151 10 11 0.049
60 222 11 14 0.046
41 199 13 27 0.044
710 126 12 18 0.041
843 199 18 24 0.041
431 152 17 12 0.040
323 179 14 15 0.038
16 196 9 12 0.038
421 171 18 18 0.037
967 120 10 12 0.037
346 171 11 10 0.037
176 199 17 18 0.037
155 194 13 13 0.037
16 200 12 16 0.036
409 163 9 27 0.035
585 158 15 16 0.035
520 185 17 19 0.034
233 184 24 12 0.033
703 180 11 18 0.033
711 144 10 13 0.031
118 190 9 9 0.031
8 138 10 13 0.030
22 205 25 15 0.029
129 190 9 12 0.029
1008 165 16 28 0.026
261 178 8 10 0.025
440 151 9 14 0.025
88 198 19 26 0.024
1017 137 7 22 0.023
579 162 19 13 0.023
842 200 25 34 0.023
996 169 16 24 0.022
490 165 14 18 0.022
904 142 13 11 0.021
564 168 14 17 0.021
144 192 23 11 0.020
