2_Demonstration_Protesters_2_618
28
460 255 60 78 0.883
252 235 54 65 0.872
366 164 51 69 0.866
517 168 52 66 0.864
243 47 42 55 0.862
147 73 44 53 0.861
0 18 39 50 0.859
705 42 42 58 0.859
963 48 44 52 0.853
600 13 46 55 0.852
0 162 31 67 0.850
483 17 41 52 0.847
936 162 48 56 0.842
605 143 56 76 0.838
445 189 51 60 0.837
322 86 46 62 0.832
850 258 51 78 0.825
809 0 47 45 0.823
821 238 50 57 0.808
453 0 28 20 0.733
377 0 28 21 0.731
877 0 35 20 0.709
825 0 46 49 0.584
209 297 28 53 0.224
203 205 48 65 0.154
385 0 29 23 0.024
294 23 30 40 0.024
216 284 27 56 0.023
