2_Demonstration_Protesters_2_561
185
201 81 18 22 0.784
953 653 18 25 0.777
748 234 15 20 0.770
27 377 17 21 0.769
106 384 16 21 0.764
139 312 18 22 0.763
711 238 17 21 0.761
490 134 18 22 0.760
40 410 16 20 0.756
340 445 16 22 0.756
865 496 17 23 0.755
643 219 18 24 0.754
289 438 18 21 0.754
792 456 17 23 0.754
300 336 16 21 0.751
445 461 18 22 0.749
178 392 18 22 0.747
860 314 17 21 0.747
104 429 16 21 0.747
463 378 17 21 0.747
554 138 18 23 0.743
401 130 16 20 0.742
497 483 18 21 0.741
889 189 16 24 0.737
93 316 19 24 0.737
643 377 17 22 0.731
288 89 16 22 0.728
754 441 17 22 0.728
783 410 17 23 0.728
161 423 16 21 0.727
577 413 19 23 0.726
738 513 20 23 0.725
501 323 17 20 0.725
262 234 17 20 0.720
624 440 18 23 0.718
257 387 18 21 0.716
725 409 15 20 0.715
865 606 17 22 0.715
236 291 17 20 0.714
941 504 18 21 0.711
768 388 15 19 0.710
872 641 18 22 0.709
647 471 16 22 0.708
440 285 18 21 0.705
425 367 17 21 0.703
186 358 17 20 0.702
825 427 15 21 0.701
20 325 17 20 0.700
648 423 15 20 0.698
850 411 16 19 0.691
803 492 16 20 0.689
850 531 19 22 0.686
681 427 18 22 0.682
584 457 20 24 0.677
479 303 16 19 0.676
666 498 19 21 0.675
599 497 19 21 0.675
381 402 17 21 0.673
179 308 16 20 0.672
930 235 16 21 0.667
718 468 19 21 0.667
774 226 18 20 0.666
814 261 17 21 0.663
132 213 17 21 0.663
15 256 17 23 0.657
446 137 16 21 0.657
545 493 18 20 0.655
581 384 16 20 0.655
902 519 19 21 0.650
288 318 16 20 0.650
839 451 14 20 0.648
308 406 15 20 0.641
547 303 17 22 0.639
534 130 18 22 0.631
769 524 18 21 0.626
734 366 16 20 0.625
321 85 17 22 0.625
855 353 16 22 0.605
993 460 15 21 0.603
394 254 15 20 0.599
75 263 16 21 0.598
408 301 16 19 0.582
230 460 18 19 0.577
94 222 17 21 0.570
699 419 14 19 0.568
118 358 16 19 0.561
434 438 15 18 0.555
897 661 17 21 0.554
25 301 15 17 0.552
835 397 15 19 0.521
0 332 11 22 0.483
954 533 16 22 0.475
218 259 13 19 0.475
333 109 17 19 0.467
215 328 15 18 0.446
939 480 15 19 0.424
211 444 16 21 0.418
115 198 14 18 0.410
294 254 17 20 0.389
238 371 16 20 0.380
912 471 15 21 0.355
205 227 15 18 0.306
324 385 15 19 0.260
466 298 28 22 0.183
100 290 15 20 0.164
834 446 15 22 0.160
31 376 18 46 0.153
278 88 53 22 0.138
953 490 15 16 0.134
524 488 12 14 0.131
956 540 16 23 0.128
944 482 23 38 0.122
332 303 16 20 0.117
818 418 15 23 0.112
935 621 17 23 0.104
793 613 16 18 0.098
614 428 16 20 0.097
535 250 17 22 0.092
934 476 16 21 0.091
816 402 20 20 0.090
1002 503 18 22 0.085
467 275 16 22 0.085
959 549 15 19 0.079
813 411 14 18 0.078
534 123 16 19 0.073
990 490 14 20 0.066
995 496 17 23 0.060
831 391 17 21 0.059
878 471 12 16 0.056
918 463 19 21 0.055
760 543 15 18 0.054
811 404 16 20 0.053
941 627 13 19 0.052
858 358 15 21 0.051
292 253 13 18 0.050
643 369 17 21 0.048
78 268 16 19 0.047
921 457 16 18 0.043
529 440 17 21 0.043
847 592 15 20 0.042
323 303 19 22 0.042
914 464 13 17 0.042
6 330 15 24 0.041
205 233 16 21 0.040
105 298 15 18 0.039
751 409 14 20 0.039
853 595 17 24 0.039
875 255 15 19 0.039
820 460 15 20 0.038
373 256 15 20 0.037
1011 67 13 18 0.037
766 525 14 21 0.037
147 270 19 22 0.036
523 347 16 19 0.036
154 270 16 18 0.036
732 361 16 20 0.035
765 577 16 20 0.034
463 252 16 22 0.034
816 397 16 19 0.033
341 109 17 20 0.033
72 210 15 19 0.033
989 527 16 20 0.032
394 261 17 21 0.032
624 470 17 19 0.030
467 283 15 19 0.030
598 490 20 21 0.029
996 508 19 23 0.027
226 342 17 21 0.027
799 334 16 19 0.027
634 469 21 23 0.027
209 438 13 18 0.027
31 372 22 21 0.025
315 311 15 17 0.025
864 311 17 23 0.025
38 359 17 20 0.024
33 221 16 17 0.024
501 284 15 20 0.023
916 387 14 19 0.022
130 204 19 21 0.022
346 304 17 20 0.021
1008 469 15 21 0.021
212 437 19 21 0.021
387 408 17 19 0.021
1007 500 16 22 0.021
608 428 17 19 0.021
