2_Demonstration_Demonstrators_2_546
48
945 169 26 35 0.782
802 202 29 33 0.745
434 178 21 32 0.696
325 201 28 36 0.569
476 170 19 27 0.541
605 153 20 33 0.528
493 169 18 27 0.488
985 156 17 28 0.450
198 197 15 18 0.390
150 180 17 24 0.353
527 153 19 26 0.330
676 128 24 30 0.317
154 175 16 21 0.314
698 158 24 31 0.264
379 181 20 26 0.157
516 182 22 28 0.153
330 195 32 36 0.135
985 165 20 28 0.125
842 176 15 20 0.076
439 152 18 23 0.073
890 156 12 15 0.060
520 165 22 30 0.060
1015 154 9 20 0.056
224 161 21 25 0.054
191 190 14 20 0.053
418 157 17 24 0.047
998 176 15 20 0.045
545 162 18 27 0.042
413 135 17 22 0.041
948 148 10 16 0.039
612 154 22 31 0.038
145 185 17 23 0.038
706 160 23 27 0.037
341 160 18 26 0.037
590 166 16 29 0.035
373 190 19 24 0.034
497 169 23 28 0.032
185 187 9 13 0.031
416 147 18 27 0.031
590 154 19 32 0.025
218 164 22 26 0.025
229 156 18 21 0.025
416 136 21 53 0.025
1005 172 16 23 0.024
390 175 18 24 0.022
320 209 23 28 0.022
353 132 20 21 0.021
421 161 18 29 0.020
