2_Demonstration_Protesters_2_583
31
813 233 56 82 0.752
904 127 12 15 0.746
997 117 11 13 0.624
817 127 11 15 0.606
866 119 8 10 0.587
831 113 12 14 0.543
896 111 8 10 0.509
929 110 8 9 0.430
957 111 8 9 0.415
589 203 46 47 0.413
793 111 8 11 0.361
799 127 10 13 0.216
995 142 9 11 0.162
794 107 8 22 0.140
952 113 9 13 0.082
997 119 10 24 0.064
792 133 13 16 0.063
787 140 10 13 0.059
864 117 12 15 0.051
698 506 61 63 0.039
4 152 13 18 0.036
795 111 11 26 0.035
932 110 10 11 0.034
585 199 35 42 0.029
798 125 18 12 0.027
957 109 10 13 0.026
894 114 10 11 0.024
791 113 10 14 0.024
603 209 43 38 0.021
953 125 10 11 0.021
834 109 11 13 0.021
