2_Demonstration_Demonstrators_2_196
446
437 534 8 9 0.586
36 735 12 15 0.572
478 643 9 12 0.572
374 713 10 11 0.560
350 726 9 12 0.547
363 647 9 11 0.535
279 581 8 11 0.518
676 446 7 8 0.513
183 723 10 14 0.512
414 614 8 9 0.510
211 695 9 12 0.499
722 505 8 9 0.491
630 611 9 11 0.485
637 549 7 9 0.477
153 721 9 11 0.472
833 511 7 8 0.471
438 481 7 10 0.470
444 613 9 9 0.466
926 568 8 10 0.452
130 735 11 13 0.445
219 472 7 9 0.443
412 557 8 9 0.429
636 671 11 13 0.428
467 472 7 8 0.428
523 605 9 12 0.426
585 554 8 11 0.422
633 516 7 9 0.408
705 535 7 8 0.400
104 714 10 12 0.392
92 446 7 9 0.385
193 465 7 9 0.384
370 444 7 9 0.379
641 631 10 11 0.375
930 631 8 10 0.371
599 634 8 10 0.369
880 537 7 9 0.369
587 590 9 12 0.369
88 716 10 12 0.360
319 713 8 9 0.357
159 744 10 12 0.353
750 635 8 11 0.353
495 460 7 9 0.347
387 490 7 8 0.340
35 397 8 9 0.330
0 468 7 9 0.327
761 734 11 14 0.325
344 510 7 9 0.325
244 651 10 10 0.320
505 689 10 12 0.316
82 548 8 9 0.307
630 568 9 11 0.307
0 706 7 11 0.305
305 478 6 8 0.303
529 450 7 9 0.300
388 538 7 9 0.299
72 444 7 9 0.296
433 415 6 7 0.294
486 573 7 9 0.290
252 717 10 12 0.281
77 396 8 9 0.278
814 637 8 9 0.267
739 622 9 10 0.264
192 697 8 12 0.261
752 525 8 9 0.260
645 490 8 9 0.258
91 742 10 14 0.251
502 412 7 9 0.248
167 462 6 9 0.246
230 427 6 7 0.245
240 497 8 9 0.244
60 666 7 9 0.242
833 678 10 12 0.241
359 539 7 9 0.235
680 591 9 12 0.234
161 442 7 9 0.230
586 391 6 8 0.228
898 550 8 11 0.228
90 378 7 8 0.228
126 328 6 6 0.224
260 475 7 9 0.222
352 382 6 6 0.222
64 361 8 9 0.217
433 594 8 10 0.216
685 715 11 14 0.215
352 499 6 7 0.215
621 442 6 6 0.214
410 308 7 7 0.211
172 377 6 7 0.203
240 445 6 7 0.202
463 374 6 7 0.198
126 712 7 10 0.190
147 640 9 9 0.187
272 688 8 9 0.179
26 661 8 12 0.179
623 403 5 6 0.177
64 372 8 9 0.176
180 483 6 7 0.173
808 655 11 13 0.165
620 652 9 12 0.162
297 461 7 9 0.160
146 472 7 8 0.158
303 353 6 7 0.157
307 411 6 7 0.156
500 755 10 12 0.154
946 650 8 9 0.153
64 483 9 10 0.152
229 487 7 8 0.151
702 583 8 9 0.147
585 448 6 9 0.147
282 470 7 8 0.143
303 642 8 9 0.143
560 471 7 9 0.141
142 361 7 9 0.141
157 329 6 7 0.140
491 590 8 11 0.140
759 691 11 13 0.138
1 503 8 11 0.136
744 629 11 13 0.130
19 369 8 9 0.130
65 375 7 8 0.130
779 504 6 9 0.129
222 350 6 7 0.128
143 445 7 9 0.126
629 423 7 10 0.122
523 536 7 9 0.122
313 271 6 9 0.122
466 744 8 10 0.121
219 445 7 8 0.120
560 642 9 10 0.117
479 604 9 12 0.117
368 739 9 12 0.116
274 253 6 9 0.115
287 439 7 9 0.115
708 672 11 13 0.112
258 478 6 8 0.111
884 614 7 9 0.108
125 654 8 10 0.106
472 335 5 7 0.105
92 330 7 8 0.104
90 303 7 8 0.104
525 521 8 9 0.103
338 598 7 8 0.101
75 445 10 9 0.100
336 484 6 8 0.099
419 759 10 9 0.098
632 427 6 8 0.097
192 651 8 10 0.094
835 675 11 12 0.094
440 599 9 18 0.094
283 437 8 8 0.094
505 430 7 9 0.093
273 463 7 9 0.092
503 411 7 15 0.092
373 368 6 7 0.091
295 406 6 7 0.091
758 593 9 11 0.091
0 517 9 11 0.090
290 388 6 6 0.089
333 286 6 9 0.089
437 480 7 9 0.089
612 614 7 9 0.088
242 606 7 9 0.088
115 670 10 12 0.088
166 455 7 16 0.087
749 708 10 13 0.087
180 348 7 8 0.087
251 424 6 9 0.086
903 634 9 9 0.085
518 373 7 6 0.085
76 722 8 11 0.084
719 665 12 13 0.084
905 673 10 11 0.083
65 364 7 21 0.082
131 376 7 9 0.079
486 595 12 11 0.079
385 538 7 9 0.079
591 418 7 9 0.078
89 745 17 14 0.078
217 319 6 9 0.078
613 386 6 8 0.077
237 569 7 9 0.076
280 433 7 10 0.076
391 679 10 12 0.075
479 608 8 11 0.075
35 400 8 9 0.074
258 307 7 9 0.074
91 361 8 9 0.074
523 525 8 12 0.073
531 738 8 12 0.072
31 370 7 9 0.072
295 411 6 9 0.071
80 696 8 9 0.071
336 482 7 15 0.071
683 588 9 12 0.070
421 667 9 11 0.070
163 492 7 9 0.069
579 577 8 10 0.068
569 454 6 9 0.068
678 696 11 15 0.067
19 749 8 11 0.067
529 541 8 9 0.067
235 684 8 12 0.066
275 460 6 7 0.066
601 440 6 9 0.065
238 568 10 11 0.065
98 564 8 9 0.064
684 535 8 9 0.063
235 317 8 10 0.063
279 469 13 11 0.063
568 589 9 12 0.062
809 525 6 9 0.061
101 751 9 12 0.061
347 497 9 22 0.059
627 410 6 24 0.059
368 716 14 12 0.058
201 500 8 9 0.057
559 363 6 8 0.055
628 417 6 21 0.055
147 418 6 8 0.055
128 650 8 11 0.054
682 698 9 27 0.054
528 677 8 11 0.054
489 352 6 6 0.053
527 451 7 8 0.053
348 613 8 12 0.053
259 292 7 9 0.053
854 710 11 13 0.053
104 559 10 12 0.053
128 733 10 14 0.053
69 483 7 9 0.052
91 729 9 28 0.052
203 497 6 9 0.052
417 428 6 9 0.052
394 385 7 9 0.051
897 551 9 16 0.051
754 529 9 10 0.051
157 645 8 10 0.050
303 299 7 10 0.050
334 484 6 9 0.050
321 304 6 9 0.050
828 615 9 9 0.049
129 375 8 11 0.049
253 708 9 17 0.049
414 324 6 8 0.049
30 489 7 9 0.049
368 734 11 17 0.049
332 387 6 7 0.048
734 532 8 10 0.048
529 678 12 12 0.048
708 535 6 9 0.048
477 587 9 15 0.048
683 708 12 18 0.048
507 579 8 10 0.048
114 297 7 8 0.047
294 415 7 8 0.047
445 595 10 10 0.047
746 632 12 15 0.047
294 657 7 10 0.047
991 729 10 12 0.047
439 481 7 8 0.046
67 532 9 9 0.046
82 749 10 14 0.046
368 409 6 6 0.045
548 579 7 9 0.044
256 505 7 12 0.044
278 488 8 9 0.044
97 726 10 12 0.044
218 312 7 20 0.041
200 563 7 9 0.041
35 437 7 11 0.041
181 343 6 21 0.041
1 499 8 27 0.040
172 715 25 28 0.040
155 331 6 12 0.040
616 613 19 9 0.040
601 439 6 16 0.040
523 349 7 6 0.040
413 318 6 14 0.039
176 468 7 14 0.039
1017 636 7 14 0.039
411 319 7 9 0.039
232 552 8 10 0.039
236 691 7 11 0.039
903 574 7 10 0.038
906 635 12 13 0.038
120 480 7 9 0.038
25 474 7 9 0.038
16 369 21 12 0.037
246 571 8 12 0.037
24 561 7 9 0.037
376 282 6 9 0.036
28 487 8 11 0.036
438 264 7 9 0.036
0 703 10 16 0.036
147 421 5 8 0.036
830 681 11 16 0.035
158 331 7 9 0.035
459 603 15 12 0.035
537 342 5 8 0.034
38 529 8 11 0.034
638 622 10 89 0.034
691 656 11 11 0.034
339 594 9 12 0.034
746 530 16 9 0.034
921 565 9 12 0.034
943 662 9 12 0.033
106 327 12 14 0.033
300 598 8 9 0.033
318 445 6 8 0.033
258 310 7 9 0.033
295 312 8 8 0.033
347 600 10 23 0.033
798 669 9 12 0.032
150 639 9 10 0.032
541 684 10 12 0.032
488 313 8 9 0.032
326 703 10 11 0.031
607 484 8 8 0.031
296 651 7 17 0.031
519 590 8 14 0.031
470 472 7 8 0.031
187 321 6 14 0.031
724 648 9 14 0.031
701 532 11 9 0.031
249 274 7 9 0.031
925 661 10 12 0.030
248 577 7 9 0.030
492 579 17 9 0.030
297 463 16 14 0.030
252 337 6 9 0.030
26 478 7 16 0.029
594 412 7 8 0.029
432 309 7 8 0.029
371 370 8 9 0.029
561 640 9 9 0.029
260 252 9 9 0.029
351 670 8 12 0.029
113 327 21 8 0.029
268 690 9 12 0.029
718 649 14 22 0.029
710 651 11 14 0.029
223 280 6 9 0.029
23 563 9 8 0.029
57 669 8 9 0.029
89 700 15 43 0.029
749 712 13 17 0.028
105 369 12 17 0.028
685 584 10 12 0.028
342 560 7 9 0.028
596 665 9 12 0.028
339 344 8 10 0.028
256 503 5 23 0.028
455 345 7 9 0.028
340 489 6 23 0.028
573 583 9 11 0.028
670 543 7 9 0.028
668 648 10 12 0.028
159 326 6 7 0.027
479 614 9 12 0.027
312 535 9 10 0.027
766 711 12 15 0.027
231 425 11 29 0.027
154 591 8 9 0.027
18 564 13 10 0.027
186 291 7 8 0.027
557 645 8 9 0.027
535 474 6 7 0.027
155 326 6 7 0.027
403 360 6 23 0.027
637 664 9 12 0.027
403 362 5 10 0.026
587 419 8 9 0.026
249 422 7 8 0.026
738 571 8 9 0.026
913 647 9 12 0.026
115 378 10 18 0.026
66 524 9 17 0.026
467 489 7 9 0.026
31 363 7 9 0.025
639 627 13 18 0.025
94 697 22 43 0.025
30 400 8 22 0.025
352 611 9 14 0.025
593 440 10 13 0.025
192 377 6 7 0.025
33 385 8 22 0.024
425 434 8 11 0.024
375 572 8 9 0.024
493 463 8 10 0.024
197 563 10 11 0.024
769 648 9 13 0.024
257 468 20 21 0.024
165 678 8 9 0.024
929 629 11 14 0.024
353 677 9 11 0.024
316 511 6 9 0.024
350 617 8 11 0.024
333 385 6 6 0.024
402 516 7 9 0.024
503 613 9 11 0.023
659 391 7 9 0.023
27 348 8 11 0.023
886 658 8 11 0.023
466 693 10 14 0.023
405 369 5 11 0.023
261 293 9 13 0.023
466 367 14 9 0.023
709 619 9 20 0.023
108 561 7 9 0.023
533 737 9 12 0.023
696 732 9 13 0.023
749 721 11 13 0.023
925 566 11 14 0.023
544 491 6 8 0.023
445 716 9 11 0.022
64 526 7 9 0.022
503 691 11 13 0.022
666 539 6 9 0.022
558 385 6 14 0.022
755 568 9 11 0.022
321 300 6 20 0.022
552 581 9 9 0.022
487 310 7 9 0.022
712 636 15 21 0.022
828 693 11 14 0.022
30 413 7 12 0.021
145 376 8 9 0.021
283 300 9 8 0.021
193 463 6 6 0.021
813 731 8 11 0.021
835 510 10 9 0.021
97 280 6 12 0.021
579 642 12 14 0.021
171 364 13 27 0.021
1 297 6 11 0.021
27 355 10 27 0.021
110 377 12 18 0.021
93 494 9 12 0.021
97 559 16 19 0.021
318 441 7 14 0.020
706 617 11 12 0.020
585 571 6 29 0.020
395 564 9 12 0.020
460 681 9 12 0.020
104 573 7 9 0.020
841 752 12 14 0.020
