2_Demonstration_Protesters_2_884
32
934 426 90 136 0.866
365 84 21 29 0.797
525 153 30 38 0.793
584 89 24 26 0.776
700 46 22 30 0.736
886 177 37 46 0.722
291 98 15 20 0.621
664 259 25 55 0.619
36 77 19 21 0.555
141 241 46 51 0.323
201 89 13 19 0.302
517 220 32 34 0.274
551 68 17 18 0.239
1015 131 9 50 0.199
18 163 27 33 0.147
722 183 30 34 0.114
413 347 37 41 0.093
295 100 16 21 0.089
869 159 26 33 0.083
233 94 17 20 0.082
157 95 20 22 0.080
208 88 19 21 0.059
196 91 15 19 0.040
315 118 16 21 0.037
1016 141 8 30 0.028
3 112 13 21 0.027
161 244 34 45 0.024
405 191 16 20 0.023
542 69 18 17 0.022
232 89 15 18 0.021
238 91 16 22 0.021
913 172 36 42 0.020
