2_Demonstration_Demonstration_Or_Protest_2_420
321
475 160 38 45 0.819
405 231 50 76 0.778
311 167 29 44 0.768
595 166 31 51 0.767
721 158 32 48 0.751
208 268 39 57 0.748
810 182 30 44 0.748
0 293 43 60 0.743
369 170 28 39 0.732
908 111 15 18 0.720
71 182 27 42 0.716
554 236 40 57 0.702
569 162 27 38 0.681
421 130 23 33 0.674
691 138 25 32 0.673
517 141 24 32 0.667
744 265 33 52 0.666
257 165 23 35 0.650
18 145 25 32 0.643
642 123 25 33 0.638
770 122 18 20 0.621
211 145 26 35 0.588
840 165 28 47 0.571
987 142 26 33 0.517
109 270 48 68 0.508
629 104 13 19 0.505
981 188 30 41 0.500
115 151 25 33 0.493
199 197 26 42 0.483
602 105 13 18 0.456
389 127 16 24 0.442
920 231 35 60 0.439
976 130 22 30 0.430
973 109 17 20 0.398
62 137 19 28 0.391
259 130 18 24 0.390
371 94 12 15 0.361
31 118 22 25 0.355
227 99 18 21 0.330
924 95 12 14 0.328
575 91 9 11 0.315
386 210 34 47 0.314
3 134 16 22 0.310
657 261 40 49 0.300
980 92 11 14 0.298
303 98 14 18 0.285
891 126 13 18 0.281
1006 98 14 17 0.277
548 131 15 28 0.264
464 93 10 11 0.262
0 82 9 13 0.255
899 190 29 43 0.248
860 96 13 15 0.239
825 115 16 18 0.236
839 150 19 34 0.234
307 109 17 21 0.225
305 101 15 24 0.220
457 121 14 19 0.218
139 126 18 21 0.216
103 98 13 15 0.215
393 102 20 21 0.214
860 115 16 18 0.214
168 103 12 13 0.211
517 109 13 19 0.211
1007 101 15 21 0.206
951 97 10 14 0.204
179 122 18 25 0.195
483 276 32 46 0.193
899 73 9 12 0.193
779 89 7 9 0.190
736 101 10 14 0.185
805 127 19 24 0.184
159 139 19 24 0.184
529 99 9 11 0.182
406 107 16 20 0.182
510 88 11 12 0.181
86 75 10 11 0.176
197 124 21 23 0.175
839 157 23 40 0.175
107 260 41 56 0.173
409 113 16 18 0.167
920 94 11 14 0.161
461 106 14 16 0.159
707 96 11 15 0.157
385 84 9 13 0.154
19 71 8 12 0.151
826 301 52 55 0.150
124 95 12 14 0.148
99 80 10 11 0.147
903 144 15 20 0.146
186 123 25 27 0.144
926 251 31 55 0.144
950 122 12 15 0.144
0 171 16 37 0.142
502 75 9 10 0.137
0 217 19 53 0.132
974 114 19 23 0.132
491 120 13 15 0.132
547 123 14 23 0.131
704 100 14 17 0.127
735 132 17 25 0.126
276 92 12 14 0.126
883 93 11 13 0.126
602 90 9 11 0.125
857 74 11 13 0.125
25 120 23 29 0.123
974 105 20 59 0.119
183 120 20 26 0.117
859 94 20 14 0.117
795 124 33 22 0.117
706 92 10 13 0.116
763 96 13 15 0.116
74 102 14 14 0.116
101 150 29 33 0.115
658 181 38 48 0.114
436 69 7 8 0.114
792 125 19 20 0.114
410 64 8 10 0.110
118 143 30 45 0.108
1009 110 14 17 0.108
935 211 29 48 0.107
36 90 14 14 0.107
190 102 15 16 0.106
910 168 23 28 0.106
141 129 20 24 0.106
16 93 11 12 0.106
51 90 13 13 0.105
951 335 59 56 0.103
222 89 12 19 0.103
754 93 10 12 0.099
552 91 10 17 0.097
969 110 15 17 0.094
442 110 14 14 0.093
57 143 22 33 0.093
899 112 21 38 0.091
731 135 21 34 0.090
810 121 30 25 0.088
233 97 15 20 0.088
617 96 11 16 0.085
551 139 21 28 0.083
254 126 18 25 0.082
98 99 15 15 0.082
87 77 19 12 0.082
41 121 22 25 0.080
455 90 11 11 0.080
794 88 9 11 0.078
64 80 9 11 0.078
48 123 20 27 0.078
597 141 20 20 0.077
247 124 18 22 0.077
1 85 9 18 0.076
846 174 29 45 0.076
548 105 15 17 0.074
25 106 14 20 0.074
822 111 16 18 0.074
871 89 11 15 0.073
663 97 10 13 0.073
221 85 10 12 0.072
751 95 23 13 0.071
1016 78 8 20 0.068
734 100 21 13 0.067
201 101 15 17 0.067
505 123 21 26 0.067
251 76 9 13 0.067
886 97 10 13 0.066
167 106 21 12 0.065
821 295 39 56 0.064
858 74 10 33 0.063
114 95 25 14 0.063
734 98 14 24 0.062
190 94 12 29 0.062
834 141 18 28 0.060
703 92 15 33 0.060
240 120 20 21 0.059
979 80 9 11 0.059
360 75 11 12 0.059
280 91 11 15 0.058
695 94 16 15 0.058
173 196 30 40 0.057
837 125 24 62 0.057
1016 81 8 10 0.057
544 119 15 22 0.057
34 108 19 29 0.053
201 148 24 35 0.053
1 100 12 17 0.053
978 198 34 46 0.052
214 134 59 32 0.052
370 90 27 18 0.051
69 149 23 32 0.051
380 219 31 40 0.051
527 138 24 33 0.050
669 85 12 11 0.050
665 95 11 17 0.050
464 106 21 20 0.050
52 150 21 31 0.049
906 146 19 23 0.049
687 142 19 27 0.049
760 104 11 15 0.048
86 104 23 16 0.047
644 132 27 36 0.047
95 144 26 32 0.047
121 160 24 32 0.047
574 124 17 21 0.046
137 120 14 19 0.045
909 148 21 61 0.045
226 110 23 21 0.044
703 81 9 9 0.044
923 75 14 11 0.044
762 98 16 21 0.044
648 73 9 10 0.043
947 97 18 20 0.043
272 94 31 14 0.043
124 90 16 24 0.043
125 99 13 19 0.043
455 126 16 20 0.043
486 123 18 20 0.042
999 88 10 17 0.042
205 186 33 43 0.041
1 124 15 21 0.041
58 94 25 15 0.040
82 77 12 13 0.040
0 157 16 33 0.040
583 93 19 18 0.040
698 101 14 18 0.039
494 90 14 23 0.039
425 92 12 15 0.039
213 132 17 25 0.039
930 100 12 17 0.039
492 104 14 19 0.039
978 79 9 23 0.039
476 79 14 19 0.039
9 120 21 19 0.038
931 121 17 18 0.038
483 92 18 19 0.038
824 128 21 24 0.038
929 75 10 10 0.038
17 77 9 33 0.037
560 146 22 30 0.035
525 67 8 27 0.035
50 81 14 26 0.035
501 71 14 29 0.035
161 92 12 20 0.034
71 152 29 82 0.033
72 99 29 21 0.033
201 91 16 31 0.033
310 111 22 37 0.033
473 117 21 17 0.032
64 75 9 27 0.032
319 132 19 28 0.032
843 306 49 49 0.031
857 95 11 14 0.030
694 120 16 18 0.030
65 133 20 25 0.030
478 70 8 29 0.030
966 129 15 21 0.029
673 84 26 10 0.029
261 122 16 25 0.029
59 126 18 24 0.029
140 89 12 29 0.029
532 140 40 30 0.029
957 75 11 11 0.029
411 115 18 25 0.028
212 171 28 36 0.028
103 109 17 21 0.028
354 72 12 14 0.028
139 99 14 26 0.028
273 83 10 27 0.028
207 122 23 22 0.028
749 93 29 23 0.028
876 76 26 9 0.028
437 110 19 19 0.028
594 134 25 36 0.027
765 71 9 19 0.027
960 77 10 11 0.027
697 116 18 20 0.027
708 104 21 18 0.027
788 110 14 16 0.027
118 285 55 65 0.027
402 189 37 45 0.027
566 141 21 29 0.027
683 75 10 22 0.027
252 74 10 22 0.027
395 228 43 70 0.026
475 281 30 45 0.026
689 80 11 12 0.026
775 146 23 31 0.026
155 173 25 33 0.026
177 134 17 24 0.026
319 81 12 15 0.026
650 273 46 54 0.025
81 148 33 32 0.025
318 75 12 17 0.025
933 263 31 52 0.025
819 112 22 27 0.024
394 199 36 45 0.024
250 167 22 31 0.024
190 132 23 27 0.024
553 105 15 15 0.024
293 79 14 35 0.023
35 78 18 31 0.023
119 76 10 30 0.023
709 98 48 21 0.023
18 92 28 23 0.023
301 72 16 16 0.023
685 81 21 20 0.023
324 82 11 13 0.022
457 134 20 28 0.022
803 159 23 32 0.022
481 81 19 20 0.022
170 96 22 21 0.022
539 75 9 28 0.022
963 81 13 20 0.022
844 149 26 35 0.022
297 112 18 23 0.021
295 74 19 17 0.021
464 87 13 39 0.021
288 68 10 19 0.021
427 92 14 20 0.021
105 132 19 23 0.021
526 67 8 45 0.020
321 130 51 31 0.020
