2_Demonstration_Protesters_2_912
82
835 326 28 34 0.828
718 277 32 42 0.817
145 431 26 32 0.812
881 332 24 30 0.766
998 351 23 29 0.740
477 308 27 35 0.728
550 311 21 25 0.721
510 337 20 29 0.709
42 348 15 18 0.701
597 313 24 34 0.695
171 362 16 20 0.695
526 315 16 21 0.688
353 345 19 28 0.665
130 371 13 20 0.599
788 334 15 18 0.594
646 345 15 17 0.590
256 338 12 14 0.576
64 348 12 16 0.563
440 313 11 14 0.525
756 354 14 18 0.507
263 386 18 36 0.480
654 325 13 15 0.445
369 328 13 17 0.366
953 308 12 16 0.358
636 319 12 17 0.313
198 333 9 11 0.296
268 319 7 9 0.254
623 316 16 23 0.253
294 324 8 9 0.248
801 344 16 22 0.247
714 368 15 18 0.240
177 358 16 20 0.240
341 328 9 12 0.235
615 318 19 22 0.226
186 355 12 15 0.217
423 305 9 11 0.214
300 351 10 13 0.203
918 337 12 18 0.184
510 308 12 19 0.161
646 327 15 37 0.144
271 334 10 14 0.109
241 332 10 11 0.108
444 312 10 14 0.101
336 314 8 9 0.101
637 332 20 21 0.094
394 313 10 13 0.086
824 333 12 17 0.079
421 308 10 12 0.066
914 336 13 17 0.065
411 325 12 13 0.065
940 339 15 17 0.059
337 311 7 23 0.056
344 322 9 19 0.056
268 396 21 30 0.051
233 331 19 11 0.051
230 331 8 9 0.050
234 331 6 8 0.049
302 345 11 17 0.047
638 315 10 14 0.047
326 335 8 11 0.043
339 329 14 17 0.042
306 376 13 17 0.040
323 330 14 15 0.038
44 348 23 17 0.034
771 329 15 13 0.033
643 549 16 20 0.031
600 310 19 26 0.030
907 334 18 23 0.030
188 349 13 19 0.030
919 343 12 17 0.028
273 339 13 11 0.027
678 311 15 16 0.026
388 302 9 10 0.025
132 365 10 16 0.025
970 312 10 12 0.025
282 315 8 13 0.024
191 333 11 14 0.023
331 333 13 15 0.023
670 313 23 18 0.022
420 306 18 15 0.021
667 312 14 15 0.021
254 344 15 16 0.021
