2_Demonstration_Protesters_2_493
354
386 148 38 46 0.852
720 133 35 42 0.841
648 175 45 53 0.834
772 130 34 42 0.834
923 162 37 45 0.830
556 131 35 44 0.822
91 111 27 33 0.815
303 154 39 51 0.812
456 131 39 46 0.811
278 115 28 34 0.788
256 98 23 28 0.784
19 99 24 30 0.773
848 142 31 39 0.773
1 412 87 164 0.772
162 81 21 25 0.768
377 99 24 30 0.765
314 84 23 29 0.762
879 212 41 49 0.760
201 80 22 27 0.756
987 152 37 57 0.741
869 91 24 33 0.741
67 62 21 27 0.740
268 74 22 27 0.739
31 68 24 29 0.736
136 105 22 27 0.736
218 65 18 22 0.723
938 128 34 41 0.713
80 89 23 27 0.712
387 73 19 23 0.709
339 90 23 26 0.708
523 116 25 32 0.706
292 68 21 26 0.700
917 75 25 29 0.690
710 111 28 29 0.688
522 88 20 25 0.685
736 90 23 27 0.680
636 104 27 33 0.679
831 181 31 43 0.677
211 116 21 28 0.673
542 75 21 24 0.671
433 70 20 25 0.670
482 59 19 25 0.668
834 74 24 30 0.639
341 116 32 37 0.636
746 46 15 19 0.631
751 197 32 36 0.628
229 85 20 26 0.624
185 115 26 31 0.615
606 85 21 27 0.613
568 51 15 18 0.612
924 48 20 23 0.610
803 20 12 16 0.610
650 90 23 30 0.610
662 62 21 24 0.607
586 129 19 31 0.602
637 50 19 25 0.599
188 57 16 20 0.598
305 47 15 19 0.587
133 84 20 24 0.585
379 31 12 15 0.584
408 110 27 32 0.583
950 53 17 21 0.581
703 50 16 19 0.577
963 68 19 25 0.577
0 88 14 30 0.563
520 66 18 20 0.558
809 46 16 19 0.528
565 29 12 15 0.522
665 47 17 20 0.516
129 65 14 17 0.508
98 57 12 16 0.502
721 79 16 20 0.498
459 55 15 19 0.496
587 59 17 21 0.490
0 46 12 20 0.490
487 88 24 30 0.486
548 112 29 32 0.467
642 92 29 36 0.463
555 17 10 12 0.447
824 71 27 33 0.446
252 45 15 17 0.446
246 82 17 23 0.440
140 49 12 15 0.434
545 54 14 17 0.427
886 49 19 24 0.408
763 47 14 16 0.408
333 42 13 14 0.400
617 67 18 23 0.393
420 35 13 17 0.393
788 60 15 19 0.391
469 115 27 34 0.383
322 57 15 20 0.381
1 132 26 40 0.376
662 52 20 26 0.370
61 111 25 29 0.370
454 85 21 23 0.365
15 59 16 20 0.352
846 48 16 20 0.348
656 19 11 13 0.347
424 141 25 35 0.345
931 135 37 53 0.345
820 119 25 31 0.331
365 86 17 20 0.325
501 11 10 13 0.324
609 40 12 15 0.318
697 78 21 28 0.315
77 42 12 14 0.315
468 35 11 14 0.314
518 39 14 16 0.312
613 55 19 22 0.310
159 45 13 17 0.308
621 22 10 13 0.291
551 37 11 15 0.288
437 33 14 17 0.281
522 19 8 11 0.276
564 83 16 18 0.276
317 33 9 12 0.273
425 51 16 18 0.271
247 61 15 18 0.270
701 85 21 27 0.269
847 18 10 12 0.258
491 92 25 32 0.256
721 55 15 15 0.256
22 43 12 15 0.251
605 1 9 11 0.249
109 63 15 18 0.246
906 121 27 35 0.243
369 54 14 18 0.241
464 0 8 10 0.236
1003 85 20 32 0.234
661 166 38 43 0.232
703 10 12 13 0.229
34 50 15 18 0.228
692 35 12 16 0.224
277 40 12 15 0.221
363 39 12 14 0.217
100 58 17 18 0.215
781 82 18 24 0.211
508 76 17 22 0.208
483 42 12 14 0.203
774 88 23 26 0.201
220 180 38 44 0.198
502 57 14 18 0.196
550 34 11 30 0.188
582 92 18 26 0.181
143 33 12 14 0.170
438 75 31 25 0.168
43 33 13 16 0.164
1009 38 14 19 0.159
399 25 12 14 0.158
705 53 35 17 0.156
564 6 8 12 0.153
235 45 13 17 0.153
406 91 20 28 0.153
688 30 13 16 0.150
630 2 10 11 0.149
755 9 9 11 0.146
708 84 20 24 0.146
283 51 14 14 0.145
17 23 10 12 0.142
476 41 17 14 0.140
823 10 12 15 0.136
238 199 35 50 0.134
225 186 43 50 0.131
820 67 22 26 0.130
754 26 13 16 0.127
355 23 10 12 0.126
916 13 13 14 0.126
106 48 14 17 0.126
502 80 19 24 0.126
176 38 11 13 0.125
637 51 41 27 0.124
151 63 14 18 0.121
717 51 15 18 0.121
654 1 9 11 0.117
281 29 10 20 0.112
176 59 18 20 0.109
94 29 11 13 0.109
847 38 12 18 0.108
873 15 11 14 0.106
110 46 18 15 0.105
211 31 11 13 0.105
727 54 13 14 0.103
261 87 22 28 0.103
419 19 10 11 0.102
733 0 9 9 0.101
710 7 11 14 0.101
3 51 28 23 0.099
652 17 11 14 0.098
452 82 33 33 0.098
450 94 27 32 0.098
618 19 12 28 0.097
897 20 15 17 0.095
391 51 14 17 0.094
503 51 13 17 0.092
39 37 14 24 0.089
474 14 8 11 0.088
586 44 13 16 0.087
368 38 15 26 0.086
499 27 12 14 0.082
321 43 29 17 0.082
864 32 12 16 0.082
754 15 11 28 0.081
299 114 21 28 0.080
542 34 19 15 0.080
1010 92 14 40 0.079
908 16 20 14 0.078
754 72 18 21 0.078
230 46 18 21 0.077
342 91 35 24 0.077
347 35 11 19 0.075
593 57 24 20 0.075
443 22 10 12 0.075
582 80 17 23 0.073
782 8 10 12 0.072
108 74 16 22 0.072
980 345 44 106 0.071
1013 113 11 30 0.071
413 15 10 12 0.070
206 89 64 46 0.068
668 3 9 11 0.067
905 63 18 22 0.065
64 33 11 21 0.064
209 37 11 12 0.064
102 60 44 24 0.063
169 62 21 23 0.063
399 81 36 45 0.063
561 54 39 20 0.062
408 88 16 21 0.062
470 55 24 22 0.061
607 22 11 13 0.061
95 59 12 16 0.061
51 39 18 14 0.060
756 5 11 9 0.059
971 94 18 23 0.059
422 135 43 45 0.059
899 29 16 22 0.059
183 21 9 20 0.059
0 36 12 23 0.059
703 92 23 26 0.059
1009 11 14 18 0.058
472 12 12 14 0.058
263 54 18 20 0.057
710 33 11 14 0.057
535 68 21 25 0.057
440 37 12 15 0.057
242 28 14 20 0.056
895 18 30 21 0.056
120 33 12 21 0.055
448 0 7 9 0.055
845 15 13 21 0.055
602 1 9 11 0.055
123 45 27 17 0.055
602 4 19 11 0.054
667 160 31 33 0.054
667 1 11 20 0.053
498 98 22 29 0.052
365 1 8 9 0.051
607 0 11 11 0.051
654 0 9 29 0.050
691 75 20 24 0.049
883 57 19 26 0.049
935 66 22 29 0.049
647 44 22 19 0.049
219 52 23 21 0.048
180 28 10 24 0.048
175 4 8 11 0.047
521 128 27 39 0.047
130 42 16 64 0.046
554 5 12 38 0.046
248 3 8 8 0.046
22 32 29 43 0.045
367 32 17 68 0.045
542 31 18 33 0.045
686 11 23 45 0.045
565 75 16 20 0.045
188 38 11 18 0.045
669 7 13 12 0.043
548 342 50 88 0.042
383 9 13 10 0.042
317 32 13 16 0.041
320 15 11 28 0.040
372 17 11 23 0.040
363 61 15 18 0.040
447 1 14 8 0.039
60 67 21 27 0.039
170 34 19 21 0.038
758 27 12 17 0.038
222 10 9 18 0.038
76 93 23 29 0.037
270 10 8 30 0.036
827 7 21 14 0.036
889 62 27 24 0.036
91 29 22 17 0.036
291 26 18 21 0.035
673 21 24 15 0.035
615 7 13 39 0.035
337 116 25 32 0.034
163 22 12 13 0.034
583 0 9 8 0.034
631 2 21 16 0.034
718 33 19 81 0.034
211 171 40 46 0.034
1007 7 14 16 0.033
270 19 17 35 0.033
283 11 9 40 0.033
499 3 10 11 0.032
40 73 24 24 0.032
816 31 15 18 0.032
566 3 13 15 0.032
145 19 11 24 0.032
902 39 15 18 0.032
404 19 22 17 0.032
764 79 21 25 0.032
122 32 22 16 0.031
911 128 31 37 0.031
324 60 24 18 0.030
838 4 10 11 0.030
341 66 15 19 0.030
231 27 18 24 0.030
443 110 25 31 0.029
3 8 11 16 0.028
552 3 9 9 0.028
635 2 16 9 0.027
1004 272 20 60 0.027
383 12 14 36 0.027
155 5 8 14 0.027
253 29 20 20 0.027
421 1 8 9 0.026
883 71 19 23 0.026
320 54 20 26 0.026
664 89 19 24 0.026
751 66 15 20 0.026
106 17 11 23 0.025
216 45 18 21 0.024
800 45 25 26 0.024
978 91 27 25 0.024
285 3 9 8 0.023
3 5 10 29 0.023
620 25 16 18 0.023
339 57 15 20 0.023
393 7 14 18 0.022
255 4 10 8 0.022
818 77 25 30 0.022
245 12 14 33 0.022
461 81 17 22 0.022
622 41 16 21 0.021
109 85 17 22 0.021
232 3 10 9 0.021
321 3 8 7 0.021
769 94 20 22 0.020
92 18 15 31 0.020
791 90 40 31 0.020
36 12 15 29 0.020
