2_Demonstration_Political_Rally_2_204
82
465 393 11 13 0.551
405 389 11 13 0.486
136 435 11 14 0.478
422 393 9 12 0.473
497 399 10 13 0.428
765 387 11 13 0.415
923 391 9 11 0.361
385 395 9 12 0.341
1001 386 10 11 0.337
339 396 11 14 0.330
446 398 8 11 0.308
57 407 12 15 0.301
226 434 12 14 0.251
275 400 11 14 0.243
838 392 8 12 0.230
203 429 9 12 0.199
811 396 8 9 0.199
580 392 10 14 0.194
874 388 9 11 0.147
941 385 8 10 0.136
548 398 9 11 0.119
140 431 14 13 0.115
999 385 9 13 0.115
661 392 9 11 0.114
26 402 10 13 0.112
675 392 9 11 0.112
978 410 10 12 0.108
690 408 9 12 0.106
526 400 9 10 0.106
250 423 9 12 0.099
150 430 9 11 0.097
663 392 11 12 0.096
491 399 10 13 0.092
118 429 10 12 0.087
244 434 10 11 0.076
188 426 10 12 0.072
838 382 8 12 0.070
868 384 10 14 0.062
619 397 9 11 0.062
838 385 10 14 0.061
169 431 10 12 0.059
871 372 7 9 0.058
133 432 13 15 0.058
920 392 10 12 0.055
795 388 10 11 0.053
234 362 6 7 0.053
659 392 23 12 0.052
317 394 10 14 0.048
223 436 11 13 0.043
849 367 8 9 0.042
903 384 10 12 0.042
221 431 13 15 0.040
871 374 7 19 0.040
248 421 9 11 0.040
242 437 10 12 0.038
860 389 9 12 0.038
901 389 9 9 0.037
190 358 6 6 0.035
172 430 16 13 0.034
59 411 14 16 0.033
248 429 10 14 0.033
934 387 17 12 0.031
745 403 10 13 0.031
290 402 11 12 0.030
895 381 9 10 0.030
907 388 21 12 0.029
577 399 12 12 0.029
186 426 25 12 0.028
443 400 8 11 0.028
550 391 9 13 0.028
474 393 11 12 0.028
497 396 9 12 0.027
749 406 9 12 0.027
485 395 10 11 0.026
427 390 11 13 0.024
565 404 11 12 0.024
879 390 10 12 0.023
701 382 8 12 0.022
581 387 10 14 0.022
789 387 15 10 0.021
761 386 12 15 0.021
319 391 12 14 0.021
