2_Demonstration_Demonstrators_2_425
287
432 561 67 106 0.872
789 426 67 77 0.840
635 392 35 46 0.826
563 463 42 60 0.818
353 434 48 60 0.804
18 474 43 49 0.800
578 385 27 34 0.798
224 422 38 54 0.793
699 311 19 25 0.772
786 301 41 49 0.769
865 303 27 33 0.764
402 370 18 23 0.752
486 371 19 23 0.737
202 402 23 30 0.735
617 329 19 24 0.732
701 373 28 33 0.728
727 335 22 26 0.723
469 408 26 31 0.715
527 330 16 21 0.710
987 347 37 79 0.702
658 306 18 21 0.702
614 304 14 17 0.674
863 271 26 29 0.673
46 430 20 28 0.655
138 374 13 18 0.648
644 305 12 16 0.643
448 349 17 21 0.617
289 349 11 14 0.597
111 379 14 18 0.596
577 331 14 19 0.593
795 271 18 22 0.567
92 378 13 17 0.566
515 315 12 15 0.548
47 399 15 20 0.525
774 310 20 28 0.507
361 342 10 12 0.482
590 309 13 15 0.482
621 388 19 23 0.465
709 277 12 15 0.465
510 349 14 18 0.460
278 418 22 32 0.456
960 360 41 56 0.429
254 369 14 17 0.428
127 427 22 28 0.427
484 314 9 12 0.415
234 366 12 16 0.411
740 303 14 17 0.410
280 368 13 16 0.393
467 344 11 16 0.389
347 397 26 30 0.383
400 347 12 15 0.378
314 354 11 13 0.371
17 372 10 13 0.365
155 421 17 23 0.357
191 353 10 11 0.342
84 446 26 37 0.338
580 294 10 12 0.329
393 337 12 16 0.329
631 297 11 14 0.325
169 397 16 18 0.316
775 267 10 12 0.291
361 326 9 10 0.289
201 388 16 22 0.287
227 329 7 9 0.275
382 325 10 11 0.274
453 321 10 13 0.274
17 397 18 23 0.268
213 346 8 10 0.267
157 351 9 11 0.264
0 378 10 16 0.263
557 325 14 18 0.262
934 311 18 22 0.248
541 313 11 13 0.241
733 279 10 12 0.238
347 358 11 12 0.225
131 347 9 11 0.220
396 340 12 19 0.219
625 298 15 16 0.213
46 377 8 12 0.213
268 334 8 10 0.207
489 296 8 11 0.198
67 364 10 11 0.198
968 357 50 70 0.191
260 346 11 12 0.190
345 389 21 25 0.189
200 332 6 8 0.187
268 347 11 11 0.180
237 390 20 24 0.169
709 299 13 15 0.163
773 305 13 19 0.161
215 366 10 13 0.156
642 303 21 19 0.156
999 337 25 47 0.155
306 322 7 9 0.152
233 349 8 11 0.134
504 290 8 10 0.132
90 378 37 18 0.131
82 358 9 10 0.131
735 269 10 12 0.131
457 409 27 30 0.128
289 330 8 10 0.124
607 287 10 12 0.121
166 373 11 18 0.115
166 366 15 16 0.115
431 327 11 14 0.112
553 328 15 18 0.109
848 282 22 23 0.108
160 339 8 8 0.107
375 345 9 11 0.107
174 365 15 11 0.106
601 208 13 15 0.104
446 313 9 11 0.103
695 274 10 16 0.102
495 349 12 16 0.101
85 398 16 18 0.100
559 319 11 17 0.099
844 285 19 18 0.099
183 335 7 8 0.099
325 326 9 10 0.096
925 294 15 16 0.094
170 465 32 38 0.094
365 315 7 9 0.094
202 376 12 27 0.093
10 373 20 15 0.093
168 342 14 10 0.092
693 280 11 13 0.087
172 339 11 17 0.087
81 454 23 34 0.082
941 264 12 16 0.082
654 289 14 16 0.082
457 289 8 10 0.080
205 367 23 14 0.080
562 289 9 9 0.079
807 258 12 13 0.078
325 326 11 18 0.077
931 305 17 21 0.077
232 346 9 27 0.076
287 422 25 31 0.075
199 397 19 23 0.075
160 417 21 24 0.074
561 329 16 19 0.074
136 351 14 16 0.073
539 312 23 15 0.072
428 362 13 19 0.071
268 333 10 28 0.071
897 307 28 31 0.070
413 316 12 12 0.070
331 359 15 16 0.070
912 278 11 13 0.070
189 478 35 44 0.066
453 408 21 35 0.065
198 373 13 16 0.065
157 362 14 17 0.065
671 287 10 13 0.064
488 298 7 31 0.064
165 339 11 10 0.063
109 352 10 11 0.061
421 336 14 14 0.061
185 425 15 22 0.061
580 299 17 64 0.061
229 327 9 8 0.060
123 425 19 26 0.060
250 390 19 25 0.059
486 294 9 9 0.059
478 329 10 14 0.059
288 352 45 15 0.058
822 275 12 14 0.057
638 290 19 16 0.057
430 332 12 15 0.056
326 329 20 13 0.054
93 366 11 23 0.054
162 390 14 19 0.054
333 332 11 15 0.054
587 310 13 16 0.054
287 328 8 9 0.054
702 266 18 14 0.052
559 287 10 16 0.050
334 356 19 17 0.050
244 367 21 63 0.050
414 318 10 19 0.049
81 399 13 16 0.049
68 360 22 17 0.048
190 354 15 28 0.048
243 322 8 10 0.047
827 273 11 15 0.047
658 287 21 20 0.046
411 314 10 10 0.046
342 387 17 22 0.046
162 363 15 15 0.045
351 385 26 30 0.045
821 258 10 13 0.045
297 387 20 24 0.044
516 306 10 23 0.044
426 324 17 21 0.044
311 339 12 28 0.044
279 400 19 26 0.043
0 398 12 20 0.043
690 268 21 15 0.043
345 357 17 68 0.042
939 262 11 12 0.042
284 364 13 19 0.041
833 263 9 14 0.041
154 347 27 21 0.040
346 328 28 48 0.040
53 389 15 16 0.039
399 318 14 13 0.039
32 423 15 19 0.039
743 303 19 16 0.038
94 364 11 17 0.038
104 410 14 19 0.038
734 307 17 24 0.037
557 291 21 7 0.037
357 392 27 31 0.037
773 261 10 14 0.037
180 470 37 41 0.037
423 311 9 10 0.037
806 256 16 25 0.036
679 265 17 12 0.036
793 270 38 24 0.036
576 289 10 10 0.036
296 427 23 28 0.036
88 438 31 33 0.035
483 315 10 26 0.035
1014 301 10 17 0.035
233 396 19 22 0.035
528 287 9 22 0.035
822 279 11 12 0.034
841 286 14 15 0.034
462 306 18 70 0.033
448 314 12 17 0.033
930 269 19 22 0.033
943 265 11 24 0.033
213 343 17 28 0.033
345 319 11 9 0.033
455 400 19 29 0.032
318 331 15 25 0.032
52 367 18 17 0.032
709 262 10 11 0.032
593 285 9 10 0.032
99 407 16 19 0.031
13 402 18 22 0.031
243 319 8 24 0.031
364 388 22 25 0.031
234 350 13 15 0.031
927 272 23 37 0.030
490 334 12 25 0.030
25 406 19 30 0.030
409 339 21 16 0.030
45 392 14 21 0.030
198 330 7 8 0.029
345 391 38 48 0.029
920 309 29 25 0.028
280 385 23 66 0.028
652 277 11 28 0.028
943 284 10 13 0.028
265 336 11 14 0.028
172 477 34 39 0.028
913 277 28 14 0.027
494 338 19 27 0.027
611 285 14 11 0.027
181 488 37 43 0.026
183 414 21 56 0.026
549 297 15 27 0.026
780 268 14 16 0.026
34 413 19 27 0.025
3 446 22 28 0.025
745 259 10 11 0.025
87 462 24 33 0.024
114 431 27 30 0.024
763 349 23 28 0.024
1001 312 22 61 0.024
501 327 18 17 0.024
23 375 30 85 0.023
709 259 20 19 0.022
781 255 14 15 0.022
175 416 18 23 0.022
721 253 9 15 0.022
819 258 15 21 0.021
360 312 22 20 0.021
683 268 24 26 0.021
378 365 12 16 0.021
930 319 22 29 0.021
83 353 8 9 0.021
547 448 28 45 0.021
991 43 23 38 0.021
683 311 12 17 0.020
523 293 18 26 0.020
