2_Demonstration_Demonstration_Or_Protest_2_586
129
836 201 30 40 0.806
472 147 24 32 0.801
691 146 29 37 0.788
639 167 22 33 0.784
383 184 27 40 0.783
140 144 23 32 0.775
761 120 16 21 0.718
174 125 16 20 0.715
387 135 14 20 0.701
247 119 17 23 0.694
789 114 13 15 0.685
996 150 17 25 0.666
524 122 13 16 0.662
802 223 22 33 0.622
437 126 15 18 0.610
28 105 12 14 0.595
132 119 14 16 0.588
128 101 12 14 0.555
962 104 16 23 0.533
345 95 12 14 0.533
287 159 16 26 0.532
109 129 15 18 0.514
28 131 15 18 0.492
600 119 11 13 0.492
410 106 13 14 0.472
168 102 10 12 0.450
540 94 9 12 0.431
50 112 13 12 0.427
383 104 9 11 0.403
287 103 10 13 0.368
280 122 14 19 0.363
577 158 20 26 0.356
198 123 11 13 0.313
1 98 9 11 0.298
215 116 10 15 0.291
293 88 8 9 0.262
2 114 12 14 0.261
874 158 8 10 0.259
89 111 13 16 0.245
571 126 14 17 0.235
70 137 15 21 0.228
97 91 9 10 0.226
186 106 10 11 0.206
359 88 9 11 0.199
13 90 10 12 0.197
626 139 8 10 0.197
313 169 19 24 0.184
724 128 8 10 0.181
306 93 9 11 0.172
328 149 12 19 0.159
11 3 11 14 0.153
400 98 9 12 0.152
575 166 19 22 0.146
106 106 9 11 0.145
328 143 13 18 0.143
69 94 9 10 0.141
292 85 7 16 0.139
405 103 12 15 0.132
145 96 9 11 0.129
452 117 15 18 0.126
120 148 18 23 0.116
167 103 23 12 0.116
433 98 11 13 0.115
572 132 10 13 0.112
0 117 15 27 0.110
764 102 9 10 0.104
60 108 16 14 0.103
72 132 14 19 0.097
199 121 20 16 0.097
66 92 11 22 0.095
694 94 10 12 0.094
0 130 17 22 0.094
58 92 12 13 0.082
216 113 10 12 0.079
71 125 17 40 0.075
516 40 9 12 0.071
130 100 29 13 0.067
365 93 11 11 0.067
430 79 10 14 0.065
238 92 11 13 0.063
0 72 9 13 0.058
398 163 13 18 0.057
997 97 8 10 0.057
290 89 22 8 0.057
330 155 12 18 0.056
459 95 8 10 0.055
117 138 18 27 0.054
994 99 8 11 0.052
417 111 13 16 0.050
106 91 23 84 0.048
88 116 13 16 0.045
526 117 14 17 0.045
242 94 12 13 0.044
563 171 21 20 0.043
433 91 14 21 0.042
61 106 25 58 0.041
306 89 8 10 0.041
723 131 9 13 0.040
721 126 12 15 0.040
957 102 17 22 0.039
333 107 14 16 0.039
966 108 15 23 0.037
285 113 12 17 0.037
275 118 15 17 0.035
526 103 14 14 0.034
60 92 18 15 0.033
597 140 9 11 0.033
541 97 10 13 0.033
572 118 11 15 0.033
69 105 22 16 0.032
245 120 17 39 0.032
184 92 9 26 0.031
110 115 10 19 0.028
100 98 15 15 0.028
623 138 14 17 0.028
668 133 12 17 0.028
774 121 17 17 0.027
410 89 9 10 0.027
346 96 19 14 0.027
427 84 11 27 0.026
670 132 16 22 0.026
100 88 8 11 0.026
289 86 9 9 0.025
403 90 17 15 0.025
625 138 18 26 0.025
130 116 18 24 0.021
249 130 17 27 0.020
301 91 13 16 0.020
54 86 10 10 0.020
