2_Demonstration_Protesters_2_531
1213
979 434 18 23 0.829
14 566 19 25 0.807
494 445 17 21 0.802
116 508 20 24 0.799
928 540 21 25 0.798
124 539 19 24 0.794
366 582 21 26 0.788
162 641 21 26 0.788
414 522 18 24 0.786
171 509 18 23 0.786
1002 577 20 26 0.784
295 651 21 26 0.779
619 433 18 24 0.777
282 499 19 22 0.773
516 462 20 22 0.773
407 475 18 23 0.772
749 487 17 22 0.772
456 509 18 23 0.770
121 472 17 21 0.769
767 538 21 26 0.769
571 549 19 25 0.768
315 489 17 23 0.767
82 458 18 24 0.766
157 472 17 23 0.763
587 492 17 22 0.762
991 388 16 21 0.761
879 537 20 24 0.760
227 648 21 27 0.759
0 603 12 27 0.757
61 490 18 23 0.757
918 481 19 24 0.757
868 462 18 22 0.756
247 473 16 21 0.752
192 431 16 22 0.752
751 360 16 21 0.750
895 405 17 21 0.747
644 478 18 22 0.746
143 404 18 23 0.744
280 325 15 20 0.743
400 248 14 18 0.743
335 511 19 21 0.740
785 486 17 22 0.739
696 321 14 18 0.739
108 581 19 25 0.739
845 411 17 22 0.737
20 435 18 20 0.736
960 312 15 19 0.736
603 455 17 22 0.736
684 472 17 22 0.735
500 312 16 19 0.735
96 424 16 21 0.735
233 490 18 21 0.734
808 357 15 19 0.729
777 283 12 16 0.729
453 317 15 19 0.728
23 473 16 20 0.726
12 414 16 21 0.725
975 297 14 18 0.724
592 260 14 17 0.722
740 330 16 20 0.721
962 423 16 19 0.720
23 517 21 22 0.720
863 179 12 15 0.718
665 542 17 26 0.717
22 360 16 21 0.717
607 243 13 17 0.717
399 507 18 21 0.717
248 372 14 18 0.717
479 425 17 21 0.714
584 326 15 19 0.713
471 279 14 18 0.713
822 228 13 16 0.712
421 337 14 18 0.712
973 217 13 18 0.712
571 304 15 19 0.712
628 388 16 19 0.711
996 316 16 18 0.711
606 328 15 20 0.711
934 259 14 17 0.711
681 387 17 21 0.710
141 621 19 24 0.709
655 314 14 18 0.709
266 275 14 18 0.709
835 311 15 18 0.706
904 363 15 20 0.705
668 233 14 17 0.704
136 301 14 17 0.704
615 300 15 19 0.704
91 277 14 18 0.701
815 106 10 12 0.701
357 299 15 18 0.701
466 479 18 22 0.700
430 413 17 19 0.699
40 284 14 17 0.698
348 412 17 21 0.696
794 391 16 20 0.695
499 283 14 19 0.695
842 263 15 18 0.694
844 329 14 17 0.694
959 236 14 17 0.694
582 286 13 17 0.693
868 247 14 16 0.691
585 208 11 15 0.688
346 285 11 15 0.688
23 242 12 16 0.688
750 421 16 21 0.686
797 266 14 16 0.685
786 436 16 21 0.685
54 314 14 18 0.683
872 223 13 17 0.681
997 644 18 27 0.681
829 402 16 19 0.679
633 409 15 18 0.678
847 196 13 15 0.677
517 500 18 21 0.677
898 311 14 19 0.676
681 245 14 17 0.675
279 435 16 21 0.674
745 246 12 15 0.674
497 192 12 16 0.674
990 263 14 18 0.673
423 300 15 17 0.673
943 223 13 16 0.673
275 464 14 19 0.673
377 423 16 18 0.671
269 572 16 22 0.671
94 238 13 17 0.671
416 445 18 21 0.669
677 139 12 15 0.669
889 190 13 17 0.668
127 217 12 15 0.667
412 228 13 16 0.666
116 320 15 18 0.666
355 222 12 15 0.665
801 288 13 16 0.665
0 324 10 16 0.663
38 354 16 20 0.662
565 277 13 16 0.662
453 237 13 16 0.662
72 315 13 17 0.661
58 296 12 17 0.661
201 294 14 17 0.661
731 196 12 15 0.660
883 232 14 18 0.658
475 309 14 18 0.657
349 450 17 18 0.656
900 264 13 16 0.656
49 371 16 20 0.655
794 117 11 13 0.655
711 298 14 17 0.652
483 146 11 13 0.651
422 130 11 13 0.650
238 286 13 17 0.650
686 447 15 19 0.650
713 117 11 13 0.649
367 241 13 15 0.649
662 354 15 17 0.649
13 205 11 15 0.647
773 123 11 13 0.646
502 225 13 16 0.646
459 137 11 14 0.646
708 166 12 14 0.646
426 208 12 15 0.645
991 164 12 15 0.645
775 259 12 16 0.644
749 171 12 16 0.644
298 385 15 19 0.643
830 187 11 14 0.643
850 361 15 19 0.639
656 263 15 19 0.639
242 227 12 16 0.638
701 412 16 19 0.638
268 153 11 13 0.636
756 404 16 21 0.635
889 382 15 19 0.635
322 223 13 16 0.634
371 379 16 19 0.631
208 188 11 15 0.624
535 318 14 17 0.623
611 117 10 13 0.623
152 323 11 15 0.622
137 249 12 15 0.622
909 183 12 15 0.620
340 214 11 14 0.620
637 236 14 17 0.620
787 325 15 18 0.620
716 90 11 14 0.618
526 302 13 16 0.616
70 204 13 15 0.616
321 175 11 14 0.615
468 369 15 19 0.614
944 93 9 13 0.613
418 279 15 17 0.612
618 358 14 18 0.612
873 141 11 14 0.611
759 91 11 13 0.610
164 194 10 13 0.610
679 196 13 16 0.609
355 480 16 19 0.609
0 285 9 19 0.608
412 156 11 15 0.608
246 118 9 12 0.607
957 179 11 15 0.605
473 405 16 19 0.603
810 255 14 17 0.603
684 173 12 14 0.601
210 268 15 18 0.601
787 568 16 21 0.597
379 261 12 15 0.597
713 188 13 15 0.596
355 156 12 15 0.595
274 182 12 16 0.595
453 202 14 17 0.594
185 210 11 15 0.594
456 221 12 14 0.593
823 132 11 13 0.593
33 163 11 13 0.591
309 210 11 14 0.591
581 242 13 15 0.588
743 71 11 13 0.588
724 248 13 17 0.586
867 120 10 12 0.586
552 177 11 15 0.585
210 92 9 11 0.584
515 565 20 21 0.583
1007 227 12 16 0.580
498 370 13 16 0.574
732 232 12 15 0.574
99 215 11 15 0.573
410 198 12 15 0.573
65 259 13 16 0.569
345 340 15 18 0.569
676 277 15 17 0.569
379 205 11 14 0.569
766 228 13 16 0.567
894 110 10 13 0.567
318 254 12 15 0.561
941 161 12 15 0.558
995 67 10 12 0.558
924 330 15 18 0.554
173 237 12 15 0.554
636 93 10 13 0.553
236 183 12 14 0.552
744 108 10 14 0.552
990 179 11 15 0.551
128 382 14 18 0.549
229 244 13 15 0.548
278 225 12 13 0.548
244 153 10 13 0.544
44 48 9 12 0.542
899 171 12 14 0.541
541 216 13 16 0.540
40 314 12 16 0.538
895 292 15 19 0.534
816 72 10 11 0.531
667 381 14 19 0.529
698 141 10 13 0.526
731 2 8 10 0.524
155 285 14 18 0.523
911 102 11 12 0.520
758 315 13 16 0.519
756 120 10 12 0.518
50 192 12 13 0.517
794 152 10 13 0.515
395 134 10 13 0.515
184 165 10 13 0.514
649 79 9 12 0.511
416 571 15 23 0.504
552 87 9 12 0.504
548 3 8 10 0.504
74 223 10 13 0.503
782 75 9 12 0.502
280 104 11 13 0.502
204 314 12 16 0.500
690 29 9 10 0.500
432 118 10 11 0.499
967 277 14 16 0.499
779 14 10 13 0.498
566 6 8 12 0.498
294 143 9 12 0.497
514 117 10 13 0.497
528 63 9 10 0.492
633 301 14 17 0.492
718 268 14 16 0.490
784 91 11 12 0.489
860 73 9 10 0.487
711 43 10 11 0.485
515 1 9 11 0.485
139 146 11 13 0.485
602 94 9 11 0.483
875 442 18 19 0.483
679 120 9 12 0.481
635 215 13 16 0.480
181 126 9 12 0.477
543 117 11 13 0.477
995 4 9 10 0.476
734 26 8 11 0.476
407 124 8 11 0.474
669 23 8 11 0.472
427 84 9 10 0.472
817 11 9 11 0.470
489 123 10 13 0.468
591 111 11 13 0.466
785 204 10 13 0.464
692 119 9 12 0.464
516 137 10 12 0.464
1013 420 11 17 0.464
210 118 9 11 0.463
572 117 9 11 0.463
1009 32 8 10 0.460
426 64 8 10 0.458
356 135 11 13 0.457
1003 46 9 11 0.456
373 292 12 15 0.454
849 240 13 16 0.452
567 54 10 12 0.448
643 180 11 13 0.444
303 133 8 11 0.444
662 118 10 12 0.443
760 150 10 13 0.443
129 23 9 11 0.441
643 30 8 11 0.441
365 174 10 12 0.440
228 218 11 13 0.439
299 100 9 11 0.438
899 77 10 12 0.437
615 67 8 10 0.436
254 88 8 11 0.436
964 98 10 11 0.436
295 186 10 12 0.434
587 55 8 10 0.432
609 52 9 11 0.431
727 285 13 15 0.429
815 85 10 12 0.428
318 112 9 11 0.426
437 28 8 9 0.424
500 104 10 11 0.423
644 121 8 10 0.421
48 228 12 14 0.418
858 165 10 12 0.417
279 140 10 13 0.417
548 29 7 10 0.417
344 396 15 19 0.417
984 118 10 12 0.416
546 63 9 10 0.415
387 117 11 13 0.414
104 264 12 13 0.412
761 15 8 10 0.410
329 29 8 10 0.410
539 99 10 13 0.409
8 60 8 11 0.406
364 47 8 11 0.404
294 116 9 12 0.404
472 97 9 12 0.402
979 13 8 11 0.402
464 40 9 11 0.400
519 319 12 16 0.399
348 35 8 10 0.397
884 97 9 12 0.397
658 54 10 11 0.396
288 161 11 14 0.395
330 240 11 14 0.392
976 85 9 13 0.391
513 35 8 10 0.391
626 110 10 12 0.390
801 187 11 14 0.389
77 156 11 13 0.387
125 194 11 13 0.387
22 70 7 10 0.386
776 453 16 19 0.385
287 203 9 12 0.383
47 314 17 19 0.382
230 100 9 11 0.382
389 69 8 10 0.381
198 252 13 17 0.380
158 5 8 10 0.380
227 127 11 12 0.379
176 4 10 11 0.378
623 84 9 11 0.372
580 12 8 10 0.372
97 29 9 10 0.370
620 187 11 13 0.366
798 32 10 11 0.365
505 170 11 13 0.364
755 330 14 18 0.362
62 182 11 13 0.362
347 66 9 11 0.360
151 40 10 11 0.355
835 112 9 11 0.354
940 0 9 10 0.353
531 207 11 15 0.353
517 20 9 10 0.352
333 124 9 11 0.352
375 124 9 13 0.351
518 92 10 12 0.348
891 0 8 10 0.347
759 0 9 9 0.345
95 77 9 12 0.345
384 255 12 17 0.345
1005 105 12 13 0.344
355 112 9 11 0.337
246 311 16 18 0.334
89 60 9 11 0.332
336 137 9 12 0.330
634 339 13 16 0.330
964 4 8 10 0.328
389 46 9 11 0.328
573 104 8 13 0.326
394 86 9 11 0.326
423 108 8 11 0.325
101 189 11 12 0.324
338 49 9 10 0.324
843 86 11 12 0.321
671 422 15 18 0.317
584 93 10 13 0.316
202 304 13 19 0.315
151 26 8 11 0.315
595 177 10 12 0.312
469 73 9 10 0.312
230 141 10 11 0.312
915 15 8 10 0.311
596 111 10 13 0.308
1 187 11 16 0.307
989 210 11 14 0.305
355 196 11 12 0.304
988 336 15 15 0.304
342 372 16 18 0.304
390 192 11 14 0.304
591 27 9 11 0.304
135 453 16 20 0.302
300 165 11 13 0.301
499 351 15 17 0.300
162 141 10 13 0.299
871 105 10 11 0.298
364 91 10 12 0.296
1001 29 8 11 0.296
459 86 8 10 0.292
219 157 10 13 0.290
465 1 8 9 0.290
263 77 9 12 0.287
489 80 10 12 0.287
271 60 10 13 0.286
65 40 8 11 0.284
452 157 10 11 0.281
322 160 10 12 0.280
415 380 18 21 0.279
491 1 8 7 0.279
635 56 11 14 0.277
74 77 10 11 0.275
821 207 12 14 0.275
110 104 10 12 0.275
141 3 8 9 0.275
621 16 9 10 0.274
455 351 15 18 0.269
3 499 15 21 0.264
96 167 11 13 0.261
175 67 9 10 0.259
958 21 10 10 0.259
194 125 11 12 0.257
733 234 14 18 0.255
146 60 9 11 0.254
667 0 9 7 0.254
680 12 12 12 0.253
332 86 9 12 0.252
567 39 9 11 0.252
460 109 9 12 0.251
172 111 9 13 0.250
181 26 9 10 0.250
709 207 11 14 0.250
704 22 9 12 0.250
57 26 8 10 0.249
747 192 11 14 0.249
0 88 7 13 0.248
247 320 16 20 0.246
704 7 8 10 0.245
807 21 9 11 0.245
274 86 9 11 0.244
109 121 10 12 0.244
452 3 8 7 0.243
391 101 9 12 0.243
827 356 13 16 0.242
705 107 10 14 0.240
376 56 9 12 0.238
287 72 9 12 0.238
963 141 11 13 0.235
767 212 12 14 0.234
663 119 16 12 0.234
447 97 9 13 0.233
76 49 8 10 0.232
508 58 8 10 0.231
611 300 28 19 0.229
875 16 7 10 0.229
466 23 9 10 0.227
605 21 9 11 0.227
358 23 8 10 0.226
779 48 10 11 0.226
889 163 12 14 0.224
657 108 9 15 0.223
424 17 9 10 0.223
301 252 12 16 0.222
476 2 8 8 0.217
18 120 8 11 0.217
223 37 8 10 0.217
651 247 13 17 0.216
505 60 10 11 0.216
475 104 14 13 0.216
316 75 9 11 0.215
273 44 9 10 0.215
451 114 10 12 0.214
363 79 8 16 0.214
129 384 16 20 0.213
299 34 10 11 0.213
870 102 9 19 0.213
108 66 9 12 0.213
369 72 9 11 0.211
250 45 10 11 0.211
1005 96 10 14 0.210
637 304 13 18 0.210
34 312 16 19 0.208
375 27 9 11 0.207
461 355 18 24 0.207
290 55 9 11 0.207
1018 194 6 16 0.206
331 10 7 10 0.203
710 59 10 15 0.202
160 272 14 17 0.202
111 49 8 10 0.200
736 20 10 13 0.200
652 388 14 20 0.200
322 51 9 11 0.200
470 348 13 17 0.199
669 87 10 13 0.199
171 24 9 11 0.199
1 162 9 13 0.199
304 232 12 15 0.198
275 81 10 13 0.197
806 0 9 7 0.195
206 261 15 23 0.193
231 222 18 15 0.193
157 275 15 21 0.193
381 199 13 20 0.193
17 402 16 20 0.190
482 109 19 10 0.190
114 171 11 14 0.189
534 525 16 20 0.188
711 15 9 13 0.187
870 0 8 9 0.187
711 0 8 7 0.187
502 2 9 8 0.186
399 78 8 14 0.184
847 104 12 13 0.181
674 14 11 12 0.180
672 72 9 11 0.180
501 38 8 9 0.179
473 390 14 35 0.179
901 178 19 17 0.177
1003 93 10 13 0.176
590 469 18 50 0.176
692 85 12 12 0.175
497 250 12 13 0.175
739 93 10 13 0.172
396 34 10 9 0.171
591 229 13 14 0.169
165 97 10 12 0.168
742 45 9 13 0.167
896 167 13 15 0.167
294 109 10 25 0.167
521 74 11 13 0.167
666 21 10 12 0.166
518 19 15 10 0.165
365 78 9 14 0.164
836 136 11 13 0.163
661 46 9 11 0.163
501 63 10 11 0.161
182 163 18 14 0.160
149 87 10 13 0.159
996 58 11 26 0.158
261 117 9 11 0.158
304 45 14 12 0.158
471 230 9 12 0.157
425 187 11 13 0.157
491 84 19 11 0.156
364 172 10 22 0.155
611 54 8 18 0.155
350 344 17 18 0.154
254 7 9 10 0.154
327 504 27 28 0.154
673 377 17 23 0.153
672 305 16 20 0.152
708 1 10 7 0.152
393 93 9 17 0.152
83 120 10 14 0.151
965 216 16 37 0.151
625 287 12 15 0.150
683 175 12 30 0.150
355 218 15 26 0.150
843 248 15 42 0.149
726 302 13 15 0.149
504 26 9 10 0.149
116 138 9 12 0.147
783 73 8 29 0.147
209 116 14 13 0.147
812 435 16 18 0.147
1 527 12 20 0.146
917 16 9 10 0.146
51 78 8 11 0.145
599 203 12 15 0.144
46 92 8 10 0.143
312 83 9 20 0.143
436 3 9 10 0.143
740 93 11 20 0.142
220 168 10 13 0.142
783 1 11 11 0.142
815 74 12 16 0.142
54 313 35 17 0.141
260 261 13 15 0.141
208 155 9 12 0.141
924 23 9 11 0.140
449 75 10 10 0.140
782 165 11 13 0.140
402 78 9 11 0.140
326 141 9 23 0.139
547 138 10 12 0.139
757 323 14 19 0.139
896 77 9 12 0.139
933 161 11 15 0.139
498 412 11 15 0.138
816 81 8 37 0.137
409 26 11 11 0.137
749 176 13 18 0.137
0 42 8 11 0.137
282 140 21 13 0.135
340 81 10 16 0.135
802 26 11 13 0.134
598 1 10 7 0.134
464 0 8 17 0.134
328 25 7 15 0.133
170 104 9 20 0.133
966 98 10 20 0.132
316 92 15 17 0.132
447 28 18 10 0.132
199 68 9 13 0.131
724 293 14 25 0.131
141 106 10 13 0.130
426 82 8 28 0.130
226 212 11 14 0.129
93 4 7 10 0.129
71 198 11 33 0.129
230 78 9 14 0.129
264 82 22 11 0.128
64 43 12 10 0.128
634 475 32 23 0.127
374 169 11 12 0.127
336 77 10 21 0.127
245 41 9 14 0.126
514 412 15 19 0.126
254 324 15 20 0.125
813 93 10 20 0.124
289 18 8 13 0.124
88 314 12 16 0.124
124 86 9 10 0.123
328 142 10 12 0.123
177 63 10 12 0.122
212 23 8 11 0.122
670 241 25 18 0.121
252 363 13 23 0.121
329 404 13 16 0.121
505 36 15 11 0.121
741 48 9 17 0.120
803 189 12 19 0.120
81 114 11 12 0.120
861 162 9 13 0.119
45 26 7 11 0.119
787 197 16 17 0.118
961 159 12 13 0.118
263 120 29 11 0.118
171 218 12 17 0.118
903 206 11 13 0.117
112 103 12 13 0.117
567 86 10 22 0.116
869 38 7 9 0.116
849 99 11 13 0.116
223 324 11 16 0.116
784 313 17 18 0.115
160 179 10 15 0.115
710 199 12 17 0.115
247 0 9 10 0.114
243 94 13 15 0.113
542 69 9 18 0.113
717 439 16 18 0.112
547 81 11 15 0.112
298 189 15 13 0.111
310 6 9 12 0.111
422 119 15 29 0.110
670 0 9 9 0.110
342 389 15 19 0.110
484 141 11 23 0.109
787 3 8 11 0.109
926 112 9 11 0.108
845 87 10 28 0.107
468 120 12 12 0.107
240 42 13 12 0.107
441 84 21 11 0.107
350 112 13 13 0.105
0 218 8 16 0.105
617 36 9 17 0.105
396 1 8 7 0.105
437 0 8 21 0.105
288 33 8 18 0.104
479 408 23 26 0.103
576 92 18 19 0.103
299 96 20 14 0.103
866 109 11 26 0.103
269 40 12 11 0.102
411 23 7 22 0.102
461 40 9 11 0.102
548 115 10 14 0.102
784 74 9 12 0.100
1014 254 10 16 0.100
69 131 10 14 0.099
880 260 42 21 0.099
610 376 13 16 0.099
691 87 15 16 0.099
165 130 12 21 0.099
592 0 14 7 0.099
371 28 17 13 0.098
774 232 11 59 0.098
151 26 9 25 0.098
407 43 14 11 0.098
964 181 10 15 0.097
3 453 15 20 0.097
543 212 14 17 0.097
583 237 14 20 0.097
854 287 13 15 0.097
573 67 9 14 0.097
47 84 9 14 0.096
5 63 9 20 0.096
233 315 13 16 0.096
91 54 8 35 0.096
1007 57 10 17 0.096
638 203 13 63 0.095
1 350 11 15 0.095
58 24 9 11 0.095
652 382 16 18 0.095
580 328 46 20 0.095
759 328 20 18 0.094
663 270 22 18 0.094
821 108 10 48 0.093
847 288 17 17 0.093
310 191 9 26 0.093
386 243 11 17 0.093
477 461 14 18 0.092
77 50 20 13 0.092
562 8 24 11 0.092
522 71 9 28 0.092
725 45 21 11 0.091
507 131 13 14 0.091
289 11 9 11 0.091
479 55 11 15 0.090
628 7 10 20 0.090
744 237 12 33 0.090
444 377 13 16 0.090
388 72 22 11 0.090
79 125 14 14 0.089
412 131 11 58 0.089
675 49 10 13 0.089
617 86 15 14 0.088
567 474 16 26 0.088
978 39 9 11 0.087
8 314 16 15 0.087
97 144 10 13 0.086
1013 111 10 11 0.086
197 59 11 13 0.085
644 0 15 9 0.085
555 86 23 14 0.085
267 59 11 14 0.085
306 124 8 21 0.085
829 189 32 20 0.084
252 3 8 10 0.083
494 366 15 18 0.083
690 10 23 10 0.083
375 1 8 7 0.082
185 30 9 15 0.082
962 115 10 22 0.082
491 0 7 20 0.082
245 225 13 16 0.082
874 9 8 22 0.081
986 171 18 28 0.081
572 68 20 12 0.081
642 57 9 30 0.081
756 48 11 12 0.080
758 0 22 9 0.080
417 41 7 15 0.079
714 87 11 63 0.078
627 39 14 19 0.078
159 264 14 17 0.078
721 238 13 64 0.078
332 369 14 16 0.077
968 89 13 26 0.077
327 345 13 16 0.077
943 0 10 17 0.077
248 28 8 12 0.077
837 290 13 16 0.077
639 188 12 15 0.076
190 235 15 16 0.076
423 183 10 11 0.075
938 18 17 12 0.075
980 43 9 11 0.075
525 189 10 13 0.075
847 187 14 30 0.075
841 92 11 13 0.075
47 229 10 14 0.075
654 96 11 19 0.074
926 246 12 15 0.074
592 26 22 12 0.074
994 160 13 16 0.074
810 200 15 14 0.074
396 74 24 11 0.074
329 226 13 45 0.073
397 8 7 28 0.073
127 96 12 16 0.073
299 34 12 29 0.073
191 40 8 22 0.073
530 213 13 16 0.072
746 293 12 24 0.072
456 115 21 14 0.072
194 54 11 18 0.072
589 66 12 22 0.072
454 356 21 23 0.072
63 54 9 12 0.072
476 0 8 22 0.071
499 0 22 10 0.071
212 496 12 16 0.071
205 156 25 12 0.071
310 3 9 10 0.071
253 355 14 17 0.071
303 389 13 16 0.071
275 56 27 14 0.070
671 436 13 18 0.070
54 255 12 14 0.069
539 20 13 16 0.069
683 388 33 40 0.069
534 207 13 15 0.069
453 146 12 18 0.068
501 339 15 35 0.068
172 114 10 26 0.068
85 46 14 15 0.068
26 306 13 17 0.067
420 85 37 10 0.067
786 169 9 12 0.067
739 10 13 19 0.066
701 315 14 20 0.066
673 438 20 22 0.066
992 1 10 10 0.066
72 245 12 14 0.066
285 385 19 18 0.066
858 104 23 15 0.066
624 347 16 21 0.065
331 69 24 17 0.065
127 239 52 29 0.065
1015 203 8 18 0.065
779 161 16 17 0.065
969 102 17 24 0.065
905 153 12 14 0.064
174 40 9 11 0.064
543 103 11 36 0.064
898 157 14 15 0.063
13 155 16 17 0.063
889 103 16 14 0.063
364 66 12 24 0.063
713 268 15 18 0.063
1 517 12 21 0.063
163 178 11 14 0.063
703 384 16 20 0.062
637 36 10 30 0.062
456 366 63 22 0.062
274 137 10 92 0.062
540 313 13 18 0.062
569 468 14 17 0.062
799 0 19 7 0.061
646 209 12 14 0.061
14 150 16 14 0.061
1011 378 11 20 0.061
565 56 33 12 0.061
749 298 22 17 0.060
796 155 11 12 0.060
554 213 11 13 0.060
841 290 13 15 0.060
939 26 9 11 0.060
343 85 12 22 0.060
650 0 9 15 0.060
280 78 10 55 0.060
722 66 18 17 0.059
625 281 13 16 0.059
106 581 45 59 0.059
627 63 15 25 0.059
258 256 12 15 0.059
544 1 10 11 0.058
747 290 14 16 0.058
642 119 12 14 0.058
377 29 23 14 0.058
235 282 14 17 0.057
331 11 6 31 0.057
523 3 18 9 0.057
834 293 15 25 0.057
777 160 13 14 0.057
987 64 11 14 0.057
130 279 14 17 0.057
539 36 10 11 0.057
141 111 10 13 0.057
1001 97 17 29 0.056
517 0 22 21 0.056
420 389 16 19 0.056
900 153 13 14 0.056
128 101 19 12 0.056
260 134 13 15 0.056
407 0 7 18 0.055
874 220 14 16 0.055
66 112 13 12 0.055
5 61 12 16 0.055
742 287 16 18 0.055
463 21 10 35 0.055
821 191 12 73 0.055
739 305 14 17 0.055
489 99 11 54 0.054
352 243 11 14 0.054
0 83 11 21 0.054
820 296 14 17 0.053
457 347 14 15 0.053
4 316 14 18 0.052
118 307 12 15 0.052
508 161 11 17 0.052
679 90 15 19 0.052
196 237 12 16 0.051
264 148 14 16 0.051
245 46 13 14 0.051
762 297 13 16 0.051
26 315 14 20 0.051
944 96 11 14 0.050
183 23 10 11 0.050
127 303 19 18 0.050
870 29 8 20 0.050
697 71 10 16 0.050
61 316 22 18 0.050
348 144 12 20 0.050
601 0 13 24 0.050
148 90 20 14 0.050
215 113 12 14 0.049
515 34 22 12 0.049
706 289 14 24 0.049
114 173 15 20 0.049
473 72 11 34 0.048
976 75 9 20 0.048
806 206 26 95 0.048
771 110 11 22 0.048
727 52 13 27 0.048
95 5 11 14 0.048
770 222 13 18 0.048
765 0 19 24 0.047
447 93 15 37 0.047
643 0 13 18 0.047
1013 341 11 18 0.047
244 324 15 23 0.046
278 36 19 25 0.046
485 53 15 25 0.046
260 185 11 13 0.046
725 219 19 65 0.046
668 84 31 14 0.046
693 43 11 17 0.046
17 163 9 13 0.046
270 309 15 19 0.045
1003 33 10 25 0.045
4 146 11 20 0.045
583 164 11 14 0.045
353 189 11 15 0.045
21 614 21 25 0.045
700 84 23 15 0.045
79 92 11 15 0.045
798 27 12 20 0.045
173 5 10 10 0.044
641 271 13 16 0.043
899 168 18 37 0.043
185 4 8 11 0.043
422 67 29 15 0.043
567 35 26 10 0.043
799 240 13 71 0.043
614 38 14 26 0.042
132 249 13 16 0.042
1015 76 9 25 0.042
299 226 12 14 0.042
550 176 11 15 0.042
77 116 13 23 0.041
320 124 20 98 0.041
164 348 14 16 0.041
586 179 11 15 0.041
159 386 13 17 0.041
397 228 14 14 0.041
339 3 9 18 0.041
194 152 14 17 0.040
213 52 11 11 0.040
663 115 33 22 0.040
968 259 13 16 0.040
119 173 11 13 0.040
641 160 11 85 0.040
18 291 12 18 0.040
659 338 20 79 0.039
109 121 11 30 0.039
356 379 23 18 0.039
324 105 19 21 0.039
729 76 12 23 0.039
695 47 10 14 0.039
710 26 11 41 0.038
941 80 21 41 0.038
430 94 14 52 0.038
180 41 21 14 0.038
302 46 24 22 0.038
569 35 19 26 0.038
585 79 13 29 0.038
195 72 10 20 0.038
256 33 17 14 0.038
795 127 11 65 0.037
87 73 18 24 0.037
396 0 9 28 0.037
822 129 11 25 0.037
892 285 15 19 0.037
405 157 16 16 0.037
462 57 11 18 0.037
629 20 17 32 0.037
301 138 9 16 0.037
438 220 11 16 0.036
0 410 9 16 0.036
822 151 12 13 0.036
623 189 20 15 0.036
489 35 24 14 0.036
472 367 29 75 0.036
391 1 16 7 0.036
575 0 18 7 0.036
964 133 11 15 0.036
771 102 17 48 0.035
406 3 10 7 0.035
82 179 15 15 0.035
316 472 16 22 0.035
282 386 14 16 0.035
0 225 7 12 0.035
450 0 13 25 0.035
288 8 20 11 0.035
250 305 13 16 0.035
586 164 11 12 0.034
666 361 15 19 0.034
83 127 12 20 0.034
154 518 15 19 0.034
444 18 20 21 0.034
140 87 17 28 0.034
216 323 18 25 0.034
732 143 10 135 0.034
380 161 14 15 0.034
68 110 10 31 0.033
641 312 14 19 0.033
871 211 22 64 0.033
246 348 15 18 0.033
581 166 10 18 0.033
109 92 11 48 0.033
116 325 13 17 0.033
296 71 14 24 0.033
274 305 12 16 0.033
1011 60 10 25 0.033
414 93 16 16 0.033
847 112 13 16 0.032
489 86 14 37 0.032
989 116 10 15 0.032
500 247 12 109 0.032
745 152 13 13 0.032
501 236 13 28 0.032
758 95 10 86 0.032
990 104 10 121 0.032
131 196 10 12 0.032
500 362 14 19 0.032
321 186 12 126 0.032
481 39 20 23 0.031
165 335 13 23 0.031
914 85 9 12 0.031
949 21 16 14 0.031
244 137 17 14 0.031
413 219 18 24 0.031
842 268 21 52 0.031
322 254 14 16 0.031
7 75 15 20 0.031
363 0 8 27 0.031
741 124 10 16 0.030
924 345 15 24 0.030
609 494 17 21 0.030
60 175 11 13 0.030
129 240 13 14 0.030
586 1 16 25 0.030
617 173 19 41 0.030
79 30 13 18 0.030
10 44 9 14 0.030
677 281 21 17 0.030
868 17 12 13 0.030
609 224 16 59 0.030
724 258 28 70 0.030
817 37 9 122 0.029
737 277 14 18 0.029
419 188 12 15 0.029
656 340 14 18 0.029
189 88 10 18 0.029
99 262 13 17 0.029
295 122 14 92 0.029
301 273 13 18 0.029
431 194 12 19 0.029
778 286 13 23 0.028
67 650 15 20 0.028
406 332 11 15 0.028
621 178 10 17 0.028
40 268 32 63 0.028
525 363 14 15 0.028
1 130 11 16 0.028
908 458 14 18 0.028
779 201 12 15 0.028
655 406 12 17 0.028
913 127 9 12 0.028
235 46 9 25 0.027
42 62 10 13 0.027
155 383 14 18 0.027
629 154 11 14 0.027
787 78 23 19 0.027
243 95 9 115 0.027
713 261 14 18 0.027
950 66 9 12 0.027
897 286 17 17 0.027
0 365 8 17 0.027
312 75 28 25 0.027
394 53 16 18 0.027
284 426 15 18 0.026
362 5 12 7 0.026
710 156 11 21 0.026
392 86 10 92 0.026
649 42 9 72 0.026
879 77 27 73 0.026
201 124 19 20 0.026
180 299 13 18 0.026
475 130 12 18 0.025
354 455 16 29 0.025
484 7 16 28 0.025
38 132 12 17 0.025
873 16 11 15 0.025
737 123 12 13 0.025
162 232 13 16 0.025
74 150 36 39 0.025
539 75 19 49 0.025
773 171 13 15 0.025
353 18 22 38 0.024
632 130 11 12 0.024
835 1 12 11 0.024
834 250 15 18 0.024
380 42 22 42 0.024
15 120 12 19 0.024
375 101 12 24 0.023
811 273 11 15 0.023
612 123 10 13 0.023
735 219 13 20 0.023
737 0 23 7 0.023
923 2 20 8 0.023
744 35 9 134 0.023
207 347 15 20 0.023
539 137 15 12 0.023
605 286 14 17 0.023
89 51 15 36 0.023
159 150 9 13 0.023
147 53 11 28 0.023
751 411 17 21 0.022
852 168 16 14 0.022
925 358 13 17 0.022
424 385 19 21 0.022
956 16 14 19 0.022
916 1 19 25 0.022
99 192 11 14 0.022
147 283 18 16 0.022
363 349 14 15 0.022
168 149 13 19 0.022
309 197 15 11 0.022
714 146 12 16 0.022
952 293 58 51 0.022
371 142 15 16 0.022
459 54 8 24 0.021
669 0 12 60 0.021
166 89 11 17 0.021
900 248 11 18 0.021
956 118 11 14 0.021
928 114 10 11 0.021
380 219 15 17 0.021
945 365 16 19 0.021
151 14 10 51 0.021
252 226 11 14 0.021
581 223 11 23 0.021
30 258 18 15 0.021
150 61 9 22 0.021
177 304 13 18 0.021
480 241 11 14 0.021
118 135 12 15 0.021
719 219 16 17 0.021
660 170 10 13 0.021
979 55 11 22 0.020
700 360 15 20 0.020
646 176 20 14 0.020
934 225 14 19 0.020
800 42 11 17 0.020
186 210 12 29 0.020
480 144 10 26 0.020
929 155 13 12 0.020
444 161 11 15 0.020
306 273 19 22 0.020
224 84 23 89 0.020
