2_Demonstration_Political_Rally_2_329
153
138 344 63 71 0.874
482 311 83 104 0.865
931 282 64 77 0.854
123 230 52 63 0.847
308 311 69 83 0.845
269 198 40 47 0.844
866 333 64 78 0.833
465 242 37 41 0.827
694 325 46 52 0.825
926 211 32 38 0.819
196 193 39 44 0.809
743 396 98 123 0.808
832 180 30 35 0.800
649 232 39 50 0.798
0 193 32 43 0.797
130 177 30 34 0.794
800 206 42 49 0.792
771 176 26 31 0.783
849 223 29 39 0.780
616 209 27 35 0.779
879 161 29 37 0.776
499 144 19 20 0.715
478 135 17 21 0.700
61 169 17 23 0.697
667 191 27 30 0.690
566 145 15 19 0.674
421 197 22 31 0.672
328 178 32 34 0.670
303 183 24 31 0.643
768 129 12 14 0.641
972 228 29 34 0.634
843 129 16 18 0.629
958 193 21 25 0.617
57 206 25 41 0.616
782 118 11 13 0.613
949 143 13 16 0.575
540 149 21 25 0.566
24 147 18 20 0.560
999 138 11 14 0.559
742 131 11 14 0.559
903 144 13 16 0.558
70 150 14 18 0.549
864 137 11 14 0.532
464 146 14 20 0.529
50 133 11 15 0.522
69 133 11 14 0.521
968 145 13 16 0.521
1012 149 11 15 0.503
1010 244 14 44 0.457
112 153 11 17 0.452
804 134 10 13 0.432
605 125 9 11 0.396
919 148 11 13 0.393
936 137 11 13 0.389
611 156 15 17 0.344
7 118 9 14 0.330
699 194 23 25 0.330
557 126 10 12 0.308
1000 171 14 18 0.300
987 221 22 30 0.297
110 129 12 14 0.263
463 136 10 13 0.255
785 138 14 15 0.205
361 179 18 20 0.195
27 111 8 10 0.184
747 125 11 13 0.184
817 124 10 14 0.181
55 132 24 15 0.177
906 125 11 13 0.175
975 132 11 11 0.175
587 129 10 10 0.161
133 108 11 14 0.161
532 125 10 12 0.159
951 143 24 17 0.158
513 118 9 11 0.142
585 114 8 10 0.140
24 122 9 11 0.127
986 129 12 12 0.124
982 139 30 14 0.121
552 125 14 15 0.117
15 135 10 13 0.109
27 111 8 21 0.108
574 226 33 35 0.105
779 146 16 18 0.099
705 190 22 25 0.094
82 150 16 19 0.093
170 214 26 38 0.092
751 121 10 13 0.088
462 137 13 19 0.085
615 122 10 12 0.085
538 124 11 14 0.084
8 121 12 18 0.084
990 127 11 12 0.079
782 138 29 14 0.077
576 120 14 9 0.067
867 141 15 17 0.067
653 135 8 10 0.066
70 119 15 52 0.065
487 162 14 15 0.065
802 147 14 16 0.065
473 158 13 16 0.064
41 109 9 11 0.064
1012 118 10 13 0.062
497 125 12 13 0.061
1 80 8 12 0.061
5 105 8 12 0.057
137 144 16 21 0.055
940 177 17 22 0.054
486 119 10 11 0.054
684 191 35 26 0.054
782 283 39 45 0.053
561 124 14 12 0.052
91 120 11 13 0.051
529 127 30 10 0.050
999 182 15 20 0.050
6 104 9 20 0.050
466 151 15 20 0.049
791 148 25 17 0.047
569 126 30 9 0.047
777 150 15 17 0.046
1003 120 14 81 0.045
796 134 19 32 0.042
1006 158 13 21 0.042
523 146 11 15 0.041
245 190 17 20 0.041
747 156 12 15 0.038
892 79 14 18 0.038
109 152 19 23 0.038
539 145 17 22 0.037
530 116 10 21 0.034
86 146 14 20 0.033
611 147 13 17 0.031
130 149 22 22 0.031
511 250 31 39 0.030
462 132 8 12 0.028
866 165 21 30 0.027
997 168 20 27 0.027
646 130 11 12 0.027
742 132 14 40 0.027
797 174 18 22 0.027
109 106 24 57 0.027
175 227 26 37 0.026
696 130 9 13 0.026
536 113 8 10 0.026
1016 232 8 25 0.025
694 134 11 14 0.024
35 105 16 27 0.024
10 137 11 15 0.022
618 124 11 12 0.022
522 123 22 16 0.021
143 140 11 15 0.021
899 140 20 26 0.020
42 111 12 19 0.020
