2_Demonstration_Demonstrators_2_499
32
260 357 23 28 0.797
814 348 20 28 0.779
634 363 20 24 0.772
455 363 20 24 0.761
602 363 21 24 0.761
759 341 27 28 0.759
978 320 39 52 0.735
362 364 20 24 0.724
552 359 18 22 0.706
831 325 22 33 0.660
424 361 18 24 0.656
907 352 26 41 0.641
485 383 16 19 0.637
697 378 17 22 0.626
516 387 18 21 0.590
960 343 23 32 0.578
655 370 13 19 0.523
712 378 15 19 0.246
964 338 30 37 0.133
525 367 14 17 0.122
418 361 19 26 0.076
220 368 21 27 0.070
734 354 10 11 0.036
359 358 20 25 0.036
731 351 23 15 0.031
579 371 12 18 0.029
692 359 13 16 0.026
521 369 15 18 0.026
585 372 13 18 0.024
417 373 16 20 0.024
849 325 20 26 0.023
752 344 27 29 0.021
