2_Demonstration_Political_Rally_2_641
25
429 178 51 68 0.863
8 145 45 58 0.848
117 128 50 66 0.842
572 156 55 74 0.835
202 134 43 50 0.791
515 156 48 67 0.767
722 157 41 72 0.729
294 136 44 62 0.715
991 213 30 59 0.714
904 147 31 47 0.704
646 154 38 63 0.690
819 155 33 49 0.638
943 176 31 42 0.604
598 139 43 61 0.512
850 135 24 47 0.475
0 185 17 52 0.287
390 167 43 57 0.154
800 166 32 53 0.133
166 146 27 38 0.108
340 224 37 58 0.088
398 177 45 60 0.033
453 157 34 46 0.033
935 167 29 46 0.031
0 207 10 35 0.029
0 180 13 45 0.022
