2_Demonstration_Political_Rally_2_695
271
765 551 58 80 0.838
327 474 40 46 0.811
963 644 60 39 0.808
587 365 29 42 0.805
315 533 42 45 0.797
405 373 35 43 0.795
11 432 42 48 0.793
498 374 33 42 0.790
17 268 27 30 0.789
45 239 27 31 0.785
438 345 32 37 0.779
1 383 35 39 0.749
806 225 23 30 0.739
169 437 32 45 0.717
423 468 37 46 0.711
191 225 22 26 0.709
106 360 34 41 0.709
169 211 20 26 0.704
103 233 20 26 0.684
686 184 20 23 0.679
1 17 18 22 0.670
57 130 18 23 0.663
402 295 32 39 0.656
298 428 37 39 0.654
363 422 33 41 0.647
684 147 17 21 0.646
657 206 20 26 0.640
134 393 41 46 0.619
22 124 16 18 0.614
964 92 15 18 0.598
60 57 16 18 0.597
1008 102 14 18 0.576
141 127 15 19 0.573
17 227 19 25 0.567
808 175 18 23 0.552
705 197 17 23 0.536
794 192 19 23 0.528
62 223 20 23 0.528
229 345 29 43 0.520
528 450 35 39 0.513
398 526 36 41 0.506
191 142 16 20 0.506
879 357 25 33 0.485
196 458 40 47 0.467
158 254 26 27 0.465
472 93 13 16 0.462
0 494 19 56 0.448
879 477 35 44 0.446
214 318 29 34 0.438
816 293 24 32 0.429
266 158 18 21 0.387
210 265 21 27 0.369
586 183 16 22 0.333
349 313 33 43 0.321
639 170 16 23 0.313
67 462 36 46 0.310
608 581 42 57 0.304
268 249 20 25 0.292
696 235 25 32 0.290
813 269 23 29 0.281
625 152 17 22 0.279
238 100 12 14 0.274
216 132 15 17 0.273
503 474 28 32 0.264
87 141 18 20 0.262
957 127 16 18 0.238
856 177 18 22 0.233
481 343 23 32 0.228
679 278 22 30 0.223
284 406 29 38 0.219
675 478 45 52 0.212
757 513 30 42 0.208
121 119 14 17 0.201
185 450 38 45 0.186
258 145 16 18 0.171
609 202 19 23 0.167
470 46 10 11 0.164
771 133 15 17 0.157
132 110 14 15 0.155
490 604 37 54 0.150
641 186 17 22 0.150
106 127 13 17 0.142
737 311 30 36 0.142
331 0 11 11 0.141
263 147 18 25 0.134
285 194 16 21 0.127
0 201 10 21 0.117
415 48 9 10 0.114
241 95 14 17 0.113
575 156 14 18 0.110
251 187 23 21 0.105
464 84 10 13 0.103
114 88 15 20 0.102
452 72 9 10 0.100
759 515 42 55 0.099
854 260 20 24 0.099
325 260 27 34 0.099
859 180 21 24 0.097
384 2 8 8 0.095
975 118 16 18 0.094
199 114 11 13 0.091
251 89 11 13 0.091
595 504 52 59 0.090
528 463 36 44 0.090
702 325 26 33 0.089
300 326 30 31 0.089
176 559 43 60 0.087
696 191 18 23 0.087
263 142 16 20 0.085
114 118 20 21 0.082
717 284 25 27 0.081
584 171 16 21 0.081
805 485 31 34 0.080
777 134 17 19 0.080
770 171 15 20 0.079
238 353 44 53 0.078
88 219 16 20 0.077
828 221 21 28 0.074
293 254 21 25 0.073
106 274 24 35 0.071
575 159 19 23 0.071
252 194 22 27 0.069
79 364 30 36 0.068
466 14 9 9 0.067
252 364 35 50 0.066
340 5 10 9 0.066
410 0 7 7 0.065
246 92 13 14 0.065
727 114 15 16 0.065
69 224 18 22 0.064
581 132 15 18 0.064
129 663 43 20 0.064
616 155 23 21 0.063
454 419 30 37 0.063
150 299 27 32 0.062
650 124 14 18 0.061
142 270 20 29 0.061
179 582 44 50 0.060
682 257 30 53 0.059
204 470 37 42 0.059
255 207 17 22 0.058
400 0 6 5 0.057
700 285 27 27 0.056
1015 77 9 16 0.056
428 648 33 35 0.056
404 22 9 13 0.056
166 553 35 51 0.055
142 401 44 44 0.054
867 477 37 46 0.054
53 124 19 25 0.053
791 445 29 37 0.053
709 286 25 29 0.053
275 394 32 36 0.052
484 338 34 69 0.049
878 198 19 27 0.049
463 42 11 12 0.049
685 134 18 30 0.049
605 199 32 28 0.049
965 99 24 42 0.048
133 202 24 24 0.048
575 146 15 33 0.047
498 496 34 41 0.047
197 111 14 28 0.047
441 25 9 10 0.046
255 134 20 24 0.046
22 599 42 41 0.046
851 344 27 34 0.045
140 262 29 32 0.045
415 557 43 47 0.045
318 323 41 37 0.044
133 128 19 20 0.043
86 212 17 20 0.043
81 135 18 22 0.042
472 63 9 12 0.042
608 159 15 18 0.042
424 8 8 11 0.042
822 291 31 36 0.042
698 109 14 16 0.042
548 149 14 16 0.041
413 41 9 19 0.041
274 241 21 27 0.040
402 15 8 15 0.040
492 575 43 70 0.039
608 125 13 17 0.039
611 128 12 15 0.039
342 399 32 44 0.039
333 392 35 43 0.039
623 197 18 22 0.038
169 116 11 14 0.037
143 306 26 28 0.037
109 124 18 18 0.037
219 349 31 44 0.037
120 99 15 19 0.037
276 287 21 30 0.036
88 341 30 40 0.036
715 166 15 20 0.035
397 0 20 6 0.035
44 34 13 19 0.035
694 121 16 23 0.035
668 126 13 20 0.035
644 129 15 18 0.035
871 189 18 27 0.034
665 177 15 19 0.034
2 476 23 56 0.034
176 116 11 13 0.034
560 6 9 10 0.034
112 69 12 21 0.033
165 601 49 58 0.033
887 355 23 34 0.033
312 328 32 32 0.032
732 112 12 16 0.032
441 47 10 17 0.032
75 217 19 23 0.032
483 601 29 53 0.031
224 212 22 26 0.031
405 541 39 43 0.031
607 592 52 70 0.031
245 129 15 18 0.031
793 223 18 24 0.031
274 250 44 30 0.030
245 211 22 25 0.030
146 199 16 20 0.030
582 159 19 25 0.030
299 326 20 24 0.029
129 400 32 39 0.029
587 515 50 60 0.028
766 245 20 25 0.028
349 410 29 38 0.028
3 589 26 38 0.027
112 83 16 19 0.027
109 258 22 27 0.027
77 126 15 20 0.026
300 601 42 52 0.026
243 124 14 19 0.026
848 392 29 40 0.026
204 2 10 10 0.026
441 22 8 21 0.025
606 491 48 56 0.025
296 4 9 8 0.024
820 283 26 38 0.024
981 111 18 23 0.024
570 318 23 25 0.024
484 357 26 33 0.024
580 127 22 34 0.024
403 25 10 14 0.023
464 292 23 24 0.023
579 150 16 19 0.023
667 147 15 19 0.023
728 312 29 36 0.023
455 76 11 12 0.022
790 216 21 26 0.022
809 6 60 53 0.022
881 249 18 27 0.022
685 472 45 46 0.022
665 206 20 24 0.021
181 38 11 12 0.021
439 53 13 13 0.021
473 21 9 11 0.021
681 133 15 26 0.021
40 136 17 21 0.021
383 335 30 40 0.021
251 143 17 18 0.021
223 210 50 28 0.021
170 252 23 29 0.020
759 101 11 12 0.020
724 118 16 18 0.020
427 459 39 43 0.020
833 291 32 36 0.020
51 118 15 19 0.020
483 54 8 11 0.020
239 123 13 16 0.020
