2_Demonstration_Demonstration_Or_Protest_2_117
152
698 450 33 44 0.827
936 471 32 41 0.819
16 525 25 32 0.819
661 414 28 38 0.796
515 436 27 36 0.792
371 419 26 34 0.792
282 438 24 32 0.785
610 457 29 36 0.785
802 456 32 34 0.777
912 609 34 44 0.771
627 410 23 28 0.769
597 430 24 33 0.768
439 427 25 30 0.766
226 414 24 29 0.764
62 413 21 28 0.755
165 419 22 26 0.751
971 431 26 34 0.740
781 528 28 31 0.722
173 387 19 23 0.708
130 428 20 26 0.702
372 366 15 19 0.701
992 265 17 21 0.689
23 416 19 25 0.685
277 335 12 15 0.675
363 345 13 16 0.626
185 340 14 18 0.624
199 364 15 18 0.624
435 331 10 13 0.616
432 403 20 26 0.614
782 309 10 13 0.570
407 355 16 20 0.557
137 345 13 16 0.540
883 494 32 39 0.535
344 331 13 16 0.481
36 308 10 13 0.428
337 406 20 26 0.425
750 279 9 11 0.389
381 332 11 14 0.368
295 351 15 18 0.363
45 239 13 15 0.349
495 327 13 14 0.342
529 379 16 23 0.320
669 314 9 10 0.316
828 291 8 9 0.306
420 333 10 12 0.305
61 329 14 17 0.299
611 311 9 12 0.291
225 358 15 18 0.272
811 291 8 9 0.272
779 294 9 11 0.267
173 329 11 13 0.259
1 404 14 19 0.250
490 358 11 16 0.243
768 311 9 12 0.221
729 395 16 19 0.210
532 374 20 25 0.201
684 323 9 11 0.195
714 371 18 21 0.191
600 301 8 10 0.177
446 348 13 15 0.171
668 330 10 13 0.170
684 301 9 10 0.169
380 396 17 23 0.161
482 333 11 14 0.157
156 347 11 15 0.143
758 298 9 11 0.142
405 363 17 20 0.141
167 340 41 19 0.139
820 260 7 9 0.137
784 305 12 15 0.128
187 328 16 19 0.127
491 324 12 16 0.127
79 384 15 22 0.124
443 351 13 14 0.111
599 303 9 11 0.109
467 312 9 10 0.109
95 309 10 12 0.101
486 329 13 18 0.100
791 293 10 14 0.097
651 317 11 10 0.094
773 311 17 12 0.088
684 328 10 14 0.078
119 385 19 24 0.078
715 366 20 39 0.077
188 326 13 15 0.074
481 432 21 26 0.073
539 373 18 22 0.073
680 321 12 20 0.071
173 326 25 26 0.071
49 404 15 18 0.070
534 397 21 29 0.069
177 326 15 15 0.069
700 300 7 8 0.067
106 320 9 12 0.064
489 363 12 16 0.061
189 346 16 23 0.061
81 393 16 24 0.060
289 349 17 18 0.059
156 338 11 15 0.059
130 354 14 19 0.058
721 396 17 20 0.058
647 328 9 12 0.057
642 308 9 10 0.055
713 317 8 10 0.051
58 103 11 13 0.050
683 300 17 9 0.049
649 312 9 23 0.049
681 333 10 11 0.047
653 392 15 18 0.046
896 491 25 37 0.044
712 330 8 11 0.044
530 373 15 20 0.044
143 369 15 20 0.042
202 328 12 14 0.042
0 450 11 26 0.040
791 286 13 10 0.040
96 311 14 16 0.040
828 280 7 21 0.040
502 327 10 14 0.039
412 311 9 18 0.038
82 399 18 25 0.037
533 407 20 25 0.037
712 315 8 18 0.037
469 312 9 15 0.036
436 416 25 32 0.035
230 212 10 12 0.034
640 307 8 11 0.034
727 379 17 23 0.033
335 398 16 24 0.033
836 472 28 31 0.032
828 288 11 14 0.031
775 275 9 26 0.028
491 313 10 12 0.028
666 320 18 27 0.028
595 298 29 22 0.028
146 375 13 18 0.027
716 399 18 24 0.027
508 318 10 12 0.026
599 301 13 16 0.026
504 303 9 11 0.026
651 312 16 15 0.025
650 325 18 17 0.024
671 288 8 9 0.024
414 305 9 12 0.023
453 349 13 16 0.023
406 319 10 14 0.023
502 304 9 13 0.023
772 276 10 11 0.022
816 300 12 16 0.022
483 438 22 26 0.021
414 364 16 20 0.020
205 200 7 10 0.020
