2_Demonstration_Political_Rally_2_410
124
635 447 93 116 0.872
4 527 61 75 0.861
467 454 38 42 0.858
856 415 39 52 0.853
249 500 74 87 0.847
504 490 39 50 0.829
352 430 43 47 0.816
728 474 49 59 0.814
561 514 41 67 0.800
181 494 50 57 0.768
509 426 18 23 0.744
6 413 35 38 0.717
116 424 19 23 0.712
808 446 21 26 0.704
930 446 32 38 0.691
832 427 16 22 0.673
606 434 19 23 0.630
152 413 14 17 0.610
330 420 8 10 0.556
178 410 10 13 0.463
1012 550 12 57 0.448
404 419 14 17 0.419
207 413 15 18 0.418
956 441 23 26 0.410
956 428 17 18 0.407
287 416 10 12 0.385
532 418 10 13 0.384
100 396 10 14 0.379
149 395 9 11 0.372
955 431 21 24 0.363
121 399 13 14 0.355
545 417 9 11 0.283
217 411 14 16 0.266
564 420 13 19 0.264
65 411 15 17 0.249
743 415 19 20 0.249
55 407 11 14 0.241
251 413 12 14 0.225
288 436 16 19 0.219
91 431 15 19 0.197
1009 412 8 10 0.194
1007 426 10 13 0.170
437 405 11 14 0.154
391 415 10 13 0.154
608 418 18 18 0.140
533 419 22 11 0.137
459 418 10 13 0.132
995 426 12 14 0.130
108 487 25 29 0.128
154 411 19 16 0.126
55 407 22 19 0.114
539 416 12 17 0.109
998 426 19 13 0.106
1002 421 10 17 0.094
322 425 11 15 0.091
222 407 12 14 0.087
430 425 9 11 0.086
256 419 15 17 0.085
126 499 23 27 0.080
319 430 10 11 0.073
96 398 38 15 0.069
394 416 19 18 0.067
915 414 8 9 0.066
264 431 17 19 0.066
960 426 21 18 0.063
936 430 14 15 0.058
319 459 14 16 0.058
49 382 11 12 0.057
564 427 16 21 0.052
1 398 36 44 0.051
804 451 20 31 0.051
200 413 19 18 0.049
558 422 13 14 0.048
116 493 27 27 0.046
459 420 16 18 0.046
266 401 8 9 0.046
353 386 7 9 0.046
268 401 10 20 0.045
285 415 13 31 0.045
551 413 11 12 0.045
982 416 10 13 0.044
260 433 35 20 0.042
178 396 8 10 0.042
67 396 10 16 0.042
258 435 20 20 0.041
81 414 11 16 0.041
530 416 10 12 0.040
216 417 16 15 0.039
266 414 14 15 0.038
896 451 18 27 0.038
236 411 34 22 0.037
218 408 22 16 0.037
468 422 13 15 0.036
492 406 8 9 0.036
180 421 12 16 0.035
41 412 20 25 0.034
59 407 22 26 0.034
292 415 10 10 0.034
320 432 11 18 0.034
396 413 13 14 0.032
162 396 20 10 0.031
801 470 17 27 0.030
68 400 16 22 0.030
1014 442 10 18 0.030
0 392 19 33 0.029
204 410 22 25 0.029
429 404 14 14 0.029
300 414 11 16 0.028
1017 447 7 18 0.028
80 419 15 17 0.028
934 429 23 22 0.027
151 393 12 14 0.027
994 431 15 18 0.026
143 394 14 13 0.026
186 406 22 15 0.024
438 402 10 13 0.024
984 414 10 11 0.023
229 431 12 15 0.023
120 417 19 26 0.022
751 414 15 16 0.022
457 424 12 16 0.021
92 388 8 10 0.021
929 431 23 29 0.021
259 399 11 10 0.020
