2_Demonstration_Demonstrators_2_28
202
660 608 52 60 0.841
177 516 43 50 0.823
845 514 41 51 0.818
39 393 30 38 0.814
979 480 26 36 0.803
596 503 36 46 0.795
85 477 37 48 0.794
171 380 27 33 0.793
35 547 44 55 0.792
387 430 25 31 0.790
514 443 29 38 0.785
603 385 23 29 0.785
457 395 23 33 0.784
328 443 26 34 0.781
262 452 23 28 0.780
250 396 22 29 0.774
754 431 24 32 0.772
331 513 33 40 0.760
493 563 33 52 0.755
491 387 20 31 0.752
185 607 44 59 0.751
367 381 19 24 0.735
297 427 21 28 0.732
36 361 25 28 0.728
262 361 20 26 0.716
64 353 20 24 0.706
891 439 26 39 0.706
672 378 16 24 0.695
684 450 22 26 0.692
647 367 15 20 0.674
216 370 16 18 0.665
548 363 15 22 0.654
240 341 13 17 0.639
587 364 16 20 0.630
1006 443 18 35 0.630
621 362 12 18 0.625
137 417 22 31 0.611
286 371 19 23 0.611
194 354 11 15 0.607
421 351 17 21 0.604
839 388 14 19 0.600
805 389 16 20 0.589
868 400 21 27 0.574
770 352 12 17 0.557
763 352 16 19 0.536
700 584 33 45 0.523
457 346 12 14 0.510
526 343 9 12 0.507
215 336 13 17 0.506
761 402 16 23 0.506
758 353 13 18 0.491
571 343 11 15 0.490
442 371 17 26 0.475
714 357 11 13 0.475
589 321 8 10 0.467
716 401 16 19 0.466
564 320 9 11 0.461
0 363 13 22 0.457
477 367 18 21 0.443
619 320 9 11 0.437
153 364 20 27 0.426
908 421 21 28 0.417
797 332 7 10 0.416
994 341 9 10 0.416
568 394 16 23 0.384
439 463 22 29 0.371
700 357 12 16 0.358
139 369 18 24 0.358
805 359 13 15 0.352
640 325 9 10 0.346
438 495 27 35 0.325
816 358 10 13 0.289
499 366 13 16 0.282
811 329 8 9 0.267
482 362 17 21 0.263
171 329 9 12 0.252
230 321 7 9 0.238
278 346 11 13 0.237
670 351 11 12 0.220
471 320 10 11 0.214
665 334 10 11 0.213
14 347 14 17 0.212
659 329 7 9 0.212
1003 357 10 13 0.209
887 363 11 13 0.208
240 484 25 40 0.203
331 341 13 14 0.196
562 370 15 18 0.189
323 313 9 9 0.186
832 329 9 9 0.174
969 369 9 13 0.169
939 402 17 23 0.169
810 357 13 15 0.166
878 399 18 25 0.165
641 345 11 11 0.160
866 323 7 8 0.160
703 356 26 15 0.160
491 377 20 29 0.147
0 380 16 29 0.144
466 369 15 19 0.144
606 347 9 11 0.143
845 328 6 8 0.142
100 359 19 24 0.140
432 374 15 24 0.131
805 330 16 9 0.129
639 349 10 19 0.129
172 344 10 14 0.122
835 367 10 15 0.121
554 367 20 21 0.116
428 311 8 10 0.116
196 385 15 22 0.111
172 352 10 13 0.110
811 332 8 9 0.106
905 364 13 17 0.106
459 371 17 19 0.105
648 342 9 12 0.101
925 387 14 18 0.099
902 357 11 15 0.095
831 333 9 10 0.094
669 335 8 10 0.091
658 332 15 12 0.087
667 329 8 28 0.087
694 362 15 18 0.086
325 315 8 9 0.083
860 444 28 38 0.083
687 376 13 20 0.080
0 426 17 36 0.079
972 351 8 11 0.077
836 379 14 21 0.076
596 351 14 18 0.075
407 378 13 18 0.073
462 521 27 40 0.070
433 342 15 14 0.070
150 355 17 26 0.068
173 334 8 30 0.066
551 419 19 26 0.064
996 342 11 17 0.064
864 321 9 13 0.063
511 355 13 13 0.062
61 342 14 15 0.061
963 369 12 14 0.059
960 296 11 15 0.055
181 354 26 15 0.054
148 355 14 16 0.052
1004 379 12 16 0.050
211 331 14 15 0.050
88 332 9 13 0.050
297 404 16 20 0.049
290 348 11 12 0.048
441 344 25 16 0.048
784 374 13 16 0.048
884 363 32 16 0.047
811 332 24 9 0.047
669 342 12 27 0.046
591 352 14 13 0.044
214 313 13 104 0.044
104 353 25 18 0.044
998 344 12 23 0.043
267 394 17 23 0.043
926 339 12 14 0.043
122 353 13 15 0.043
105 351 13 15 0.040
45 359 22 25 0.039
277 404 18 22 0.038
480 358 15 20 0.038
884 401 14 19 0.038
390 366 14 16 0.035
1009 413 14 27 0.034
970 349 9 19 0.034
290 351 12 18 0.033
739 374 14 20 0.033
366 511 21 33 0.032
754 353 13 17 0.031
283 409 15 20 0.031
901 349 9 16 0.030
116 349 14 16 0.030
260 349 17 25 0.029
175 357 12 13 0.029
338 360 19 22 0.029
619 644 38 66 0.029
472 318 8 9 0.028
882 366 10 13 0.028
922 392 14 22 0.027
825 329 8 8 0.027
950 365 17 19 0.026
12 344 12 16 0.026
715 586 22 38 0.025
834 343 17 86 0.024
126 351 13 15 0.024
292 409 20 29 0.024
702 331 7 8 0.024
837 357 9 13 0.023
274 394 18 23 0.023
86 330 15 17 0.023
150 376 22 32 0.023
411 364 11 24 0.022
860 402 18 26 0.022
680 413 17 21 0.021
471 492 21 35 0.021
894 427 27 40 0.021
500 351 9 11 0.021
294 400 16 21 0.020
