2_Demonstration_Demonstrators_2_713
70
364 387 25 36 0.723
560 345 21 30 0.711
103 381 43 67 0.703
397 311 24 28 0.614
299 314 16 19 0.609
518 333 23 36 0.447
859 311 18 22 0.407
933 276 17 23 0.267
373 244 7 9 0.198
497 379 23 37 0.176
706 328 20 27 0.170
207 292 10 12 0.154
326 240 10 14 0.116
84 288 12 15 0.106
196 253 10 12 0.104
189 279 10 14 0.100
217 261 11 14 0.100
468 376 24 27 0.086
524 256 10 12 0.085
247 267 9 11 0.084
419 282 10 14 0.078
267 241 8 9 0.072
285 259 9 12 0.071
94 233 9 10 0.069
479 309 16 23 0.068
156 236 11 13 0.064
484 282 8 11 0.061
441 302 10 13 0.061
260 286 9 9 0.056
188 312 11 14 0.056
75 310 9 12 0.054
145 258 11 14 0.053
214 276 10 14 0.051
186 324 13 20 0.051
216 265 10 15 0.050
350 243 9 11 0.048
576 285 8 9 0.047
37 318 21 26 0.046
110 232 8 12 0.046
276 338 16 22 0.046
302 306 15 20 0.043
50 236 11 13 0.042
339 297 17 21 0.041
108 234 8 11 0.040
492 367 25 33 0.038
529 322 22 30 0.036
206 280 13 30 0.033
477 317 20 34 0.032
420 284 14 13 0.032
700 336 24 27 0.031
872 341 15 19 0.031
429 258 8 11 0.029
198 287 14 13 0.029
406 290 18 43 0.027
475 373 28 33 0.026
540 314 28 31 0.025
869 322 16 39 0.024
482 257 9 10 0.024
244 267 17 12 0.024
466 246 8 11 0.023
556 314 17 19 0.021
492 244 11 12 0.021
151 240 14 23 0.021
414 302 20 22 0.021
443 373 24 30 0.020
460 263 11 13 0.020
393 376 22 30 0.020
573 267 9 11 0.020
482 364 29 33 0.020
281 256 15 15 0.020
