2_Demonstration_Political_Rally_2_135
31
152 550 67 94 0.799
938 640 71 85 0.772
525 440 88 104 0.736
49 677 54 73 0.438
59 316 34 39 0.340
318 731 33 51 0.154
505 321 114 90 0.147
1 1036 26 39 0.137
142 277 28 37 0.131
0 650 28 56 0.119
142 270 26 30 0.107
336 682 17 24 0.070
39 696 47 74 0.046
941 613 57 75 0.046
22 1043 23 31 0.044
374 660 14 16 0.039
391 312 133 86 0.036
328 673 23 83 0.030
0 698 18 50 0.030
0 670 21 77 0.030
827 785 16 18 0.029
247 94 24 40 0.028
203 649 50 63 0.027
414 765 27 37 0.025
909 909 18 19 0.025
328 687 25 29 0.024
414 649 14 18 0.024
72 677 41 56 0.024
861 793 16 19 0.021
5 636 22 34 0.020
141 920 28 36 0.020
