2_Demonstration_Demonstration_Or_Protest_2_368
73
737 218 29 36 0.812
644 229 18 24 0.762
608 238 24 28 0.723
374 222 16 22 0.711
300 234 14 18 0.685
881 240 21 32 0.674
34 248 14 19 0.643
5 217 16 19 0.586
519 219 17 20 0.558
427 228 13 15 0.550
979 259 18 23 0.535
724 238 13 18 0.504
458 234 14 20 0.499
149 218 12 14 0.456
53 209 11 14 0.415
956 277 14 19 0.389
87 214 9 12 0.372
775 245 12 14 0.372
175 241 14 17 0.365
72 233 10 12 0.362
827 239 13 16 0.351
572 221 17 19 0.327
128 207 8 10 0.322
566 241 15 19 0.322
1009 254 13 17 0.238
723 234 21 23 0.238
205 246 16 17 0.225
96 227 13 15 0.214
94 229 12 14 0.209
950 263 12 15 0.195
828 204 11 13 0.162
974 256 16 21 0.149
89 213 11 19 0.149
1008 236 15 21 0.141
508 246 16 17 0.131
567 231 18 29 0.129
461 238 13 17 0.101
218 229 13 14 0.101
145 218 13 17 0.094
226 232 11 13 0.090
552 231 14 17 0.089
950 265 14 19 0.086
0 197 9 12 0.068
189 225 13 16 0.068
457 227 12 17 0.065
91 218 19 25 0.064
589 247 16 18 0.060
864 253 13 21 0.055
946 260 21 18 0.050
248 225 11 14 0.049
54 212 11 16 0.048
857 258 16 23 0.046
216 228 10 13 0.045
39 247 15 20 0.043
856 261 12 18 0.041
966 251 16 17 0.038
517 218 14 18 0.036
118 14 16 16 0.036
104 215 11 20 0.035
727 225 23 28 0.034
124 0 9 9 0.032
850 228 11 13 0.032
208 229 29 16 0.030
404 207 11 15 0.029
128 219 13 20 0.029
553 238 14 17 0.028
78 209 29 43 0.025
222 230 23 19 0.024
940 263 16 15 0.023
771 236 16 21 0.022
1 224 15 19 0.022
126 227 13 15 0.021
286 238 11 17 0.020
