2_Demonstration_Political_Rally_2_57
59
493 164 33 42 0.825
896 255 33 42 0.816
147 132 32 37 0.808
782 147 30 40 0.805
213 145 34 44 0.801
79 138 34 45 0.799
360 142 33 39 0.798
528 153 32 37 0.795
485 307 51 65 0.787
758 144 28 37 0.786
275 201 33 43 0.784
588 132 34 48 0.771
945 169 28 35 0.768
827 122 32 44 0.764
664 181 30 40 0.763
281 145 27 37 0.759
385 122 29 39 0.751
465 150 24 40 0.743
928 212 25 34 0.696
1 124 20 41 0.682
259 129 22 30 0.658
920 171 23 31 0.650
642 146 24 35 0.640
485 133 24 31 0.565
444 79 21 24 0.538
932 152 23 28 0.511
106 116 27 35 0.389
7 126 20 36 0.372
755 145 55 38 0.226
466 139 35 46 0.212
918 168 50 34 0.205
105 151 24 28 0.175
406 147 24 31 0.157
1016 142 8 31 0.146
849 233 25 32 0.130
754 189 19 23 0.126
12 128 18 26 0.124
344 152 21 27 0.118
413 147 30 28 0.090
432 149 17 25 0.076
701 180 28 37 0.070
287 117 20 29 0.067
472 108 23 29 0.056
275 127 23 28 0.056
1016 153 8 30 0.056
11 131 36 36 0.049
111 109 26 31 0.043
1015 245 9 33 0.043
711 183 25 36 0.038
28 138 19 27 0.038
423 146 33 31 0.038
554 102 21 29 0.037
397 142 25 31 0.035
271 142 27 35 0.035
642 132 23 39 0.024
1012 139 12 28 0.023
110 129 22 27 0.022
126 134 25 33 0.022
137 135 27 31 0.021
