2_Demonstration_Protesters_2_646
32
346 251 105 133 0.877
473 212 78 104 0.852
654 218 75 93 0.846
227 193 50 68 0.812
980 223 42 51 0.804
592 179 23 30 0.759
334 184 23 30 0.746
390 179 19 24 0.715
810 347 69 89 0.697
452 165 47 67 0.674
569 223 37 48 0.657
282 172 20 23 0.562
119 168 35 42 0.561
190 187 17 20 0.302
746 194 16 21 0.274
90 197 25 35 0.250
90 183 24 29 0.154
4 189 33 44 0.132
435 184 18 22 0.128
415 179 14 19 0.096
43 83 33 54 0.077
374 184 15 19 0.051
854 473 95 39 0.046
123 184 29 37 0.043
434 180 27 33 0.041
417 185 16 21 0.034
733 197 34 23 0.028
543 195 22 23 0.027
746 189 14 16 0.026
411 173 15 18 0.025
584 229 26 39 0.022
361 190 15 21 0.022
