2_Demonstration_Demonstrators_2_547
28
682 137 56 81 0.851
821 137 46 58 0.836
217 140 55 68 0.830
484 163 43 50 0.817
642 161 42 55 0.807
879 177 39 46 0.793
0 212 29 43 0.766
415 191 33 40 0.727
458 199 31 42 0.705
989 206 30 52 0.695
934 202 30 41 0.588
761 214 27 34 0.535
167 162 43 51 0.531
92 215 32 41 0.290
201 185 27 38 0.079
362 190 31 37 0.069
771 207 19 23 0.068
169 212 32 39 0.052
353 199 39 41 0.041
36 240 38 44 0.038
980 214 32 49 0.038
795 205 18 22 0.032
588 234 32 41 0.029
49 229 38 43 0.029
776 205 15 18 0.025
732 205 28 34 0.025
128 207 26 37 0.024
201 201 26 35 0.022
