2_Demonstration_Demonstration_Or_Protest_2_619
164
856 103 14 17 0.727
908 117 15 21 0.711
807 86 13 15 0.653
294 176 12 16 0.645
990 194 16 19 0.637
202 151 15 18 0.632
417 393 15 19 0.631
501 112 12 14 0.631
818 139 14 18 0.628
678 97 14 17 0.624
946 224 16 18 0.618
527 126 13 16 0.614
553 113 12 15 0.609
579 151 13 19 0.609
201 227 16 22 0.601
393 127 12 15 0.583
595 23 10 12 0.580
496 132 12 15 0.573
647 138 13 19 0.562
418 114 12 14 0.557
891 183 17 22 0.552
432 95 12 15 0.548
735 48 11 14 0.530
759 116 11 14 0.506
454 114 12 15 0.496
157 198 13 17 0.482
572 129 13 15 0.481
472 543 18 20 0.478
558 194 14 18 0.477
786 179 14 21 0.477
258 130 14 17 0.458
650 184 15 17 0.425
429 184 14 17 0.424
551 15 8 10 0.420
620 114 12 15 0.408
983 255 14 20 0.377
22 143 9 10 0.366
224 351 16 21 0.359
781 148 13 15 0.349
819 150 14 22 0.302
334 133 14 17 0.302
847 250 15 21 0.290
282 136 11 15 0.289
738 138 12 14 0.277
253 234 15 18 0.271
213 162 13 17 0.266
205 198 14 18 0.254
248 256 13 20 0.249
797 111 13 16 0.249
273 157 13 17 0.246
474 123 11 13 0.241
96 251 13 18 0.241
201 267 15 21 0.240
985 286 14 20 0.238
0 152 10 16 0.219
418 264 16 20 0.203
549 140 12 16 0.198
908 37 11 15 0.193
627 234 12 19 0.189
496 123 13 28 0.187
339 108 13 17 0.174
365 148 14 18 0.173
10 149 11 15 0.172
294 120 14 15 0.163
462 206 15 19 0.154
501 178 18 24 0.148
679 203 12 19 0.147
464 201 16 20 0.145
577 132 14 41 0.144
355 86 13 17 0.144
241 192 16 20 0.136
535 257 14 16 0.136
14 145 12 12 0.125
429 288 15 19 0.123
517 106 11 12 0.121
369 150 13 16 0.108
615 171 13 17 0.107
9 146 23 12 0.106
780 207 13 18 0.106
283 130 20 17 0.104
759 108 12 17 0.104
457 111 13 16 0.102
421 163 12 16 0.101
282 129 14 24 0.101
389 121 32 18 0.098
0 150 20 14 0.092
881 144 13 17 0.091
782 135 12 53 0.090
869 260 16 19 0.088
648 268 13 21 0.086
546 128 17 31 0.083
736 118 11 15 0.082
760 167 14 16 0.080
396 180 15 19 0.079
410 189 13 17 0.077
638 133 23 21 0.074
223 206 17 18 0.073
384 344 17 20 0.068
465 119 23 18 0.068
554 197 15 19 0.068
335 124 13 21 0.066
291 266 19 23 0.065
761 102 12 15 0.064
418 188 14 17 0.064
371 94 11 13 0.062
2 146 25 16 0.062
342 101 14 23 0.062
232 158 13 16 0.060
735 123 12 19 0.056
736 122 34 25 0.054
850 254 18 21 0.054
342 95 12 17 0.054
340 94 22 28 0.052
921 198 14 16 0.052
707 210 17 20 0.051
318 167 12 18 0.051
290 125 15 19 0.050
294 277 17 19 0.048
208 267 15 20 0.047
270 81 15 18 0.047
554 15 8 9 0.047
867 128 15 17 0.047
289 260 18 22 0.046
474 547 20 22 0.044
783 190 13 24 0.042
887 180 12 18 0.041
554 140 12 17 0.040
875 134 14 19 0.039
786 296 16 20 0.039
266 124 13 17 0.037
313 367 19 22 0.037
516 241 13 20 0.036
247 231 15 20 0.035
459 130 16 17 0.034
152 198 13 17 0.033
159 202 14 20 0.032
156 206 14 18 0.031
195 268 16 21 0.031
817 139 19 27 0.030
425 269 14 18 0.030
895 265 14 16 0.029
457 208 15 17 0.029
756 166 14 19 0.028
519 246 15 20 0.028
57 142 12 14 0.027
492 210 18 20 0.026
553 117 28 17 0.026
413 265 15 18 0.025
106 143 13 17 0.025
405 189 14 17 0.025
61 138 11 13 0.025
426 154 13 18 0.024
885 133 12 66 0.024
374 154 11 14 0.023
260 86 13 16 0.023
786 149 14 17 0.022
423 147 14 17 0.022
471 112 10 19 0.021
846 245 14 19 0.021
497 217 15 25 0.021
374 93 11 12 0.020
909 192 21 19 0.020
212 264 16 20 0.020
843 246 14 22 0.020
