2_Demonstration_Demonstration_Or_Protest_2_176
23
542 290 31 37 0.843
65 295 34 44 0.831
753 279 30 42 0.804
573 293 26 33 0.741
358 300 28 34 0.707
479 319 21 28 0.699
936 324 20 24 0.546
630 312 23 26 0.541
134 330 13 16 0.462
816 320 18 22 0.386
258 325 13 15 0.283
192 334 14 15 0.217
872 326 20 21 0.152
317 331 17 21 0.150
138 320 14 20 0.091
911 310 17 20 0.070
140 315 15 20 0.068
978 313 18 23 0.048
817 316 17 18 0.035
458 332 15 19 0.029
254 322 14 16 0.029
1003 312 20 22 0.021
933 313 16 19 0.020
