2_Demonstration_Political_Rally_2_117
86
588 195 31 41 0.803
792 214 22 24 0.784
381 214 27 33 0.780
64 195 19 26 0.756
839 202 27 36 0.754
287 195 21 29 0.748
632 201 24 35 0.691
25 205 21 24 0.682
730 218 26 34 0.674
955 190 24 33 0.626
879 193 25 39 0.619
478 193 10 12 0.605
780 203 15 16 0.594
454 195 11 14 0.585
415 210 15 18 0.584
144 207 14 20 0.576
806 188 13 16 0.533
123 215 16 25 0.532
372 183 8 10 0.433
176 198 8 12 0.431
360 197 9 13 0.387
263 214 14 21 0.339
784 198 15 20 0.316
347 187 8 9 0.235
796 192 18 14 0.221
265 188 11 19 0.220
694 205 17 24 0.216
526 191 8 10 0.204
123 212 31 25 0.198
399 188 10 10 0.171
421 187 9 9 0.171
528 192 12 11 0.170
534 192 8 11 0.166
267 185 9 13 0.157
397 190 8 9 0.143
511 193 8 12 0.142
763 181 8 10 0.139
729 183 9 9 0.123
193 231 20 23 0.122
362 198 9 14 0.118
263 198 12 26 0.114
542 228 11 14 0.111
405 187 10 9 0.096
736 179 7 11 0.088
762 206 12 16 0.083
206 195 10 14 0.080
1 203 11 16 0.079
486 175 8 11 0.078
767 180 10 14 0.075
449 195 36 14 0.071
867 188 11 16 0.066
761 209 14 19 0.065
544 185 10 9 0.065
726 182 9 11 0.062
531 194 9 10 0.061
540 186 13 12 0.059
200 194 12 13 0.059
346 189 8 11 0.056
508 193 23 9 0.055
824 176 11 13 0.054
747 194 9 13 0.053
758 182 13 13 0.052
411 204 17 21 0.048
405 186 17 9 0.042
260 188 13 19 0.039
627 196 22 33 0.038
871 203 22 34 0.037
685 233 17 22 0.036
368 218 9 13 0.035
679 196 16 21 0.033
761 180 7 9 0.032
540 228 14 20 0.031
472 171 7 9 0.030
354 198 12 14 0.030
768 179 9 8 0.029
369 182 12 15 0.027
197 194 10 13 0.027
123 323 20 34 0.025
59 194 20 25 0.025
370 185 21 8 0.024
501 173 8 9 0.023
366 216 14 20 0.023
682 182 10 25 0.023
355 193 16 15 0.022
786 176 10 9 0.022
715 187 16 12 0.020
