2_Demonstration_Demonstrators_2_781
40
547 143 55 80 0.864
695 220 47 53 0.828
463 200 41 53 0.824
536 211 33 43 0.798
393 195 24 33 0.796
925 272 37 41 0.785
237 132 32 51 0.736
253 168 53 69 0.733
930 228 27 33 0.709
533 192 20 27 0.554
860 247 15 18 0.510
760 227 24 29 0.456
439 224 9 11 0.438
108 227 15 19 0.418
757 252 24 30 0.350
979 251 15 22 0.271
999 240 17 22 0.268
815 229 21 21 0.267
129 217 13 16 0.266
791 239 13 18 0.173
889 241 16 17 0.171
654 189 7 8 0.161
1013 248 11 22 0.119
358 205 12 20 0.118
422 222 8 12 0.113
985 244 28 23 0.109
441 223 8 10 0.108
665 145 10 11 0.102
501 206 22 35 0.093
661 226 11 16 0.077
767 226 18 23 0.076
107 224 34 20 0.071
855 247 15 17 0.069
857 245 39 18 0.060
1014 255 10 20 0.059
132 223 13 17 0.050
743 227 13 19 0.048
983 245 17 23 0.029
903 235 42 25 0.023
727 220 28 35 0.020
