2_Demonstration_Demonstration_Or_Protest_2_771
56
470 128 98 134 0.898
673 472 25 33 0.795
134 457 21 24 0.703
801 496 22 23 0.688
2 482 16 19 0.616
256 274 14 17 0.579
293 284 16 18 0.547
272 300 14 16 0.540
51 485 15 19 0.521
341 319 17 21 0.431
915 124 13 18 0.416
309 297 14 18 0.401
317 358 14 17 0.399
185 96 24 31 0.323
373 311 17 20 0.320
268 335 15 18 0.306
381 356 18 22 0.278
730 177 19 26 0.254
296 317 14 17 0.242
690 168 16 21 0.220
897 142 11 14 0.187
276 322 14 19 0.175
736 315 14 19 0.171
351 345 16 20 0.166
759 167 16 22 0.156
985 157 16 19 0.154
1014 158 10 16 0.147
268 286 18 34 0.106
143 87 29 38 0.105
393 310 14 18 0.102
278 248 13 17 0.094
276 358 18 19 0.079
668 172 13 18 0.068
761 173 15 24 0.067
390 292 13 17 0.061
243 325 15 19 0.059
227 282 14 18 0.059
272 269 12 100 0.059
759 166 13 16 0.051
67 494 11 15 0.049
389 300 15 30 0.046
668 177 15 19 0.045
688 163 17 18 0.040
918 153 12 17 0.040
896 176 14 17 0.038
983 164 16 20 0.033
196 277 15 19 0.032
729 171 17 26 0.031
632 431 8 11 0.030
708 322 10 12 0.029
284 358 15 19 0.027
896 142 12 25 0.025
672 209 17 21 0.024
370 281 14 19 0.023
101 484 16 19 0.021
130 461 19 21 0.021
