2_Demonstration_Protesters_2_46
65
739 440 95 133 0.869
824 63 75 95 0.857
80 51 59 75 0.851
479 557 97 150 0.846
338 71 65 95 0.845
432 500 87 141 0.842
494 149 74 106 0.841
647 268 75 128 0.837
261 147 68 105 0.834
958 117 64 86 0.815
927 45 57 74 0.814
127 105 67 101 0.813
930 210 75 107 0.812
270 14 57 68 0.804
801 597 78 123 0.789
756 45 58 71 0.782
59 244 70 111 0.780
573 552 99 150 0.778
363 338 115 112 0.775
614 94 62 91 0.772
618 614 101 113 0.770
724 195 69 82 0.761
41 22 55 69 0.749
761 126 58 71 0.748
0 428 40 140 0.732
0 100 18 79 0.728
922 583 99 141 0.726
238 80 63 85 0.722
390 116 50 68 0.720
253 456 83 112 0.684
953 522 71 136 0.675
550 28 70 85 0.632
252 523 113 168 0.580
828 20 45 54 0.511
468 143 69 92 0.439
359 345 71 87 0.428
134 0 36 44 0.355
196 17 47 58 0.355
847 421 72 106 0.325
575 58 56 81 0.252
589 83 65 86 0.248
0 26 20 56 0.242
430 5 47 59 0.215
468 138 50 68 0.160
238 113 51 62 0.134
532 42 61 87 0.121
913 0 47 48 0.115
583 88 49 64 0.097
712 158 48 67 0.083
819 422 90 131 0.072
554 24 56 60 0.065
402 334 75 88 0.062
231 269 65 76 0.058
1009 21 15 56 0.053
252 471 102 147 0.046
726 5 52 56 0.045
1009 223 15 71 0.033
587 560 75 96 0.033
566 38 49 61 0.031
738 2 55 37 0.027
995 444 29 76 0.026
748 39 43 62 0.026
455 12 55 61 0.026
557 583 79 131 0.025
721 149 50 62 0.023
