2_Demonstration_Protesters_2_12
29
373 316 50 71 0.851
290 278 55 65 0.850
20 348 54 69 0.843
919 325 53 66 0.824
634 342 54 74 0.818
768 286 41 47 0.804
397 263 38 45 0.804
683 276 44 57 0.798
828 328 48 61 0.794
48 303 57 69 0.793
174 299 54 61 0.786
592 308 51 57 0.777
485 308 53 64 0.695
416 333 44 59 0.681
643 311 48 62 0.605
666 583 31 56 0.575
1009 317 15 51 0.362
821 285 31 36 0.267
336 320 30 41 0.200
215 288 27 36 0.163
913 309 47 63 0.106
721 307 23 34 0.103
247 307 32 40 0.057
139 312 36 44 0.056
224 291 19 26 0.041
770 322 42 53 0.041
489 358 35 41 0.025
767 303 45 54 0.025
132 323 39 46 0.021
