2_Demonstration_Protesters_2_213
36
591 549 66 78 0.842
365 302 72 100 0.840
959 591 56 70 0.833
754 543 37 49 0.801
845 699 62 69 0.755
525 470 22 26 0.717
240 289 57 66 0.697
117 456 23 30 0.653
48 399 13 17 0.594
68 422 14 18 0.553
494 476 15 22 0.465
69 393 9 12 0.459
0 421 11 16 0.451
20 401 12 13 0.355
99 404 12 15 0.247
23 420 12 13 0.221
1 399 7 12 0.219
0 433 11 25 0.170
97 398 11 14 0.142
710 376 8 9 0.122
21 400 13 27 0.114
0 396 9 25 0.100
913 650 14 23 0.097
1 415 13 30 0.095
44 309 8 9 0.094
104 407 12 15 0.062
773 608 42 51 0.053
100 409 14 16 0.053
28 419 13 13 0.045
24 386 12 11 0.039
277 296 38 52 0.038
68 408 13 27 0.037
557 413 13 18 0.035
949 378 10 12 0.031
680 378 8 9 0.029
21 423 15 18 0.026
