25_Soldier_Patrol_Soldier_Patrol_25_515
41
787 308 17 24 0.780
835 314 17 23 0.722
804 294 19 25 0.719
56 308 15 20 0.712
536 312 15 19 0.689
700 317 16 21 0.681
668 312 17 21 0.668
721 302 18 24 0.666
911 311 16 21 0.666
563 336 14 18 0.664
373 320 13 19 0.663
367 297 13 18 0.660
522 317 12 17 0.649
638 310 19 24 0.645
886 327 19 24 0.639
477 320 14 19 0.636
415 318 14 17 0.618
394 312 14 17 0.614
615 323 14 17 0.603
861 305 15 20 0.601
577 324 14 18 0.595
461 315 12 18 0.547
440 332 11 16 0.441
788 304 26 26 0.311
734 326 17 19 0.279
458 316 27 19 0.206
138 302 8 10 0.168
617 311 16 21 0.115
754 312 18 21 0.099
622 307 14 18 0.089
760 315 16 20 0.081
174 301 8 10 0.079
645 300 17 20 0.075
387 312 28 19 0.074
445 312 32 26 0.063
741 319 18 22 0.046
730 320 23 27 0.041
651 298 15 18 0.026
906 313 15 24 0.026
853 306 16 20 0.021
92 303 8 9 0.020
