25_Soldier_Patrol_Soldier_Patrol_25_1029
38
255 361 57 68 0.848
121 437 61 76 0.842
610 295 39 44 0.831
580 141 32 44 0.831
458 179 46 53 0.829
247 179 43 54 0.826
555 327 31 39 0.822
873 170 42 47 0.807
659 310 38 41 0.807
517 385 41 62 0.803
156 197 49 61 0.785
500 182 32 44 0.754
718 184 36 48 0.729
737 141 58 76 0.673
656 193 28 38 0.644
435 161 9 12 0.549
389 180 9 11 0.258
423 174 8 10 0.121
652 188 22 36 0.121
398 185 8 9 0.116
664 196 30 43 0.108
408 182 9 10 0.093
407 166 8 10 0.061
548 165 14 16 0.056
725 174 42 60 0.051
506 159 15 21 0.043
430 161 11 16 0.041
461 154 10 10 0.041
597 219 21 26 0.040
551 162 12 15 0.038
643 186 18 24 0.038
408 167 11 17 0.033
544 172 11 14 0.032
505 154 14 18 0.032
713 183 27 41 0.031
546 169 14 16 0.029
619 221 25 25 0.025
458 158 14 17 0.021
