25_Soldier_Patrol_Soldier_Patrol_25_700
31
80 428 26 30 0.763
478 415 19 24 0.705
544 369 29 42 0.647
172 389 25 35 0.632
584 413 21 25 0.530
221 407 20 26 0.521
432 416 14 20 0.502
888 383 19 26 0.375
107 400 19 25 0.362
53 395 17 20 0.188
52 420 18 23 0.146
111 394 18 25 0.114
624 424 16 21 0.110
508 417 13 17 0.102
226 413 20 23 0.096
457 421 13 18 0.093
180 396 22 31 0.091
112 404 19 30 0.087
63 393 18 21 0.083
122 420 16 20 0.076
593 410 14 22 0.064
233 416 25 23 0.056
212 405 21 25 0.050
57 395 20 24 0.042
103 407 18 21 0.037
51 395 22 32 0.035
408 427 14 17 0.026
574 415 21 24 0.026
243 420 22 21 0.024
630 429 14 19 0.023
407 423 23 19 0.021
